  -6.5574851452693939e+06	   7.2331020561780725e+06	
  -7.5730776647910429e+06	   7.8062408252515299e+06	
  -6.2526360349979214e+06	   7.0104425614413070e+06	
  -8.0762429951596428e+06	   8.1759763323510913e+06	
  -7.2227707200166639e+06	   7.5101912694098195e+06	
  -7.1188126174933612e+06	   7.4247444016693346e+06	
  -7.5269435124513619e+06	   7.7532364221994597e+06	
  -6.6199923594385497e+06	   7.2856684931199960e+06	
  -6.8555039306678418e+06	   7.3775633881623270e+06	
  -6.6933779979202524e+06	   7.3307449022607496e+06	
  -6.3147410976281837e+06	   7.0581387083060257e+06	
  -7.6453895276472932e+06	   7.9007539203480426e+06	
  -6.2408886094311606e+06	   7.0012997389468979e+06	
  -7.9706578686854439e+06	   8.1080615435151029e+06	
  -6.1181378366636224e+06	   0.0000000000000000e+00	
  -7.7380757402044991e+06	   7.9184090309749320e+06	
  -7.5344566930636484e+06	   7.7707923122420963e+06	
  -6.1181378366636261e+06	   0.0000000000000000e+00	
  -7.4036181120140757e+06	   7.6879011649118308e+06	
  -6.4654734694820344e+06	   7.1659459441039497e+06	
  -7.1750506202235585e+06	   7.4747923292841902e+06	
  -7.3373659105119342e+06	   7.6226234233752759e+06	
  -6.3939181345302369e+06	   7.1166602819583118e+06	
  -8.0204553035958968e+06	   8.1413532581437994e+06	
  -6.1756514561651330e+06	   6.9455780466340622e+06	
  -8.2329991520267474e+06	   8.3642544118628120e+06	
  -8.1296653528597541e+06	   8.2385320084805889e+06	
  -6.2214961293920241e+06	   6.9854122641900862e+06	
  -7.1255084510336537e+06	   7.4523790363245895e+06	
  -7.6672196005199356e+06	   7.9172303064908022e+06	
  -8.0491765025561266e+06	   8.1447344130885256e+06	
  -6.5662345321173351e+06	   7.2389854855226595e+06	
  -8.1599409405375104e+06	   8.2567946487914398e+06	
  -6.4841271063652374e+06	   7.1810242633726234e+06	
  -6.4369560764280502e+06	   7.1478804050799403e+06	
  -6.6490321271643639e+06	   7.3007857457981864e+06	
  -8.2398527397932094e+06	   8.3795069036575221e+06	
  -6.1183850442377366e+06	   6.8793510066072950e+06	
  -6.5297281596546639e+06	   7.2142419609012352e+06	
  -6.3484325045691561e+06	   7.0829673898819489e+06	
  -8.2231949098501606e+06	   8.3286603376367847e+06	
  -6.7148605291305333e+06	   7.3503450497909430e+06	
  -7.9070756801476795e+06	   8.0913818223765893e+06	
  -6.7450244776806757e+06	   7.3626339088597177e+06	
  -7.9853371051786002e+06	   8.1125946459199600e+06	
  -6.1383830371060148e+06	   6.9096309073361894e+06	
  -7.3012074048678931e+06	   7.5939431651053503e+06	
  -6.6893354443577956e+06	   7.3242033096834850e+06	
  -7.7883887083631642e+06	   7.9902870646050107e+06	
  -8.0006535333380308e+06	   8.1240170514468281e+06	
  -8.1011044563833177e+06	   8.1988353221989740e+06	
  -6.9816979908589199e+06	   7.3854606770149153e+06	
  -6.4955307893502563e+06	   7.1891314021251649e+06	
  -8.2724918126117568e+06	   8.4808156419267002e+06	
  -6.5945157389657367e+06	   7.2693699321014453e+06	
  -6.1945724039701689e+06	   6.9627603452430153e+06	
  -6.3718016383190323e+06	   7.1009671919349870e+06	
  -8.1700105807027370e+06	   8.2789542186105475e+06	
  -6.3343460653638057e+06	   7.0726759318676163e+06	
  -6.1831118260056805e+06	   7.0233311794405626e+06	
  -6.6691950729147829e+06	   7.3069417852531048e+06	
  -6.1185919650045857e+06	   6.8809968469135808e+06	
  -7.2254301256473288e+06	   7.5191965542253768e+06	
  -7.2310270289604422e+06	   7.5928006041091029e+06	
  -7.1793764927945789e+06	   7.4807271514816685e+06	
  -7.8166237098398656e+06	   8.0834007832565578e+06	
  -6.2204203510449678e+06	   6.9847714196751956e+06	
  -6.2923509460040554e+06	   7.0408499175729072e+06	
  -7.9802716359676681e+06	   8.1087178982506869e+06	
  -7.8107566339200102e+06	   8.0635999651885973e+06	
  -8.2145782769997027e+06	   8.3219186856457721e+06	
  -6.5160161230534706e+06	   7.2038895142509351e+06	
  -6.3984388034910131e+06	   7.1201905987214129e+06	
