   5.9926863574253331e-01	   5.0243620458033600e-01	  -6.4671606061420861e-02	  -8.6836278582365145e-01	   8.2585732005253600e+00	   1.0111630710693641e+01	   3.1783689115148288e+00	   3.4839052368052132e+00	   4.7503663362651780e+00	   8.5970998774318108e+00	   1.2119493696011092e+00	   1.6918070887697972e+01	   8.9174089189934573e+00	   1.5376236770905313e+01	  -2.8630338512952436e-01	  -1.0610333082067240e-01	   4.5906012138877111e-01	   1.6863217488374558e+00	   3.5625386321400199e+00	   2.5721272163032554e+00	
   6.1660193418136378e-01	   1.6757443489352289e-01	   1.1397653928860485e+01	   4.4288469439379483e+00	   9.7640315066542858e+00	   9.4634855985913866e+00	   3.0788997483766485e+00	   4.8933441833688027e+00	   1.0785349688742777e+01	   8.3144971167675727e+00	   1.7151045514314474e+00	   5.4994075613154596e+00	   5.1089833040021482e+00	   9.8946148944767671e+00	   7.4300423181695685e-01	   1.8466095619107203e+00	   2.5225908403003507e+00	   1.8401057648518457e+00	   3.0107252260306430e+00	   1.1752878701473635e+00	
   6.5635759033369423e-01	   4.0198214863520043e-01	   8.7453440652074335e+00	   2.0258917445614770e+00	   4.8256726594838613e+00	   8.0431001749300020e+00	   3.3751944992716849e+00	   8.0388667866134682e+00	   6.3080897867574119e+00	   1.0223510199847848e+01	   5.0772467731838500e+00	   5.9821285481697117e+00	   7.4528978196782463e+00	   9.7427041772286831e+00	   8.9924351690392224e-01	   1.2520236375202600e+00	   2.3247723772758868e+00	   2.5262224026885938e+00	   3.1304204556044701e+00	   2.5245653521379516e+00	
   4.6602894220401941e-01	   6.6759109632545624e-02	   5.4820026559566362e+00	  -8.6198576060777121e-01	   4.2924078517662068e+00	   9.1741603900641664e+00	   3.0658695721532565e+00	   5.3331129485785915e+00	   9.7250099248205188e+00	   6.2558720460292383e+00	   4.1090469693329936e+00	   4.4656636988383589e+00	   5.7457004462544701e+00	   1.0859917841414845e+01	  -9.2083401205540039e-02	   1.3526871334906843e+00	   4.1177905090066524e-01	   1.9420350085132414e+00	   2.8155001027759186e+00	   1.4210274841870580e+00	
   7.6293176235073989e-01	   1.3904260095677901e-01	   1.2468241654117996e+01	  -1.6746435839862839e+00	   1.0448104085036663e+01	   9.4843766317241194e+00	   3.0702521492901722e+00	   1.5903660272822002e+01	   1.1653136583129816e+01	   9.4517844821213046e+00	   1.3125599760414208e+00	   1.2580510094288270e+01	   4.5093863748468666e+00	   2.9294101490652213e+00	   4.2421301402175116e-01	   1.9318037380889410e+00	   5.1322677465575317e-01	   2.9722193027405703e+00	   3.3671264085960306e+00	   2.5009583177401176e+00	
   7.7464252779202147e-01	   1.4356520617248009e-01	   1.2791494476918523e+01	  -9.8581761302498772e-01	   1.0609928704578234e+01	   9.4826942719928695e+00	   3.0767809595514692e+00	   1.6024716245059636e+01	   1.1568547695244730e+01	   1.1160767822040704e+01	   1.1629380203535264e+00	   1.1725996001473298e+01	   4.5730045311951510e+00	  -9.7275912223891581e-01	  -1.2302132382769448e-01	   1.9598530177545481e+00	   5.4000162661611428e-01	   3.5913338150479914e+00	   3.3631311360687453e+00	   2.5681811282382387e+00	
   7.5927616588586022e-01	   1.4438728983825921e-02	   3.6145862084382610e+00	  -2.8041082426558361e-01	   7.5431874986760903e+00	   1.0067703540816188e+01	   3.0773158552614910e+00	   1.7968863206949141e+01	   1.3891471553003365e+01	   5.8762235775659670e+00	   4.1919332479968743e+00	   5.8932448890135234e+00	   4.9824827525905633e+00	   1.2909033843653258e+01	   3.1465806486356271e+00	   8.9439214096264499e-02	   2.8211148152148948e+00	   1.7011008699060846e+00	   3.0437640549924074e+00	   1.2130363295341517e+00	
   7.1623435043691130e-01	   5.3933239311899095e-01	  -9.3064202569651355e-01	   1.7212551889349585e+00	   7.9773903741528525e+00	   7.7428530788500378e+00	   3.2865816196596960e+00	   5.5213783132795911e+00	   9.8229376766971939e+00	   8.7931592324313037e+00	   6.3114895041088328e+00	   1.9536150168705286e+00	   7.5654472446312377e+00	   1.1040301436167610e+01	   9.6877191980308519e-01	   2.8633879807950946e-01	   8.7731855337964593e-01	   1.7607299115073822e+00	   2.9079362567440978e+00	   2.5044006350607830e+00	
   7.7031298298663053e-01	   1.2033523454147566e-01	   1.3237040117458214e+01	   7.7881026060894643e+00	   3.8412502142218585e-01	   8.2081026819529335e+00	   2.8230525344885349e+00	   1.5567485780609125e+01	   1.2095413413035711e+01	   1.1500844391296294e+01	   1.6470413750845674e+00	   1.0587504044517363e+01	   7.8697288942485715e+00	   1.2548609063687334e+01	   4.2630090621899785e-01	   2.1332609882684603e+00	   6.4093132363522287e-01	   8.4995257945073188e-01	   3.3120437231964828e+00	   2.3894904189868900e+00	
   6.1773349874751493e-01	   3.7453302067645577e-01	  -9.0331339494238772e-01	  -3.0580762966745345e-01	   8.0588007667557271e+00	   9.9681035605485313e+00	   3.2302113796442273e+00	   3.6152280400949159e+00	   5.0383086168532865e+00	   8.9454713699689421e+00	   1.3650614624816813e+00	   1.4983065743056967e+01	   7.8962539969448073e+00	   1.1323131966780256e+01	  -8.3507058204601137e-02	   9.4740680383288423e-03	   4.7012722290267595e-01	   1.7758041068534234e+00	   3.4760428166775372e+00	   2.5137831574874325e+00	
   6.1226358335652986e-01	   1.8204355761353500e-01	   7.9588473457988345e+00	   1.9713533995335570e+00	   8.0108826609809540e+00	   7.2306310396520530e+00	   3.3379040209281077e+00	   1.8477527018395090e+00	   5.5147600490486273e+00	   9.8695383158915106e+00	   9.5501124792073515e+00	   1.3928346763555982e+01	   6.6932072831043747e+00	   7.3767841438601831e+00	  -1.9904673511950766e-01	   2.1894725679315846e-01	   2.6779550871138067e+00	   2.1799929301637384e+00	   3.4993377050616732e+00	   2.3379411992199954e+00	
   7.7102714211668233e-01	   1.3764790499569124e-01	   9.6601824891298591e+00	  -6.7300009872000655e-01	   8.0339595118748548e+00	   9.4309876445894592e+00	   3.0691034304263436e+00	   1.2441305642814308e+01	   1.2543315433258710e+01	   9.2401227003095556e+00	   2.8398774626613674e+00	   8.7606732582161495e+00	   5.0382187943670971e+00	   3.8988111459689154e+00	   2.1763713093930326e-02	   1.2788917757230569e+00	   5.4094172580598254e-01	   2.9272115706421280e+00	   3.2061075092316895e+00	   1.9916282445893772e+00	
   6.8406780781649190e-01	   4.7397303637949600e-01	   4.8002520141621599e+00	   5.5002936380651368e+00	   8.0521288621114984e+00	   6.5429525971431506e+00	   3.3791276907245242e+00	   4.3522970187973886e+00	   6.0756180316713362e+00	   9.9970560988537986e+00	   1.7844765488280441e+00	   4.2797561238303974e+00	   8.6652064943232912e+00	   1.0868353456163245e+01	   1.2443728861867214e+00	   1.6442285213561296e+00	   1.7019727729620495e+00	   2.8487345008507008e+00	   3.1254445267986926e+00	   2.2867012093318313e+00	
   2.0873704845156016e-01	  -3.1696009593023780e-02	   3.4488470503031401e+00	   1.9045918676092000e-01	   2.3277127435511438e+00	   8.9602644295670828e+00	   3.0762916467487917e+00	   1.3626271682624292e+01	   1.4733198846702519e+01	   5.6353240511291744e+00	   3.7517011649724989e+00	   1.9195394680170812e+00	   6.1254235819992768e+00	   1.3253506343276506e+01	  -3.1220679918214567e-01	   2.2235465890628978e+00	   3.7355622510044462e-01	   1.6913651682697797e+00	   2.3175127897933558e+00	   8.1836332286624158e-01	
   6.2784269603704368e-01	   3.5612712459668100e-01	   4.4134048354794597e+00	   1.2825095508506976e+00	   7.8720595260716451e+00	   8.4521158610900962e+00	   3.2734855347753666e+00	   2.9231122169233683e+00	   5.1490070408230544e+00	   9.0913618673457819e+00	   4.7830160579261651e+00	   1.3834190894998963e+01	   7.9479560421354805e+00	   1.1241020921194627e+01	   1.3677612851491716e-02	   2.9034177360336066e-01	   1.4745375357370252e+00	   1.8240753056376968e+00	   3.4678385707688415e+00	   2.3674114877722823e+00	
   7.5904136650075971e-01	   1.5065807096754518e-02	   3.6298569884854897e+00	  -2.7807491130216555e-01	   7.5375189670475615e+00	   1.0064299373369650e+01	   3.0772840611450460e+00	   1.7907430384749876e+01	   1.3871090695922284e+01	   5.8806710756895422e+00	   4.7068588456540779e+00	   5.3163397318584158e+00	   5.2150653766708528e+00	   1.2890994323135121e+01	   3.1334768030388864e+00	   9.2524458265440299e-02	   2.3132732435152361e+00	   1.7031713303724092e+00	   3.0913989977363951e+00	   1.1697217886619935e+00	
   6.5084797636268488e-01	   1.5942909725716581e-01	   1.1438256561478976e+01	   4.4638318040333296e+00	   1.0592434054984523e+01	   9.6137982864539335e+00	   3.0815295842327459e+00	   6.4538624281406491e+00	   1.0756405542053439e+01	   8.3691149510705465e+00	   1.9549175429572934e+00	   5.4936095068578394e+00	   5.1286424998470501e+00	   9.9327381617095565e+00	   1.2762151361580880e+00	   1.7289515787328225e+00	   2.5469384554866430e+00	   1.8299597402667176e+00	   3.1058257006130932e+00	   1.1738399110136499e+00	
   4.5882243561218949e-01	   5.0014795912017718e-01	   4.9260090823643310e+00	   8.0836131800676547e+00	   6.0603840067201098e+00	   1.4496772491650280e+01	   1.2649929147873349e+01	   8.3167771305532376e+00	   1.7166383531703637e+00	   1.7289746241660415e+00	   1.0439300431530089e+01	   1.2990869887728000e+01	   1.1843921085728267e+01	   4.1277519367773312e+00	   1.3106123988129720e-01	   1.6943161771065809e+00	   2.2902335811474694e+00	   3.1308901436803858e+00	   2.3393616981444376e+00	   2.8735890236306094e+00	
   6.3720631622562840e-01	   1.8384387516669010e-01	   1.2435172444731847e+01	   5.0272364031060341e+00	   1.0734479995736406e+01	   9.5135753442183777e+00	   3.0807667269937613e+00	   4.2977221344957304e+00	   1.0302354127750309e+01	   8.6717610919729129e+00	   1.2977546880426214e+00	   5.8932448890135234e+00	   4.9824827525905633e+00	   9.4873750351911745e+00	   8.7100963015536470e-01	   1.9318037380889410e+00	   2.8211148152148948e+00	   1.8564343395384557e+00	   3.0668351423351998e+00	   1.2130363295341517e+00	
   7.5927616588586022e-01	   5.1443757384430844e-01	   5.4658147980822158e-01	   1.6958634450686105e-01	   7.9033955939590612e+00	   9.4919562748808044e+00	   3.1994835037751161e+00	   4.0782453294635950e+00	   4.7775655293878216e+00	   5.8762235775659670e+00	   7.6671111249812596e-01	   1.1638291687166022e+01	   4.6264730373778340e+00	   1.3606901740084069e+01	   3.6115887639587052e-01	   9.6488510130283159e-02	   3.9579128676311515e-01	   1.8549758211981457e+00	   3.4865219792883666e+00	   2.4726047753366460e+00	
   7.6415976953667286e-01	   1.3916252224834380e-01	   1.2467110560107418e+01	  -9.5193722312984241e-01	   1.0369215302978413e+01	   9.4768378236080313e+00	   3.0765726047098285e+00	   1.5903660272822002e+01	   1.1667669576590960e+01	   1.0968234825021890e+01	   1.3018410682858557e+00	   1.1397526309143458e+01	   4.6271598201999007e+00	  -4.7680489488574551e-01	  -9.5713425821377207e-02	   1.9318037380889410e+00	   5.3226182468813266e-01	   3.5244448707616112e+00	   3.3398724324264304e+00	   2.5085919529695566e+00	
   7.6269598029967589e-01	   1.4198106318184711e-01	   1.1828086036589056e+01	   4.8289486000848179e+00	   1.0505276917772623e+01	   9.4545525661143159e+00	   3.0698113004808030e+00	   1.5062251474642871e+01	   1.1816675451846923e+01	   8.3829307239560329e+00	   1.6475825122626429e+00	   1.1614492197077976e+01	   4.6552978505315403e+00	   3.0722295875629619e+00	   3.0059426881909757e-01	   1.7979656289988635e+00	   4.8761652985391546e-01	   2.8042283379006818e+00	   3.3379993122821947e+00	   2.3879097417177118e+00	
   6.2168027817135629e-01	   3.4321090746193644e-01	   4.3710053828192983e+00	   8.2022949145981960e-01	   7.8523234604889343e+00	   8.6613650992669964e+00	   3.2619068808858995e+00	   2.7664698612623417e+00	   5.0474480764417162e+00	   8.9920954339594275e+00	   5.1116637538937519e+00	   1.4881381690481120e+01	   7.8693435350039227e+00	   1.1281866240515260e+01	  -1.2120977642338693e-01	   1.4195227968476104e-01	   1.4496100447137947e+00	   1.7117700041277488e+00	   3.5053658447375140e+00	   2.3762575433169482e+00	
   5.1854489651955360e-01	   7.9717098490071581e-02	   6.7176318500296395e+00	   2.0924387208277090e-01	   5.4969282250265472e+00	   9.2292502274875723e+00	   3.0664904459009779e+00	   7.2027253124773569e+00	   1.0065885127652699e+01	   6.6669150099726906e+00	   3.6140285951467268e+00	   5.8502342893987507e+00	   5.5320059750840755e+00	   9.3468421755705293e+00	  -1.9123713083455618e-02	   1.4551154686453609e+00	   4.2657116786399973e-01	   2.1094211723431204e+00	   2.9141386311963537e+00	   1.6115855843897886e+00	
   6.9634139973056797e-01	   4.3560398897398672e-01	   6.0070553808230009e+00	   7.0243382661157465e+00	   8.2237944645511281e+00	   5.5669897087994578e+00	   3.4280330322784893e+00	   4.6597929611783506e+00	   7.4964200740676112e+00	   1.0153047136953539e+01	   3.4699926189490711e+00	   5.9338001870324231e-02	   8.6083980581934849e+00	   1.0497303848660051e+01	   1.3762421408057040e+00	   1.7822272098834218e+00	   2.1477601553071328e+00	   2.9328582455592000e+00	   2.8170682683203108e+00	   2.2449420277501702e+00	
   7.8475780312545174e-01	   1.4755314592396452e-02	   3.6048045499412358e+00	  -3.0370878665284795e-01	   7.8890211247405091e+00	   1.0137610020261242e+01	   3.0779954548572523e+00	   1.8445422488794247e+01	   1.3861991849561948e+01	   5.8891187125773721e+00	   7.0563573299816529e+00	   2.8959523740194175e+00	   6.1933252408586990e+00	   1.2906671381402985e+01	   3.3705445149826940e+00	  -9.0957384026122412e-03	   2.1709780293436667e-01	   1.7002898915444966e+00	   3.3421187512682842e+00	   9.8070854973507016e-01	
   5.9604326040140654e-01	   8.1136208137228355e-02	   3.8688106070882453e+00	   1.2890845943564766e-03	   3.0327058876545596e+00	   9.2138779220942695e+00	   3.0611950845091527e+00	   7.9532655171096431e+00	   1.4303347927581447e+01	   5.7135494754498986e+00	   5.2125893924947349e+00	   2.9943150191068861e+00	   5.9464240972002900e+00	   1.2857879706593289e+01	   6.5618842347996587e-02	   7.0617385684754175e-01	   4.9014704271815701e-01	   1.7143587071695265e+00	   2.7398786609220558e+00	   9.2102578071873797e-01	
   6.5008129108769375e-01	   5.5804305541402266e-01	   6.9961926879094101e+00	   1.0393135783688385e+00	   7.6297071048719634e+00	   6.8952390297378425e+00	   3.3983025321428499e+00	   3.6555983610899938e+00	   8.0372690887744351e+00	   8.8735791976501783e+00	   3.5200623907941511e+00	   6.3116251582240750e+00	   8.9897527738715866e+00	   1.4438303867697581e+01	   3.8034453025668791e-01	   3.5503076678535073e-01	   5.0468002423674996e-01	   2.0580437272849208e+00	   3.3450989347218378e+00	   2.4861386368144807e+00	
   7.6073293152456023e-01	   1.4042800161849714e-01	   1.1642746607890407e+01	   4.1571255423813391e-01	  -8.9011215163762358e-01	   9.4919841878986340e+00	   2.8649537256125206e+00	   1.5459299822690827e+01	   1.2042551870767088e+01	   1.1001986652287174e+01	   1.8818603177907907e+00	   1.0473418722023851e+01	   7.5097911389089331e+00	  -4.3798781198057846e+00	   7.8339387334360122e-01	   1.8755408134698883e+00	   6.4148429196423706e-01	   2.6295902083019973e+00	   3.3314391498618647e+00	   2.2804547870810605e+00	
   7.6288345375118483e-01	   1.4459932604763304e-01	   1.0202537379440676e+01	   3.7977366337679568e+00	   8.6939116964578407e+00	   9.3906414582919702e+00	   3.0637373583429999e+00	   1.2311359320817761e+01	   1.2405524342017060e+01	   7.7972439765829762e+00	   2.5525203670485155e+00	   9.8303313706149691e+00	   4.9149850230183985e+00	   5.1224176513556916e+00	   9.3774360557887348e-02	   1.4211069588633474e+00	   4.4943101191442525e-01	   2.5723245994708863e+00	   3.2301001006450907e+00	   2.0684440495257497e+00	
   4.4444377907754673e-01	   7.7786009317342114e-02	   6.6194372510314494e+00	   1.7225817710214057e+00	   4.9483282740786034e+00	   9.1395948758607641e+00	   3.0719505988087654e+00	   7.9069722870883155e+00	   1.3016932881071584e+01	   6.6642320708933047e+00	   3.4225941626994212e+00	   3.3508689314797007e+00	   5.7737482949902095e+00	   1.1804163840714891e+01	  -9.5423776443480435e-02	   1.7611598865365918e+00	   9.9806037334389641e-01	   1.7638889562608007e+00	   2.6646333006504115e+00	   9.7289560482721194e-01	
   6.1702245831592328e-01	   6.1882780986142816e-01	  -2.5943965739254242e+00	  -8.3544453111573214e-01	   7.9596749588612363e+00	   1.0964460479054658e+01	   3.1441927161849694e+00	   4.9588877028307863e+00	   4.7415228960157982e+00	   8.5023829559985948e+00	  -1.7226003219967101e+00	   1.6657831744965936e+01	   9.5296545765045941e+00	   1.7119121268308412e+01	   6.5117905960495603e-03	  -5.7721751678849284e-02	  -1.7738622886240485e-01	   1.7880920719725411e+00	   3.5028897234076104e+00	   2.6067804812743987e+00	
   6.1454822830879063e-01	   4.6109123045416985e-02	   5.1052424363874085e+00	   7.0538186239540690e-01	   6.4139474595791475e+00	   9.6386122839194872e+00	   3.0749643737919339e+00	   1.3185198440904468e+01	   1.3442486361575545e+01	   6.2743827351786718e+00	   5.1507512779659281e+00	   3.2242577980762350e+00	   5.9433607084742395e+00	   1.2358135201358973e+01	   1.6382342957532448e+00	   8.7514863568101797e-01	   6.9427135793701189e-01	   1.7319648729029968e+00	   2.9948498149401250e+00	   9.8472203295400940e-01	
   6.1699541474327746e-01	   5.0143341288763255e-01	   5.4291405508734725e-01	  -1.0245974255425550e-01	   7.9030849334470528e+00	   1.0044739123144556e+01	   3.1894332676508736e+00	   3.8943653962897526e+00	   4.7146414338408116e+00	   8.6954743233439320e+00	   1.1780269727867501e+00	   1.6619820187988147e+01	   8.9220003358873559e+00	   1.4953641588294444e+01	  -1.2005976178415417e-01	  -5.2809869456328394e-02	   5.0362373010374073e-01	   1.7486599113738066e+00	   3.5221313868576001e+00	   2.4894587362298983e+00	
   6.9616691827559252e-01	   4.4220741990926421e-01	   3.2804799099782365e+00	   2.3993026874252998e+00	   7.7877356830419311e+00	   7.3257844535595780e+00	   3.3604526520100717e+00	   2.5808910849995401e+00	   7.9654299918538047e+00	   9.4021064110572201e+00	   4.3699600094457196e+00	   5.7035500439210285e+00	   8.7398233848524889e+00	   1.1525993856181948e+01	   7.3607758634000819e-01	   7.4148398268214000e-01	   1.5665472300584726e+00	   1.9331636829185976e+00	   3.3751790033020894e+00	   2.3761590720516956e+00	
   6.3697626847388367e-01	   3.9322591015276182e-01	  -7.1486201964687623e-01	  -8.3710385063550108e-03	   7.8632834235814952e+00	   9.8068835095415015e+00	   3.2385181633194851e+00	   3.7856376452740848e+00	   5.1806590423921905e+00	   8.9068533249616433e+00	   1.6748292659669062e+00	   1.3732779176503922e+01	   7.8617043870736865e+00	   1.1228751532638539e+01	   1.0064101743931470e-01	   7.1918534166730330e-02	   4.8522655644214291e-01	   1.7510774853811995e+00	   3.4256475417561263e+00	   2.4734007463439598e+00	
   7.6773505926255159e-01	  -1.0563561628150892e-03	   3.0646176787624295e+00	  -3.4714188949784464e-01	   7.5657224746442582e+00	   1.0150329111925879e+01	   3.0784539448089627e+00	   1.9593376550496167e+01	   1.4625833026518119e+01	   5.7159317764971966e+00	   7.2499604327783160e+00	   2.2876076330033550e+00	   6.2897188454388955e+00	   1.3558929390774198e+01	   3.4871875920459088e+00	  -2.1707738571470458e-02	   1.9796179242395234e-01	   1.6276450143985302e+00	   3.2961366662078091e+00	   8.5061277380185873e-01	
   7.2007002624883876e-01	   4.6816539855903572e-01	   6.4168959203043530e+00	   8.6814285434366276e+00	   8.5383082051741876e+00	   4.6770953788439851e+00	   3.4693516390458172e+00	   4.0075082424658808e+00	   6.6563130432026929e+00	   1.0583436258352805e+01	   1.7099328020318509e+00	  -1.5855900072452005e+00	   8.7210653786663030e+00	   9.1107576354769417e+00	   1.9217363181058504e+00	   2.4798683217526070e+00	   2.1991526817501565e+00	   3.4055573404818342e+00	   2.9411532579327440e+00	   2.1443573529841506e+00	
   6.1243757192509951e-01	   5.1792455547424698e-01	  -2.7666042614179265e-02	  -4.5788320935650828e-01	   8.1056286383620542e+00	   9.9412518321657064e+00	   3.1914477091146778e+00	   3.8831859479565285e+00	   4.9834434908263541e+00	   8.6564876222008689e+00	   1.0620119128010221e+00	   1.5685181398509954e+01	   8.9193993856420057e+00	   1.5129426659690909e+01	  -1.1899188070865729e-01	  -3.1672880348450755e-03	   4.6476578449783634e-01	   1.7742904725671369e+00	   3.5027214439868044e+00	   2.5462189333853642e+00	
   5.9912662700574026e-01	   1.2331866428000471e-01	   8.7671914175701176e+00	   9.5333480033377649e-01	   8.2982610029851998e+00	   7.2991616295324775e+00	   3.3195144613521519e+00	   4.8477000311045693e-01	   4.8043121660729682e+00	   9.1109124044899517e+00	   1.0074163680496667e+01	   1.5654879906628722e+01	   6.6763218420566375e+00	   7.6033178549457512e+00	  -5.8783807262465748e-01	  -1.8731544115730192e-02	   2.4832745508114673e+00	   1.5345613867893344e+00	   3.6074136413269091e+00	   2.2874656419831054e+00	
   2.6983951097126113e-01	   1.7636969698304729e-02	   3.6924706529467843e+00	  -2.6849713793041230e-01	   7.5142767006879367e+00	   9.0025298379714656e+00	   3.0771536980507714e+00	   1.2460246158502713e+01	   1.4246481488262274e+01	   5.8989068275201975e+00	   6.8181706774351438e+00	   2.9508976375852929e+00	   6.1687069286185352e+00	   1.2817028194275169e+01	   3.0797480616904140e+00	   2.0246871295419453e+00	   3.7527771053270609e-01	   1.7324690823670013e+00	   3.2867130754967069e+00	   9.9212233925098814e-01	
   8.0740746424179743e-01	   1.3008633012596832e-01	   1.3937077309578523e+01	   8.3527693785947008e+00	   2.1553776164283611e-01	   8.1492207133865353e+00	   2.8044554790271601e+00	   1.5797790578690408e+01	   1.1935978879825068e+01	   1.1928027373818722e+01	   1.4822465895778714e+00	   1.1197100684395394e+01	   8.0038719180485423e+00	   1.2525971888393663e+01	   4.7791314451206030e-01	   2.1413083498021566e+00	   6.6062124432555680e-01	   7.8454153629798351e-01	   3.3790403600868384e+00	   2.4998553304926143e+00	
  -4.1860028894500578e-02	  -1.1462817185093455e-01	  -9.4838454593497090e-01	   3.0668605442193964e-02	   5.0988641399681303e+00	   8.7478630242936184e+00	   3.2023716716760036e+00	   1.1716539436795600e+01	   1.5536573674861337e+01	   2.5796284515931411e+00	   5.0377655705649014e+00	  -2.5406585782341580e+00	   5.1947954384417470e+00	   2.3234439604495094e+01	  -7.2476922175724923e-01	   2.1847753427653682e+00	   2.1204980188708467e-01	   1.1946413293035238e+00	   1.8599564410426139e+00	   7.5869426456526057e-02	
   6.5621347508541183e-01	   3.9209129652733510e-01	  -1.7465661535705443e+00	   1.9180971519391332e-01	   7.1603336102273909e+00	   8.2055924408587053e+00	   3.2841463391988510e+00	   2.3398981568448214e+00	   1.2255305190945762e+01	   9.1285467523340955e+00	   5.5487757144861227e-01	   9.3757309039386421e+00	   8.9141150836289071e+00	   7.9275422163069393e+00	   1.6017934581553278e-01	   1.1393467676810802e-01	   7.7324766472208117e-01	   2.0479249130818813e+00	   3.5506600571223563e+00	   2.4158768548548135e+00	
   2.4189219935529330e-01	  -1.9772753180428801e-02	   3.7986672823683256e+00	   1.9246949437710542e-01	   2.6668772230503954e+00	   8.9890508685699384e+00	   3.0752427375775957e+00	   1.2938833805993719e+01	   1.4233710239053694e+01	   5.7457233006145429e+00	   3.7369676620727388e+00	   2.3401962743960776e+00	   6.0619169586877595e+00	   1.2835421259834488e+01	  -2.8084150612216729e-01	   2.1413102935156765e+00	   3.7922980128142209e-01	   1.7361048673694013e+00	   2.3813627533373447e+00	   9.0325272752471153e-01	
   7.5706225708847119e-01	   7.0226489140537196e-01	   3.9423849550448403e-01	   1.0538340625033421e-01	   7.4935460172172528e+00	   9.8767956609480940e+00	   3.4128438554304963e+00	   1.7301520966625606e+01	   8.7775485357283412e-02	   8.6895856627857526e+00	   6.4340256953087573e+00	   1.2896620641931311e+00	   5.9664273570072162e+00	   3.3153164741878460e+00	   2.9894988580858937e+00	   1.6751409306230629e+00	   3.5323063580717251e-01	   1.7444707176913921e+00	   3.2504122474554666e+00	   3.0133384843824644e+00	
   7.7321321444181201e-01	   1.4314192677558213e-01	   1.1784219480385886e+01	  -8.8157985354549340e-01	   9.7183780545284115e+00	   9.4555304531845756e+00	   3.0740019677558625e+00	   1.4700554311639452e+01	   1.1888221275580758e+01	   1.0537804638794842e+01	   1.7213909568556565e+00	   1.0738542374723806e+01	   4.7333987988132327e+00	   6.0017934721147981e-01	  -1.1655271921012303e-01	   1.7403479625062213e+00	   5.1414894539017342e-01	   3.3768453518041843e+00	   3.3098011735487423e+00	   2.3786378602758371e+00	
   6.4958032052194614e-01	   3.7568878590072430e-01	  -6.0168809382700172e-01	   2.5784845388621336e-01	   7.2835151619095564e+00	   8.2395567720338772e+00	   3.2824196695120849e+00	   2.3425985261107583e+00	   1.1079783603319946e+01	   9.1051239210459496e+00	   1.5183156931155954e+00	   1.0280240061352703e+01	   8.6808365800199212e+00	   8.3201855416148156e+00	   9.6820200118624133e-02	   1.1213756283264376e-01	   9.2269421128579499e-01	   1.9783387519262008e+00	   3.5459898500092137e+00	   2.4094808034283770e+00	
   7.5930294929321951e-01	   1.4389666871435121e-02	   3.6128448422205861e+00	  -2.8062211494203998e-01	   7.5432588512058247e+00	   1.0067965158291521e+01	   3.0773194587962092e+00	   1.7974006906095497e+01	   1.3893796762888183e+01	   5.8757160453849595e+00	   4.2016158842659888e+00	   5.8818283541174132e+00	   4.9866218562806477e+00	   1.2911091608942922e+01	   3.1476591129345022e+00	   8.9087289325792268e-02	   2.8128091216866258e+00	   1.7008682865156375e+00	   3.0445631427869326e+00	   1.2118887872614805e+00	
   2.6983951097126113e-01	  -1.1225161991768706e-02	   3.7922377580360940e+00	   1.6969871944542556e-01	   2.6586803834162431e+00	   9.0025298379714656e+00	   3.0739613651577966e+00	   1.2460246158502713e+01	   1.4246481488262274e+01	   5.7373522702385316e+00	   3.8704292128933466e+00	   2.3629127693350256e+00	   6.0598902714625993e+00	   1.2854026617255792e+01	  -2.7004408157930226e-01	   2.0246871295419453e+00	   3.7527771053270609e-01	   1.7324690823670013e+00	   2.4081346147978113e+00	   9.0046270971692888e-01	
   4.7558738605352507e-01	   6.6058791091733168e-02	   5.2983118096837156e+00	   9.2265419903787205e-01	   4.0582283413984275e+00	   9.1600467091947753e+00	   3.0687881233697456e+00	   8.6819672751904235e+00	   1.3614050268157609e+01	   6.2181824433777226e+00	   4.0787413219345545e+00	   3.1412738145906709e+00	   5.8559984309383584e+00	   1.2306437407456666e+01	  -1.5666190142272995e-02	   1.4257173616390642e+00	   7.7801398715357251e-01	   1.7423682909667293e+00	   2.6609087807009866e+00	   9.4980309381068562e-01	
   7.5835346039802964e-01	   1.5287487480640718e-01	   1.2438840396083886e+01	   4.8696547649710098e-01	  -1.7596149941140098e+00	   9.4280401197608423e+00	   2.8438536484963888e+00	   1.5163548287269180e+01	   1.1862350912030765e+01	   1.1508375274811668e+01	   1.3693678291995153e+00	   1.1223906078912137e+01	   7.6401765430647002e+00	  -6.0919724068754029e+00	   5.2715732173860541e-01	   2.0621989706364108e+00	   6.8351637496187445e-01	   2.7216299622842048e+00	   3.3303814208711926e+00	   2.4091842427451131e+00	
   6.1699915540644767e-01	   5.1767138938930202e-01	   1.0896168950963903e-01	  -2.0384609556222033e-01	   7.9109124578144172e+00	   1.0171954851921505e+01	   3.1831756009260310e+00	   4.0416099722210443e+00	   4.7183596739134224e+00	   8.6687659525319187e+00	   7.7681261275806501e-01	   1.6625077941210687e+01	   9.0060509851060306e+00	   1.5253170433497836e+01	  -1.0255240243557862e-01	  -5.3489280315486054e-02	   4.0942652822566872e-01	   1.7541141622896763e+00	   3.5194698826716402e+00	   2.5056866635269115e+00	
   7.6984581568182364e-01	  -5.3543941911140175e-02	   2.7420396129440952e+00	  -4.5081416123290086e-01	   9.3533502584594430e+00	   1.0488055045265947e+01	   3.0881840795240851e+00	   2.5262133095704939e+01	   1.4717150546622250e+01	   5.7290963254908407e+00	   7.6874280314143668e+00	   2.0075420844021501e+00	   6.4036115244533383e+00	   1.3817694188735999e+01	   4.8108714177319669e+00	  -4.0552163632692428e-02	   1.5526514943336439e-01	   1.5990186320346609e+00	   3.4459450220373729e+00	   8.3192484597561855e-01	
   6.7809064660102358e-01	   5.4156360280520133e-01	  -7.7384701752842699e-01	   2.3548815605281259e+00	   8.0926492872103051e+00	   7.6241502245603963e+00	   3.2889156484917588e+00	   5.5376443501544816e+00	   8.9471278687727551e+00	   8.9369742138797186e+00	   5.3947229550769631e+00	   6.9808631354116786e+00	   7.9813248983390119e+00	   1.1476646866524739e+01	   1.1047965707307312e+00	   3.2980954229767556e-01	   1.0082560262562723e+00	   1.7919554566901499e+00	   2.9796159257211454e+00	   2.5333620742299519e+00	
   6.2968830161354361e-01	   3.6741734455111330e-01	   1.1255375607459875e+01	   3.3216423704175808e+00	   4.8951479471961648e+00	   7.1397327989357713e+00	   3.4249286155833478e+00	   8.3994542650270745e+00	   6.4570905148416955e+00	   1.0875771602785850e+01	   4.9544379803830161e+00	   4.6459204406944616e+00	   7.5843970251320307e+00	   9.1504532045259257e+00	   9.4586092491809481e-01	   1.7682133861223099e+00	   2.9361772661795622e+00	   3.0360864191866046e+00	   3.1053474388817555e+00	   2.5670590178757084e+00	
   6.2706283386609907e-01	   3.9443999003531272e-01	   3.5359303827133051e+00	   1.7921771671285796e+00	   7.7743515616161849e+00	   8.5860825685677487e+00	   3.2762494175117296e+00	   3.8789674232632172e+00	   5.5694610061267333e+00	   9.7757897476996298e+00	   4.5803444712303509e+00	   1.3778911626756205e+01	   7.9276779721015487e+00	   1.1205825962696284e+01	   1.6576954115962728e-01	   3.0287021669003461e-01	   1.6542226574001058e+00	   2.4118690786227694e+00	   3.4249747514461668e+00	   2.4406779590850380e+00	
   6.8784582436726427e-01	   1.1694598473355634e-01	   3.8770950916135920e+00	  -1.4284611192493762e-01	   4.0686125864675020e+00	   9.2735226719324508e+00	   3.0573305202610213e+00	   6.3798493181528162e+00	   1.4341617264330772e+01	   5.7290334918487327e+00	   6.2448957248480053e+00	   3.1516941323873873e+00	   5.9818100226115938e+00	   1.2985048983797302e+01	   7.7238369450091549e-01	   3.5014111613352572e-01	   4.1297025862698944e-01	   1.7030218770577210e+00	   2.9974675546285168e+00	   9.3031354515338005e-01	
   6.1904866614108278e-01	   1.9499890161397943e-01	   7.6813865860154591e+00	   1.1600246245174231e+00	   7.8081159576246391e+00	   7.6096104697155367e+00	   3.3159399011441568e+00	   1.6310107796139088e+00	   5.2810555774654668e+00	   9.1631796725667307e+00	   8.8726091714582367e+00	   1.4182611774984007e+01	   6.8828468234765658e+00	   8.1587409278955771e+00	  -2.5310748829885821e-01	   1.8130524158866784e-01	   2.2624666148841537e+00	   1.5878125514392682e+00	   3.5216768969535881e+00	   2.2928603901909907e+00	
   7.1824843750259149e-01	   4.8210614936132640e-01	   6.1598187477551054e+00	   8.8295615726458294e+00	   8.4293671341132672e+00	   4.4728109665577511e+00	   3.4863439193692383e+00	   3.5021156445626547e+00	   6.4440661019147019e+00	   1.0668555769075470e+01	   1.7269116655280596e+00	  -2.1752399115393732e+00	   8.8987987539399960e+00	   9.3998836494911728e+00	   1.9897661120639754e+00	   2.5031521351276989e+00	   2.2715339056557013e+00	   3.4275274707760399e+00	   2.9227987527790265e+00	   2.1293155274827282e+00	
   7.1511511442475206e-01	   5.1410709516133168e-01	  -1.2669100695050012e-01	  -8.6594997241812344e-01	   7.3073388720503001e+00	   8.6884419508627406e+00	   3.3204268530355834e+00	   1.9750911675424598e+00	   9.9700214843607888e+00	   8.8061650643605240e+00	   4.5341431475098881e+00	   6.3697566613305732e+00	   9.4231143839908516e+00	   1.4030235416965770e+01	   4.2845433973123792e-01	  -7.0735858478874758e-02	   9.8301686487928353e-01	   1.1632872026547449e+00	   3.5805384593801497e+00	   2.5434355217561939e+00	
   6.5726499761644552e-01	   1.9719020446291519e-01	   4.7472568642028321e+00	   4.6307297143934623e+00	   1.2400972765822990e+01	   1.3731793970553754e+01	   3.7434556897522082e+00	   6.5188113042060376e+00	   2.1117823246077760e-01	   5.2790755411315029e+00	   6.1474745642838560e+00	   3.2659149387250004e+00	   2.1153997081524336e+00	   9.4873750351911745e+00	   2.3067122005033562e+00	   1.5580539777822766e+00	   2.1728490795269106e+00	   1.7245374318930253e+00	   2.8221211013298726e+00	   2.4502083324164139e+00	
   7.6294737892880859e-01	   1.4002190842997253e-01	   1.2468090854436616e+01	   5.1946085078822097e+00	   1.1102610787102167e+01	   9.4856312301235661e+00	   3.0693799122961654e+00	   1.5903660272822002e+01	   1.1652274384970260e+01	   8.5798559833203196e+00	   1.3102768864297030e+00	   1.2293847355451549e+01	   4.5374994501264085e+00	   2.3051830526399417e+00	   3.2042127139315535e-01	   1.9318037380889410e+00	   4.9541177360079036e-01	   2.8884148037867305e+00	   3.3731896285809571e+00	   2.4984184209962192e+00	
   7.5927616588586022e-01	   1.4438728983825921e-02	   3.6145862084382610e+00	   1.6958634450686105e-01	   2.8580832798370954e+00	   9.4919562748808044e+00	   3.0807667269937613e+00	   1.2053713101631240e+01	   1.3891471553003365e+01	   5.8762235775659670e+00	   3.7724040722884422e+00	   1.1638291687166022e+01	   4.6264730373778340e+00	   1.3606901740084069e+01	   3.6115887639587052e-01	   1.9318037380889410e+00	   3.9579128676311515e-01	   1.7301959636158160e+00	   2.4552507218076411e+00	   9.7457750800195952e-01	
   2.8977932320898842e-01	   1.4438728983825921e-02	   1.2466248634428334e+01	   5.0272364031060341e+00	   1.0734479995736406e+01	   9.4919562748808044e+00	   3.0807667269937613e+00	   1.2053713101631240e+01	   1.1508072279536131e+01	   8.6717610919729129e+00	   1.3922847653854080e+00	   1.1932307661647039e+01	   4.6264730373778340e+00	   1.2909033843653258e+01	  -2.4317758447617122e-01	   1.9318037380889410e+00	   5.7287567336155054e-01	   2.8952099300642882e+00	   3.3559869402803364e+00	   2.5123189389408873e+00	
   7.6249655525300630e-01	   1.4814108331527009e-01	   9.1427685572591599e+00	   3.2846403438385043e+00	   7.9484147876402877e+00	   9.3163540403648515e+00	   3.0709819203224220e+00	   1.1505295061924048e+01	   1.2567750032286797e+01	   7.5330823950980337e+00	   3.1055655855859436e+00	   8.6582762621890836e+00	   5.1362539430151228e+00	   6.3018890787462407e+00	   2.1764766349074222e-01	   1.2327777599493541e+00	   4.5451809552901595e-01	   2.4480214172641421e+00	   3.1853418877865161e+00	   1.9112582067651114e+00	
   6.9055719883591815e-01	   5.5691201102834109e-01	   6.9961926879094101e+00	   5.8289110979038194e-01	   7.6297071048719634e+00	   6.8952390297378425e+00	   3.3983025321428499e+00	   3.6555983610899938e+00	   8.0372690887744351e+00	   8.8735791976501783e+00	   3.5200623907941511e+00	   6.3116251582240750e+00	   7.6649667621634485e+00	   9.7890649264195648e+00	   6.4543218667440838e-01	   3.5503076678535073e-01	   5.0468002423674996e-01	   1.7156679545393951e+00	   3.0496744877598689e+00	   2.4861386368144807e+00	
   6.1889891457144253e-01	   1.0355170551234871e-01	   9.7985806889113416e+00	   1.4991881083542391e+00	   7.7877818737905748e+00	   6.8849788972858947e+00	   3.3533116773754910e+00	   9.5435940505570827e-01	   5.4775653849825865e+00	   9.2943263365692061e+00	   1.1207309638433770e+01	   1.3443485204781572e+01	   6.2766805422374459e+00	   6.1766282368316263e+00	  -3.0592157394845731e-01	   2.3919113611738618e-01	   2.7883222390268840e+00	   1.5344189938056199e+00	   3.5180524539648861e+00	   2.2377040390581673e+00	
   2.3274759829562805e-01	  -2.2569598634313057e-02	   3.8007710781047312e+00	   1.9992028805024945e-01	   2.6695592995747632e+00	   8.9846404336928334e+00	   3.0756620136692980e+00	   1.3095431806135112e+01	   1.4229531376319029e+01	   5.7484623738498817e+00	   3.6932978931937388e+00	   2.3327632416040474e+00	   6.0625801082028721e+00	   1.2829333426645800e+01	  -2.8437451642645445e-01	   2.1794703971961451e+00	   3.8052295941216530e-01	   1.7372945275357361e+00	   2.3726027696922376e+00	   9.0416564538071587e-01	
   7.6161978408682551e-01	   1.5036788267895182e-01	   9.0883305989805816e+00	   3.2636186326127037e+00	   7.9481887976123522e+00	   9.3215099134053663e+00	   3.0716580023986970e+00	   1.1460318698861849e+01	   1.2520449399110007e+01	   7.5399260541470179e+00	   3.0915324587954549e+00	   8.7062844190785746e+00	   5.1595734419824932e+00	   6.3558297361084648e+00	   2.1571812945433022e-01	   1.2250266808640768e+00	   4.5424637255602013e-01	   2.4438399138571616e+00	   3.1873553518899156e+00	   1.9148402483122162e+00	
   1.4456332898892921e-01	   1.8652391618670845e-02	   3.7171984890510097e+00	  -3.7573753883554983e-01	   8.6610026778277067e+00	   8.9189991704675293e+00	   3.0771022141253854e+00	   1.2170674710896641e+01	   1.4359194977455784e+01	   5.9061086210326108e+00	   7.6519850435223935e+00	   2.0167203310106370e+00	   6.5453258695738059e+00	   1.3632005750086574e+01	   3.6199560940230655e+00	   2.6391165393703453e+00	  -4.0126065272923928e-01	   1.7041045552977894e+00	   3.3638479077295411e+00	   9.2198349471888519e-01	
   6.1286080005164800e-01	   5.0359763725918993e-01	   4.7729725800799122e-02	  -4.1946562750057614e-01	   8.0384128159785515e+00	   1.0112098776277923e+01	   3.1849636184714143e+00	   3.9184359586423727e+00	   4.7561244800446190e+00	   8.6438958907415557e+00	   1.0207257382320059e+00	   1.6424596264906892e+01	   8.8661148085427808e+00	   1.4906230387184268e+01	  -1.3170369530517859e-01	  -4.8654616617147310e-02	   4.4134786234812096e-01	   1.7291337563205769e+00	   3.5271966594355426e+00	   2.5325241242039005e+00	
   6.1604312277763817e-01	   2.9275777063121883e-01	   5.1868098999055405e+00	   5.9174000082933098e-01	   7.9063204979964361e+00	   8.4112802679929040e+00	   3.2736896358350278e+00	   2.3562515802025765e+00	   5.1363520791927630e+00	   8.9866981980922436e+00	   6.3894542278203446e+00	   1.4853434034671427e+01	   7.5013815816212048e+00	   1.0305388316228415e+01	  -2.2352333745717498e-01	   1.0305136337112736e-01	   1.6782952358596206e+00	   1.6265114539767291e+00	   3.5223773051843112e+00	   2.3771423980107453e+00	
