   2.6742705326924550e+00	   1.7641555828806970e+00	   6.4816550503963185e+01	   1.7340179830766015e+01	   2.7816228310757651e+01	   1.3537673206924817e+01	   6.6408594022040603e+01	   1.6871249745181238e+01	   6.7011338945193202e+01	   4.5004663975851940e+01	   6.3432691708053575e+01	   7.2167103324066460e+01	   6.7454979311885481e+01	   4.2698824789446597e+01	   1.4722831353360876e+01	   1.3751803350566513e+01	   1.0275667952836770e+01	   6.1385863551753728e+00	   1.6567407520227324e+01	   6.4607987117185264e+00	
   2.9978781041170728e+00	   4.3743388749521630e+00	   1.5661685340753264e+01	   3.8332945048361935e+01	   1.9676937601487108e+01	   1.5617054003058147e+01	   1.3887335281887918e+01	   1.3719290364347096e+01	   7.3191125828638235e+01	   6.1068929741070548e+01	   6.5814246093496223e+01	   6.8001401924636298e+01	   6.9010835621580085e+01	   5.8652065957351361e+01	   1.1434760719449365e+01	   1.2444479508687357e+01	   1.3968912503606045e+01	   1.3626176352774936e+01	   9.4618074242330454e+00	   6.7101988993525277e+00	
   2.4072129015425956e+00	   1.6777589159375232e+00	   6.1504532390767430e+01	   2.0150594409194852e+01	   2.3952026616575942e+01	   2.1743717724804778e+01	   6.5429038544821651e+01	   1.1832506493826914e+01	   6.7552754945448697e+01	   4.0380126743177890e+01	   6.5642168663128331e+01	   5.8606277350191490e+01	   6.9766603240952847e+01	   4.1076484707847669e+01	   1.2384613010047426e+01	   1.0411178957411936e+01	   1.2859420224295315e+01	   1.2313619918466401e+01	   1.3040914372729510e+01	   8.5738496793895447e+00	
   2.8861032461339891e+00	   3.6215354258026227e+00	   1.7827550536695334e+01	   1.0516993971078143e+01	   2.8550719825231898e+01	   1.4293695837998486e+01	   1.7827550536695334e+01	   2.0752375838331531e+01	   6.7182127855740404e+01	   6.7916439851404334e+01	   6.5278050094921824e+01	   7.0275507614488873e+01	   7.2868076038490699e+01	   5.1778615919066681e+01	   1.7436541353699720e+01	   1.0599617623815169e+01	   1.0432308512956308e+01	   1.3152768057955942e+01	   1.2721878855111733e+01	   6.5679278305403068e+00	
   2.3581150159748230e+00	   4.0520793357263010e+00	   1.8742881895492946e+01	   1.1032750297214166e+01	   1.8155079672686163e+01	   1.5950501733115408e+01	   1.8219365478555559e+01	   1.2550023041889560e+01	   6.6995782148503011e+01	   5.9228822645787581e+01	   6.5766585371666920e+01	   6.6198122338174898e+01	   6.7532935282173696e+01	   5.7478126159698526e+01	   1.6786518195442852e+01	   1.2488874001161379e+01	   1.6914153281438001e+01	   1.4556011055774039e+01	   1.3951420360597419e+01	   5.7126594713071119e+00	
   2.3399924187178462e+00	   4.0744962552125727e+00	   1.7842780459460730e+01	   1.1436871157504754e+01	   1.7731048855112668e+01	   1.6030700902627302e+01	   1.5277932269250899e+01	   1.2080773209657128e+01	   6.6948848024733195e+01	   5.5822932345404183e+01	   6.5795754074519422e+01	   6.5248876073593408e+01	   6.7351994950248027e+01	   6.0877025694248140e+01	   1.7861265189261498e+01	   1.2587037570385583e+01	   1.7088434371155145e+01	   1.5262027568518121e+01	   1.4209287512607030e+01	   5.6311983072154241e+00	
   2.3595703854785066e+00	   3.4389677299426666e+00	   1.7255717308879277e+01	   1.3782637714206913e+01	   2.6082078047899216e+01	   1.4398477220956918e+01	   1.1103682634476780e+01	   1.2426087512618762e+01	   6.8046370943608139e+01	   6.8679336877366609e+01	   7.0257207815060070e+01	   6.7553666358651228e+01	   6.8310041906276695e+01	   4.9745970610415810e+01	   1.2824739400050749e+01	   6.0641795333550661e+00	   1.4245718491301531e+01	   7.6221140544221315e+00	   6.3822704566181647e+00	   6.7303469874017683e+00	
   2.4757190995609726e+00	   1.6612866631904992e+00	   6.5766309804166056e+01	   2.0764058002678766e+01	   2.5571639828740075e+01	   2.2404095104929652e+01	   6.6675876247361842e+01	   9.4217128192412876e+00	   6.6894947035890468e+01	   4.5632719710493333e+01	   6.6455669720412885e+01	   5.2415799212210040e+01	   7.0726595234686755e+01	   3.9727703679285696e+01	   1.1524047925122074e+01	   6.0910923794345297e+00	   1.0810171180098337e+01	   7.5987278952267907e+00	   6.6284316361329587e+00	   6.7332202471970266e+00	
   2.3982096741120977e+00	   4.2201417090354258e+00	   1.6152410759932110e+01	   3.0435480583882747e+01	   1.7824204849004786e+01	   2.5908414845168480e+01	   1.5050929375735379e+01	   1.4221196752039734e+01	   6.7030963213511697e+01	   5.5712033429500892e+01	   6.6231782631134692e+01	   6.3549193651435758e+01	   6.6532516688787979e+01	   4.9237686662352068e+01	   1.5188850354103526e+01	   9.3264385049728489e+00	   1.7261457455229916e+01	   1.2507490981950969e+01	   1.2856045429515673e+01	   6.4093002466995808e+00	
   2.6045117370789126e+00	   1.6631385436485711e+00	   6.6238583493738801e+01	   1.7611732534806329e+01	   2.7277636151688952e+01	   1.4142779958114760e+01	   6.6882838786566168e+01	   1.3554185854525880e+01	   6.6819409806696243e+01	   4.5880653603095652e+01	   6.3341202033049775e+01	   6.9771442839585092e+01	   6.9670357091416435e+01	   3.8604453333830534e+01	   1.4740509566204160e+01	   1.0649393655114970e+01	   1.0674865475475739e+01	   7.2553454859284647e+00	   1.5447754541513065e+01	   6.4443925721369846e+00	
   2.7534731449514833e+00	   1.6018269495282467e+00	   6.2164910545086805e+01	   2.1405561417195649e+01	   2.6986907698443229e+01	   2.5074871900995937e+01	   6.5621780916715721e+01	   1.0557332024201159e+01	   6.7490663364376559e+01	   4.4051052617413426e+01	   7.0551294232118522e+01	   6.9047636951723248e+01	   7.2219378313594163e+01	   3.3349511034047858e+01	   1.5246727130069225e+01	   8.0880970105523353e+00	   1.1451423007987739e+01	   1.0495224693657526e+01	   1.5795240622213349e+01	   5.7374743111192874e+00	
   2.3463361655555541e+00	   3.8587228663297051e+00	   1.7616344292737494e+01	   1.2841775931818320e+01	   2.2145068168612823e+01	   1.5146801213938692e+01	   1.5714670839612584e+01	   3.0056738910840849e+01	   6.7348122124593914e+01	   6.0715704735589711e+01	   6.6569476093390364e+01	   6.7377889067057623e+01	   6.9505238132994592e+01	   5.7218936306004167e+01	   1.7365416308378290e+01	   1.0553230688499166e+01	   1.5360587670676288e+01	   1.4173541976560248e+01	   1.2605607058385644e+01	   5.9266463527684721e+00	
   2.2821548649137529e+00	   1.6764287381843039e+00	   6.1367476207305685e+01	   2.8970628160800388e+01	   2.7460068536053008e+01	   2.5825426647990838e+01	   6.5391984240892896e+01	   1.2196761743251651e+01	   6.8111212930922605e+01	   4.7651943789612773e+01	   6.3791348250137638e+01	   5.6658663728951296e+01	   6.8179516280547162e+01	   4.4294654070058741e+01	   1.1876976946449602e+01	   1.0543573480900411e+01	   1.3530132772762311e+01	   1.3315852116952449e+01	   1.3395804824035400e+01	   8.3765932725401040e+00	
   3.4504240779147115e+00	   3.5383045469182615e+00	   1.8029395853664280e+01	   1.5807669223264043e+01	   3.1667011612970292e+01	   1.4268975845057719e+01	   1.8029395853664280e+01	   6.3788483621778278e+00	   6.8246330515990735e+01	   6.9598622043635302e+01	   6.2901647113818264e+01	   7.1087216846024447e+01	   7.4450362436094935e+01	   4.9794543664942125e+01	   1.8090873361661686e+01	   1.3021126052185870e+01	   1.1998356091125855e+01	   1.2879893269225095e+01	   1.3756607822895054e+01	   6.6830437502393520e+00	
   3.2437627516750975e+00	   1.5459280102202768e+00	   3.8796922478223308e+01	   2.4380597534701366e+01	   2.4467992595019545e+01	   1.9571013792730479e+01	   5.5149634257075164e+01	   1.5352621875705582e+01	   6.6382924219690125e+01	   5.1817098571797921e+01	   6.7017205304006993e+01	   6.9837654451083381e+01	   7.1780936209795783e+01	   2.9598260298742396e+01	   1.5259804425089017e+01	   1.3116771988997071e+01	   1.0420849026778438e+01	   8.0249439057614609e+00	   1.5169699318351368e+01	   7.3753578743169843e+00	
   2.3598160781376025e+00	   3.4396336570939856e+00	   1.7262786725267162e+01	   1.3793448262912657e+01	   2.6080223310232562e+01	   1.4400256805049118e+01	   1.1136491842645249e+01	   1.2044739184320068e+01	   6.8041635971383968e+01	   6.8666548951725801e+01	   6.9750512387166751e+01	   6.8177237243455949e+01	   6.9325752419817078e+01	   4.9760653530265330e+01	   1.2841757511432426e+01	   6.0755530251948224e+00	   1.3760414144293982e+01	   7.6463308600972493e+00	   6.4793520634066573e+00	   6.7076795104028744e+00	
   2.9378762778385079e+00	   4.3326922675413391e+00	   1.5559753387610472e+01	   3.8999863899161483e+01	   1.8794882859938980e+01	   1.5729450085137866e+01	   1.2783486562524704e+01	   9.7060045812434232e+00	   7.3310828379802388e+01	   6.0825888180890374e+01	   6.6106878054185771e+01	   6.7887006269236309e+01	   6.8878526650316815e+01	   5.8658229274074316e+01	   1.0876302374219925e+01	   1.2368298250664155e+01	   1.3990731084229289e+01	   1.3622239882380656e+01	   8.8223294292394741e+00	   6.7306406970120598e+00	
   2.6681085705629393e+00	   1.9803380631506053e+00	   2.2066084464608384e+01	   8.6827277711147683e+00	   1.9423702943297418e+01	   1.2114034436155077e+01	   2.5239422894700041e+01	   2.4075072622911435e+01	   3.3905830358007442e+01	   6.3313778581112103e+01	   4.9174250296856528e+01	   4.6150496606261555e+01	   4.3191795216747209e+01	   3.4701909781805497e+01	   1.3193385082423640e+01	   7.3308868376194720e+00	   6.9764838577994173e+00	   7.0973688111553699e+00	   7.5768344356993964e+00	   1.4974108433083734e+01	
   3.0057283187756023e+00	   4.5789316909455939e+00	   1.5386480669963715e+01	   4.1438380230247340e+01	   1.8121179628706336e+01	   1.5850682379542810e+01	   1.3368303608677799e+01	   1.0236462525925099e+01	   7.3889169276543882e+01	   5.9904761904622106e+01	   6.5906378437007504e+01	   6.7553666358651228e+01	   6.8310041906276695e+01	   5.9798288747721472e+01	   1.0900330536984153e+01	   1.2782366669134388e+01	   1.4245718491301531e+01	   1.3733451882857924e+01	   9.0981053936912133e+00	   6.7303469874017683e+00	
   2.3512316019907717e+00	   1.2212451697307367e+00	   6.3782252702070657e+01	   1.5810779552210601e+01	   2.6982008162421089e+01	   1.5940299765000709e+01	   6.6094261974377261e+01	   1.6517673069689607e+01	   6.6794998282077344e+01	   6.8679336877366609e+01	   6.2964366296893679e+01	   6.5608059394967199e+01	   6.7590323477591241e+01	   4.8031109339100283e+01	   1.7411900720601317e+01	   1.5169236538777833e+01	   1.1935818512545447e+01	   7.7531850311184121e+00	   1.7177788521530079e+01	   6.6315775871759337e+00	
   2.3604273285939472e+00	   4.0541404274102515e+00	   1.7834580831074305e+01	   1.1565083618492924e+01	   1.8164418213678509e+01	   1.5962546418986616e+01	   1.5303326323118078e+01	   1.2550023041889560e+01	   6.6991156185472946e+01	   5.6303295874231381e+01	   6.5776822765034098e+01	   6.5457280417922576e+01	   6.7590660093444399e+01	   6.0491808777987444e+01	   1.7802931625232091e+01	   1.2488874001161379e+01	   1.6905088820402845e+01	   1.5128127957594952e+01	   1.4101146327509534e+01	   5.6658476098100028e+00	
   2.3583275499886676e+00	   4.0101080527395032e+00	   1.8705865739216502e+01	   4.0400681175952833e+01	   1.8998126000445431e+01	   1.5824813562057567e+01	   1.8705865739216502e+01	   1.5807073955591871e+01	   6.7071816082772415e+01	   6.1463120820430809e+01	   6.5906055892771619e+01	   6.6360762043789592e+01	   6.8003169139650197e+01	   5.7434337913502262e+01	   1.6954386470535184e+01	   1.2038163056342029e+01	   1.6561588181115159e+01	   1.4337390500816070e+01	   1.3628646761791872e+01	   5.7916921288368810e+00	
   2.7158925370037337e+00	   1.6988843228827368e+00	   6.3032103522537852e+01	   1.8288135747376646e+01	   2.6846631962014332e+01	   1.9876730581367973e+01	   6.5873564925084821e+01	   1.3614409692670531e+01	   6.6516929253497253e+01	   4.5578408942523858e+01	   6.6503863076547617e+01	   6.9957510668913230e+01	   6.9735218171791900e+01	   3.8621924872311297e+01	   1.4753977912632312e+01	   1.1988116012791174e+01	   1.0886315064075418e+01	   7.5247185368268088e+00	   1.6789194845565145e+01	   6.0182131755134121e+00	
   2.7927231859004920e+00	   3.7006626813341570e+00	   1.7968026832828482e+01	   1.6142236215044438e+01	   2.6698339772352099e+01	   1.4586380514290514e+01	   1.7968026832828482e+01	   1.9301625964092153e+01	   6.7149217437468266e+01	   6.6677377637028783e+01	   6.5364842983592368e+01	   6.9522588538243056e+01	   7.1926886989016765e+01	   5.2884371825335080e+01	   1.7357459459345556e+01	   1.0933770338269230e+01	   1.1580252659907586e+01	   1.3385603191696520e+01	   1.2933456337835295e+01	   6.4194113725851452e+00	
   2.3464808912351236e+00	   1.6349740676428712e+00	   6.0643119724367118e+01	   3.4332860048453469e+01	   2.7240177485964516e+01	   2.9716512883951761e+01	   6.5183481767937849e+01	   1.0268301225255399e+01	   6.9422867916376447e+01	   5.1270645925498975e+01	   6.5365799061025783e+01	   5.1312997221722007e+01	   6.8564415733034295e+01	   4.5978311966831647e+01	   1.1919051523263224e+01	   8.9985804104602352e+00	   1.3883396232066175e+01	   1.4229193566643341e+01	   1.2485719970645887e+01	   8.2357766194296715e+00	
   2.3090616030960893e+00	   3.4309797454509732e+00	   1.7224533837754240e+01	   1.3661200548064890e+01	   2.5726783606515124e+01	   1.4427492962775229e+01	   1.0640940911119248e+01	   1.0291474851635595e+01	   6.8041040220997559e+01	   6.8615938043427519e+01	   6.7894737846779833e+01	   7.0744070547831896e+01	   7.3493545459332267e+01	   4.9714536867566743e+01	   1.2495587381831273e+01	   5.7214767984776369e+00	   1.1766791343847155e+01	   7.2557482062235170e+00	   6.3837264857402563e+00	   6.6214630075226077e+00	
   2.6872997560688310e+00	   3.4921013776372263e+00	   1.7465855166060880e+01	   1.5596098965956912e+01	   3.0606564994170526e+01	   1.3760272266904783e+01	   1.7082493156949088e+01	   4.3028089836921183e+01	   6.8097136368318928e+01	   6.9599372793462621e+01	   6.6438006805915180e+01	   7.1188018597427515e+01	   7.3705516747191908e+01	   5.0377235818865763e+01	   1.7015817904844589e+01	   8.4019318462384014e+00	   1.2104685361735479e+01	   1.2478612448459296e+01	   1.0985477832163481e+01	   6.5279949818662937e+00	
   2.4704093006625056e+00	   1.7658456396273428e+00	   6.1138702406510617e+01	   1.8859189821447480e+01	   2.6166506996714595e+01	   2.5135567810737435e+01	   6.5327365159931105e+01	   1.0126222204157166e+01	   6.5789314347616468e+01	   4.5982824670307814e+01	   6.4738125935378989e+01	   5.7266128658591825e+01	   6.7621797129935572e+01	   4.4081207658562604e+01	   1.3311551657294055e+01	   1.1009598663308461e+01	   1.1277023632384804e+01	   9.3688210645637859e+00	   1.5418662138363191e+01	   6.9740360673350255e+00	
   2.3818026843931133e+00	   4.2440700926760799e+00	   1.7254116161260271e+01	   1.4626366312267757e+01	   2.0047885887840557e+01	   1.6168208550460925e+01	   1.8195720490047435e+01	   1.3837317479520607e+01	   6.7065893989743870e+01	   5.5949937586150611e+01	   6.6024063620478259e+01	   6.5564459911062642e+01	   6.7238913480198732e+01	   6.3874145349197832e+01	   1.6164331263433169e+01	   8.4947055671031340e+00	   1.6423596500961708e+01	   1.3663254567342053e+01	   1.3283294038017452e+01	   6.4042068343940066e+00	
   2.3596598463905072e+00	   3.9098208058263579e+00	   1.8224801864479108e+01	   3.5279907961412860e+01	   2.1651644915608575e+01	   1.5230023273151748e+01	   1.8460116965525177e+01	   2.9896556267813843e+01	   6.7289383729789137e+01	   6.3351183564644472e+01	   6.6297302570949583e+01	   6.7574150889288191e+01	   6.9289526216096718e+01	   5.6074857798130452e+01	   1.7131239875931623e+01	   1.0975196234355296e+01	   1.5609047414907002e+01	   1.4201629326991863e+01	   1.3016585716067688e+01	   5.9109930054564925e+00	
   3.1155109020474110e+00	   3.8319901394723153e+00	   1.7020315579024157e+01	   2.4172678301160289e+01	   2.7219317942077819e+01	   1.4600608089035797e+01	   1.6778742037423889e+01	   2.2987860399341020e+01	   7.0022176541648022e+01	   6.6429297826911935e+01	   6.4544140944383685e+01	   7.0245573225687295e+01	   7.2660274625493230e+01	   5.3373176061847737e+01	   1.5100023309628373e+01	   1.1968191386779049e+01	   1.7016148642490627e+01	   1.3506923977511100e+01	   1.1894245872559779e+01	   6.6340608509571224e+00	
   2.5005153721857081e+00	   1.7934414091490276e+00	   6.4923594077018393e+01	   1.6966239259943340e+01	   2.7200384099685035e+01	   1.0052249241885189e+01	   6.6436320613612921e+01	   1.8518514601774370e+01	   6.6878032405295002e+01	   4.4586886796543546e+01	   6.0921432583504625e+01	   7.0590299870801587e+01	   6.6208173677262479e+01	   4.5665907746055787e+01	   1.4055413595095732e+01	   1.6322659734177876e+01	   1.0867657852122385e+01	   6.5883039273930768e+00	   1.6588840594870593e+01	   7.0038604860378761e+00	
   2.7120749514822968e+00	   3.6307973729577161e+00	   1.7123973730035893e+01	   1.8895925494999929e+01	   2.6481563825128301e+01	   1.4512649626874801e+01	   1.3710897038150740e+01	   1.6681893660091745e+01	   6.9027050712113237e+01	   6.7530004611204333e+01	   6.6307799725663983e+01	   7.0387511427523933e+01	   7.2902616790786411e+01	   5.1536173878297561e+01	   1.3802769599394399e+01	   8.9446949103178675e+00	   1.2226239205978846e+01	   1.0378842798638427e+01	   9.1257552637439083e+00	   6.6314348446085738e+00	
   2.5965005518194832e+00	   1.7680635786748842e+00	   6.4014238905583042e+01	   1.7372173023442471e+01	   2.6976099175536611e+01	   1.4103508219446615e+01	   6.6163254036653626e+01	   1.6597315082857886e+01	   6.6705809687680500e+01	   4.5059850162672213e+01	   6.3293468022122404e+01	   7.1035802769548127e+01	   6.7537916317443617e+01	   4.3047877436057398e+01	   1.4524793939897370e+01	   1.5026355842415697e+01	   1.0846662895520023e+01	   6.8210637431838270e+00	   1.7344146530448828e+01	   6.3889621685124585e+00	
   2.4516987010907685e+00	   1.7100869766949485e+00	   6.3571707190732710e+01	   2.1027578118544973e+01	   2.4969502024295728e+01	   2.3826615259851444e+01	   6.6013900984050224e+01	   1.1670852592291499e+01	   6.7408816242003141e+01	   4.6932429435401232e+01	   6.5612713609644501e+01	   5.7859294624279578e+01	   6.8345763362249272e+01	   4.1084454987780326e+01	   1.2739987658169966e+01	   9.5092287203663233e+00	   1.1834214291441477e+01	   9.9311673327153507e+00	   1.5065014094853245e+01	   7.4510496256296559e+00	
   2.5418662028142234e+00	   1.6629841335925977e+00	   6.5773963316514113e+01	   1.7264724147492078e+01	   2.6774470039697970e+01	   1.4928305303672813e+01	   6.6738507455516995e+01	   1.3431962689238363e+01	   6.6544814142302968e+01	   4.5598681766304125e+01	   6.3474092144317225e+01	   6.8133498606119261e+01	   6.9754821707381879e+01	   3.8673125094130683e+01	   1.4312251317296139e+01	   1.0592973885034189e+01	   1.0912807964144589e+01	   7.3586973032367702e+00	   1.4792063674841975e+01	   6.3911974668193574e+00	
   2.3507172658854878e+00	   3.4057142952343114e+00	   1.7106196884312016e+01	   1.3471757847681234e+01	   2.6332211651044652e+01	   1.4331163594461938e+01	   1.0265377068357550e+01	   1.7968550945414904e+01	   6.8217031870160838e+01	   6.9130358493975478e+01	   6.7824302954547747e+01	   7.1038340373288079e+01	   7.3882734556309998e+01	   4.9217449064259789e+01	   1.2365128453058171e+01	   5.6543479094317206e+00	   1.1820859655080030e+01	   6.9452923976854830e+00	   6.1020792765962986e+00	   6.6542401353373846e+00	
   2.1174807161259706e+00	   1.6366240665068159e+00	   6.0006393456709461e+01	   3.5570231788987648e+01	   2.8083318667603159e+01	   3.2018722602299547e+01	   6.4994102084369047e+01	   1.0135787606692960e+01	   6.8809432366734356e+01	   4.9906885680580771e+01	   6.3842042448893139e+01	   4.9834081669444508e+01	   6.8257880790440765e+01	   4.5366735576196362e+01	   1.0604586511660798e+01	   8.6210753087599237e+00	   1.4912870410858664e+01	   1.7779417266751064e+01	   1.1818272881255568e+01	   9.1805479399924472e+00	
   2.6268161542458413e+00	   1.7640604947015932e+00	   6.4519274723841065e+01	   1.7622900530643040e+01	   2.7390996350934998e+01	   1.4165468459400023e+01	   6.6321155016130831e+01	   1.6513623950724266e+01	   6.7006660539542523e+01	   4.5125563965713084e+01	   6.3198674899556607e+01	   7.0486575028996910e+01	   6.7534115312879564e+01	   4.2977009849728830e+01	   1.4343087861214174e+01	   1.3632686790346501e+01	   1.0557818381501361e+01	   6.9002965764305140e+00	   1.6074730513858661e+01	   6.5386615568806388e+00	
   2.9800511825658922e+00	   1.6375207020670191e+00	   6.2526892917011509e+01	   1.8718004704314446e+01	   2.7605429504638177e+01	   2.5642637156304904e+01	   6.5725127869651359e+01	   1.0882357129616281e+01	   6.6490994285157285e+01	   4.6350380651727086e+01	   7.0698808202037284e+01	   7.1640825522222613e+01	   7.2265427863935599e+01	   3.2881367127050964e+01	   1.5966207493174771e+01	   8.4889448338204456e+00	   9.9919477759095070e+00	   6.8527663935887038e+00	   1.7294321081118333e+01	   5.3729844324310303e+00	
   3.3254307059846422e+00	   3.4423641095711601e+00	   1.7291772937122698e+01	   1.3837773966459585e+01	   2.6072618464798047e+01	   1.4250392742044330e+01	   1.1271017043397794e+01	   1.1566042609552323e+01	   6.8128413890064053e+01	   6.8614115553906345e+01	   6.7672946119558674e+01	   7.0734019413603306e+01	   7.3490396078355602e+01	   4.9820856834479414e+01	   1.2911535630986357e+01	   1.2466014886652422e+01	   1.1946337489183588e+01	   1.2920489135636043e+01	   6.8774086874964819e+00	   6.6147377094861337e+00	
   2.3294851859835108e+00	   4.2698101439090994e+00	   1.6017416312946477e+01	   3.1520997419219402e+01	   1.6837455900101034e+01	   2.6772493176104231e+01	   1.4834294476570600e+01	   1.4417993527643965e+01	   6.6949621512450292e+01	   5.4702517907471211e+01	   6.6440613080547706e+01	   6.2999068681911723e+01	   6.5965587332407353e+01	   4.9170968075351425e+01	   1.4983882502502015e+01	   9.0937369458464516e+00	   1.7655407642350752e+01	   1.2476880064236196e+01	   1.2810619754222841e+01	   6.3918746739290180e+00	
   3.9477062359499699e+00	   3.0196323561009075e+00	   1.8443561440855376e+01	   1.6459653109298159e+01	   3.7535881536728894e+01	   1.3183415739063056e+01	   1.7516742947682715e+01	   5.6627522534183115e+00	   6.8766025409272018e+01	   6.8785414171770356e+01	   6.1696371445015103e+01	   7.4143918860319161e+01	   7.4124952915731001e+01	   3.9898817954222991e+01	   1.8645572815610084e+01	   1.5075912458076258e+01	   8.2268171493275482e+00	   1.2184690390650827e+01	   1.3567228836006466e+01	   6.8043488551768068e+00	
   2.4547709646925799e+00	   1.6440581745234197e+00	   6.6872500749857437e+01	   1.7374921358131989e+01	   2.1112370025151549e+01	   2.0750588909185637e+01	   6.7037642266390620e+01	   1.2384675793778737e+01	   6.7272981250838285e+01	   4.5983905083479542e+01	   6.2483128728556835e+01	   6.2329671673038263e+01	   6.8078105383766683e+01	   3.5713409733983667e+01	   1.4772008379800866e+01	   9.5413065659414364e+00	   1.0507347279648164e+01	   8.9153210816279902e+00	   1.6146327734256751e+01	   6.1134584827228409e+00	
   3.3800379580657864e+00	   3.5556798602958173e+00	   1.8022828237126113e+01	   1.5843474058968050e+01	   3.1135272130919883e+01	   1.4302943995869875e+01	   1.8022828237126113e+01	   7.7618237908468224e+00	   6.8128919191830576e+01	   6.9285995040375951e+01	   6.3165254479729441e+01	   7.0919772773912499e+01	   7.4180304044186869e+01	   5.0125212237618015e+01	   1.8012384553977089e+01	   1.2797740511386118e+01	   1.1953611316447430e+01	   1.2934013553451644e+01	   1.3668515439587196e+01	   6.6548302258927485e+00	
   2.3876003013077192e+00	   1.3233780206707322e+00	   6.0218394409505606e+01	   1.6107058516608138e+01	   2.5948047334241355e+01	   1.4904764186435470e+01	   6.5068301863544136e+01	   1.2508192003034834e+01	   5.9766786501866690e+01	   4.4921509508867857e+01	   6.7400391049422936e+01	   5.2117322193042007e+01	   7.4017950019697693e+01	   2.8831862790436645e+01	   1.2668373762226526e+01	   5.5992481779642755e+00	   1.1823027020060882e+01	   7.9126869565501003e+00	   6.7857417003781428e+00	   1.2036211874271148e+01	
   2.3426526506125480e+00	   4.0051766601468035e+00	   1.7769718315550758e+01	   1.1915944475349889e+01	   1.9215508158119146e+01	   1.5733520284737551e+01	   1.5496431249049360e+01	   2.2342279860887203e+01	   6.7078100265214218e+01	   5.7417864791945604e+01	   6.6016721172326939e+01	   6.5981323830907201e+01	   6.8108189161813485e+01	   5.9705439923515009e+01	   1.7754765766323072e+01	   1.1928679811549479e+01	   1.6506243338407490e+01	   1.4974539307749884e+01	   1.3738371863005487e+01	   5.7233977867930035e+00	
   2.5103888072696590e+00	   1.6494642557354655e+00	   6.6246263500497534e+01	   1.7467477130395569e+01	   2.2078300161429354e+01	   2.0790357695748074e+01	   6.6848152537021377e+01	   1.2469777782472917e+01	   6.7140279791730194e+01	   4.5918535130017361e+01	   6.3321150530560850e+01	   6.3558454619996894e+01	   6.8474857323162908e+01	   3.5908351344311669e+01	   1.4807110017134047e+01	   9.7033232403583600e+00	   1.0521605963315114e+01	   8.6010998271851431e+00	   1.6194384422968067e+01	   6.0736895155345332e+00	
   2.3624698745980615e+00	   3.4135015624066822e+00	   1.6409514619904531e+01	   1.4538232858425276e+01	   2.5232690731914804e+01	   1.3872789697022705e+01	   1.2195297363308830e+01	   1.0748661842157880e+01	   7.0096788755510076e+01	   7.0689065662451824e+01	   7.1796621493061963e+01	   6.7840047346053552e+01	   6.9783428407462395e+01	   4.9662070518300496e+01	   1.2884073473499983e+01	   6.6636230663374922e+00	   1.3984004150452790e+01	   8.2136780707154902e+00	   6.6845375996272915e+00	   6.5115827699301851e+00	
   3.3254307059846422e+00	   3.5500222408642954e+00	   1.7973736663398796e+01	   1.5789841633576737e+01	   3.1137281505025904e+01	   1.4250392742044330e+01	   1.7973736663398796e+01	   1.1566042609552323e+01	   6.8128413890064053e+01	   6.9332273456263010e+01	   6.3414271870940254e+01	   7.0971401597845386e+01	   7.4181447035690411e+01	   5.0137844361134277e+01	   1.7954247493287177e+01	   1.2466014886652422e+01	   1.1946337489183588e+01	   1.2920489135636043e+01	   1.3468922188084163e+01	   6.6444035993074673e+00	
   2.9919748745682870e+00	   3.6774572744349063e+00	   1.7295462931097816e+01	   2.0094792088446923e+01	   2.8829254824899404e+01	   1.4276309999955842e+01	   1.6947642430450724e+01	   2.7619940307068298e+01	   6.9112078571780714e+01	   6.7885777942173888e+01	   6.5101030605384494e+01	   7.0608562928828690e+01	   7.3136699505901447e+01	   5.1908348979581071e+01	   1.6068734659292730e+01	   1.0750237031558035e+01	   1.2334685364837586e+01	   1.3001608214911480e+01	   1.1720570288448002e+01	   6.6024532010647912e+00	
   2.3890071059415079e+00	   4.3246001798550289e+00	   1.7257046053490608e+01	   1.4721958251587479e+01	   1.9485436548814540e+01	   1.6340612488729882e+01	   1.8943960904147932e+01	   1.4188504794584574e+01	   6.6969313565092321e+01	   5.4695471677762789e+01	   6.5838788319840873e+01	   6.5051460958909843e+01	   6.6619442273498478e+01	   6.5276541170691772e+01	   1.6527690963411061e+01	   8.7693716669612236e+00	   1.6884815757293612e+01	   1.4297866757268459e+01	   1.3852868554044464e+01	   6.3826893503629636e+00	
   2.5832238952534148e+00	   1.7715738366218154e+00	   6.4140020785179345e+01	   1.7316024322287639e+01	   2.7007122234744571e+01	   1.3543138646659390e+01	   6.6201024567227122e+01	   1.6863055130486803e+01	   6.6729631509792682e+01	   4.4994429936295802e+01	   6.2965368413399169e+01	   7.0974180871163256e+01	   6.7353986502212749e+01	   4.3410003020840641e+01	   1.4459869316527689e+01	   1.5205660414661640e+01	   1.0849566914968573e+01	   6.7888684381541777e+00	   1.7239672719520453e+01	   6.4740148174316614e+00	
   2.3459947778020851e+00	   3.3837425629787088e+00	   1.7071232108364498e+01	   1.2659847676413680e+01	   2.4671677037007946e+01	   1.4671926224775589e+01	   7.6820572504002342e+00	   5.0787562381094773e+00	   6.8265891296581515e+01	   6.8860983287698872e+01	   6.7855860288666008e+01	   7.0794770333135560e+01	   7.3837487330102846e+01	   4.8713353599389741e+01	   1.0666701825384633e+01	   5.5259785561045636e+00	   1.1766445316197110e+01	   4.7892416610401636e+00	   4.6251836905456898e+00	   6.7332027612081164e+00	
   2.6486667146692287e+00	   1.6604686193944782e+00	   6.5367647326068933e+01	   2.5386162577393321e+01	   2.6068199566484932e+01	   2.2726602090434668e+01	   6.6598688802100583e+01	   1.0944108990479076e+01	   6.6729057475681685e+01	   4.6692179574503399e+01	   6.6281659163098709e+01	   5.7904736044049031e+01	   6.9701781286600266e+01	   4.1217682371001686e+01	   1.1673047845570013e+01	   7.6451806908326345e+00	   1.1553845508544370e+01	   7.6279530996247802e+00	   8.0517022445236854e+00	   6.7710228490242335e+00	
   2.4529424616459203e+00	   1.6714957591829309e+00	   6.0858309622192984e+01	   2.4970307867684269e+01	   2.4915223521926883e+01	   2.4321794144953479e+01	   6.5241467517887102e+01	   1.1083410441000984e+01	   6.8816613728411781e+01	   4.1001248529729068e+01	   6.5781708728726528e+01	   5.7337555289997248e+01	   6.9373319508136461e+01	   4.2418483490137596e+01	   1.2378621171767746e+01	   9.9660733812527749e+00	   1.3387255330405747e+01	   1.5031823038252600e+01	   1.3674865140480472e+01	   9.6054478563399819e+00	
   2.5003806909472899e+00	   1.6656192124872369e+00	   6.2793295487423634e+01	   2.1503367446180757e+01	   2.6597499631740455e+01	   1.9170265586258491e+01	   6.5806854942079426e+01	   1.3504106094473480e+01	   6.7748189298300971e+01	   4.3261001002480135e+01	   6.6449346242625055e+01	   6.8193108434624804e+01	   6.9626496881565913e+01	   3.9081587588985030e+01	   1.4265497847290460e+01	   1.1579794518734953e+01	   1.2221453260208957e+01	   1.1185060451007955e+01	   1.5588404544820374e+01	   6.4379572833691885e+00	
   2.4928564225547971e+00	   3.4558733654080074e+00	   1.7189328471167347e+01	   1.5139608951460474e+01	   2.9485563451296095e+01	   1.3588124932991400e+01	   1.5763261167518289e+01	   4.9309966525271776e+01	   6.8091251468330952e+01	   6.9584180136312355e+01	   6.7990714743466029e+01	   7.1380370026056823e+01	   7.3554302445530055e+01	   5.0031751514638742e+01	   1.6004660390589798e+01	   8.4155312432149856e+00	   1.2045730017974204e+01	   1.2335147361588472e+01	   9.1592534950813871e+00	   6.4790313768190266e+00	
   2.8658039840404994e+00	   1.6418553573401276e+00	   6.2382782263572992e+01	   1.8182349232441009e+01	   2.6729451743358702e+01	   2.4466417401652919e+01	   6.5682531874851222e+01	   1.1101375375620893e+01	   6.6276235619959976e+01	   4.5839278483066259e+01	   6.9567614351325133e+01	   6.9488499669351796e+01	   7.1784465989141964e+01	   3.4277060358887468e+01	   1.5197588267365349e+01	   8.7044038873720524e+00	   1.0630903777838393e+01	   7.3269603365217701e+00	   1.6452832236916457e+01	   5.4872913764214122e+00	
   2.1072564305706223e+00	   1.9150325926209439e+00	   6.1699348147581119e+01	   3.5283417645156959e+01	   2.8508398579637152e+01	   3.2701445293432784e+01	   6.1699348147581119e+01	   1.0033221943827307e+01	   6.8886471285793007e+01	   4.9439392621078703e+01	   6.3760188100687273e+01	   4.9146503379668403e+01	   6.8288093769838170e+01	   4.4828735474727353e+01	   1.0291737530481278e+01	   8.4567568951811971e+00	   1.4827488092921481e+01	   1.7920048070603709e+01	   1.1729063994781814e+01	   9.3272149833732101e+00	
   2.4942228847829075e+00	   1.7764570682403018e+00	   6.6188172692542722e+01	   1.3311780166655915e+01	   2.2269103561113525e+01	   1.9127274818481851e+01	   6.6757658673598982e+01	   1.2523134833762350e+01	   6.6996716966354967e+01	   4.5597396906965287e+01	   6.5376928274245628e+01	   5.8198086230753511e+01	   6.7183790348225870e+01	   4.0810312272448641e+01	   1.3027056157084948e+01	   1.0051623307164153e+01	   1.0446571371389300e+01	   4.7840479833542213e+00	   1.6477778425142617e+01	   7.1883412254119712e+00	
   2.3818646091942006e+00	   3.1261404539843411e+00	   9.4638742242729101e+00	   2.1609512579722889e+01	   4.1851521738030911e+01	   2.8638089969316916e+01	   2.3479944495893641e+01	   2.0307091566307594e+01	   6.0011886523213192e+01	   5.8244501948350631e+01	   5.8340342897854249e+01	   4.7090328355965546e+01	   4.1430119768074384e+01	   5.9798288747721472e+01	   1.1032424957167086e+01	   7.8548107025142588e+00	   1.1731216812197070e+01	   1.2740457123762381e+01	   1.0398231567544403e+01	   8.0223661126695980e+00	
   2.3581444216745204e+00	   4.0689107295738145e+00	   1.8621785408523706e+01	   4.2321388560222275e+01	   1.8077601766353549e+01	   1.5948497272545094e+01	   1.8621785408523706e+01	   1.2550023041889560e+01	   6.6996056592775034e+01	   6.0910941798628386e+01	   6.5768765900409278e+01	   6.6018600203914545e+01	   6.7546714466096574e+01	   5.8030417288146992e+01	   1.6989422516178614e+01	   1.2488874001161379e+01	   1.6922636757059518e+01	   1.4469187893145145e+01	   1.3918110671427861e+01	   5.7282349200964120e+00	
   2.3512316019907717e+00	   4.9923897016247212e+00	   2.8495504958759081e+01	   1.5810779552210601e+01	   3.0806541956102873e+01	   1.5940299765000709e+01	   1.3368303608677799e+01	   1.1694895419330836e+01	   6.8046370943608139e+01	   6.8679336877366609e+01	   6.3417242303376739e+01	   6.5608059394967199e+01	   6.7590323477591241e+01	   4.8031109339100283e+01	   1.7411900720601317e+01	   1.2488874001161379e+01	   1.1935818512545447e+01	   1.2663975679495461e+01	   1.3525012371874910e+01	   6.6196430994349980e+00	
   3.2813938414590247e+00	   3.4389677299426666e+00	   1.7142429688518192e+01	   4.1438380230247340e+01	   1.8121179628706336e+01	   1.5940299765000709e+01	   1.3368303608677799e+01	   1.1694895419330836e+01	   6.7041957226417978e+01	   5.9904761904622106e+01	   6.5690441976440397e+01	   6.5561084278780569e+01	   6.7590323477591241e+01	   4.9745970610415810e+01	   1.8842464116427799e+01	   1.2488874001161379e+01	   1.6833474673811562e+01	   1.4511374087054612e+01	   1.3806876350953186e+01	   5.9092024007834576e+00	
   2.3577527974256030e+00	   3.8252139209696634e+00	   1.9757497620033586e+01	   3.2268552871697459e+01	   2.2914074138697803e+01	   1.5305966774177605e+01	   1.9757497620033586e+01	   2.9828101316580259e+01	   6.7400170694848725e+01	   6.3941081481289487e+01	   6.6515162941245421e+01	   6.7806411583278617e+01	   6.9972958571521858e+01	   5.4952173502431592e+01	   1.6818616791916764e+01	   1.0077843216304412e+01	   1.5041257807205412e+01	   1.3815530375763970e+01	   1.2360094874603647e+01	   6.0608522816546042e+00	
   2.2909728430117133e+00	   1.6416689157145452e+00	   6.1138702406510617e+01	   1.5986779523828851e+01	   2.6166506996714595e+01	   2.5135567810737435e+01	   6.5327365159931105e+01	   1.0126222204157166e+01	   6.5789314347616468e+01	   4.5982824670307814e+01	   6.4738125935378989e+01	   5.7266128658591825e+01	   7.0516557406471392e+01	   4.2813374705529483e+01	   1.3081683659892088e+01	   1.1009598663308461e+01	   1.1277023632384804e+01	   7.7392275002488349e+00	   1.2026736603835250e+01	   6.9740360673350255e+00	
   2.9527293574281614e+00	   1.6046606582131462e+00	   6.1925755799888869e+01	   1.8439618819724430e+01	   2.6663620647333548e+01	   2.7554641072968600e+01	   6.5548330450931488e+01	   9.4516612464636758e+00	   6.6183356202377965e+01	   4.6118419116776067e+01	   7.1473536744600779e+01	   6.8816867504334454e+01	   7.3051010395789774e+01	   3.1690087201933423e+01	   1.5419654626363652e+01	   6.5766794349596296e+00	   1.0530598092530688e+01	   7.3377879420737262e+00	   1.6154195128361131e+01	   5.1977931575802838e+00	
   3.3979059212569696e+00	   3.5575310821006050e+00	   1.8038891422855610e+01	   1.5861023050470532e+01	   3.1134614646406462e+01	   1.4320139218724343e+01	   1.8038891422855610e+01	   6.5170506291643804e+00	   6.8129084530920537e+01	   6.9270852344120385e+01	   6.3083773844638927e+01	   7.0902879378063417e+01	   7.4179930047522788e+01	   5.0121078898008108e+01	   1.8031407500945882e+01	   1.2906283992817967e+01	   1.1955991375374701e+01	   1.2938438859441264e+01	   1.3733824070495146e+01	   6.6582419079117807e+00	
   2.3591114922035925e+00	   3.7583834576894812e+00	   1.9065799815941489e+01	   3.2178448540572347e+01	   2.2938738954400279e+01	   1.5295343925420376e+01	   1.9065799815941489e+01	   2.9749973606558250e+01	   6.7396130008046967e+01	   6.3826908459724528e+01	   6.6493771785862819e+01	   6.7825500644496614e+01	   6.9957176576807001e+01	   5.4882620078905987e+01	   1.6804402917463314e+01	   1.0108743577889616e+01	   1.5015998567413279e+01	   1.3773187525734395e+01	   1.2389499339302462e+01	   6.0633420099844404e+00	
   3.4726659240624826e+00	   3.4434424393882512e+00	   1.7303220379182076e+01	   1.3354897938860486e+01	   2.4903999336175389e+01	   1.4223109555374842e+01	   1.1324144697636164e+01	   1.1473382697686421e+01	   6.8154462025173331e+01	   6.8593408181500934e+01	   6.6852458792980983e+01	   7.1743762111168806e+01	   7.4246963162355783e+01	   4.7364533263158222e+01	   1.3413881443852967e+01	   1.4974349078704122e+01	   1.1216298045231209e+01	   1.2997603880186793e+01	   7.0346120558886804e+00	   6.5780324688637553e+00	
   2.6120309611345762e+00	   1.7571821995067092e+00	   6.4366243540088291e+01	   1.7373610619914231e+01	   2.7294577016890891e+01	   1.3677778874050636e+01	   6.6270933428793171e+01	   1.6742733566487590e+01	   6.6788027064758282e+01	   4.4996985587106423e+01	   6.3195151827976780e+01	   7.0834598595085041e+01	   6.7616782280453805e+01	   4.2692875188927779e+01	   1.4499766868181327e+01	   1.4500936910019464e+01	   1.0664012320790921e+01	   6.6498044181474461e+00	   1.6752899399683269e+01	   6.6246018369781012e+00	
   2.7915923533008153e+00	   1.6767973764844930e+00	   6.3080010963233924e+01	   1.7935438672235328e+01	   2.6962038310086285e+01	   2.0991428490380471e+01	   6.5890093371722557e+01	   1.2900053030239711e+01	   6.6469341849234667e+01	   4.5588024957998734e+01	   6.7558184752957388e+01	   6.9771175322144032e+01	   7.0480833230954318e+01	   3.6893975193659799e+01	   1.4984583727587861e+01	   1.0522478771230933e+01	   1.0593697799731219e+01	   7.0123986677463952e+00	   1.6437358811221443e+01	   5.8726178076585906e+00	
