  -7.3752816588651575e+06	   5.7292519572713051e+05	
  -7.3753976084853634e+06	   5.7445769984507666e+05	
  -7.3756859787430149e+06	   5.7811042625610135e+05	
  -7.3755074103915934e+06	   5.7594678847863618e+05	
  -7.3757820012300741e+06	   5.7917093116882048e+05	
  -7.3761913206521720e+06	   5.8251382539820950e+05	
  -7.3756129252193701e+06	   5.7725042190995661e+05	
  -7.3734099888110757e+06	   5.3415677262052521e+05	
  -7.3738087267686911e+06	   5.3578162390327407e+05	
  -7.3826394090956058e+06	   7.4073035290765883e+06	
  -7.3819967342782533e+06	   7.3760400858092057e+06	
  -7.3742363618004769e+06	   5.4851919820384937e+05	
  -7.3826373255618364e+06	   7.4071947012521252e+06	
  -7.3741640665304651e+06	   5.4561193283101916e+05	
  -7.3819973094909946e+06	   7.3760541593651967e+06	
  -7.3751523725904524e+06	   5.7103359385589010e+05	
  -7.3741812202138398e+06	   5.4719220736301003e+05	
  -7.3756130013083983e+06	   5.7725058521141636e+05	
  -7.3821207725612801e+06	   7.3852123676677989e+06	
  -7.3827090810221471e+06	   7.4112241232039286e+06	
  -7.3727375909137912e+06	   5.2940270150784566e+05	
  -7.3761941853332194e+06	   5.8252799363195291e+05	
  -7.3761939764111377e+06	   5.8252671907897608e+05	
  -7.3737825902263597e+06	   5.3557174499322404e+05	
  -7.3750293288137224e+06	   5.6880069714443746e+05	
  -7.3753975295069460e+06	   5.7445745201619039e+05	
  -7.3818451336563341e+06	   7.3720630562398778e+06	
  -7.3761201478078403e+06	   5.8283992342615768e+05	
  -7.3739502592226360e+06	   5.3693673998283036e+05	
  -7.3744014196448168e+06	   5.5428315263071039e+05	
  -7.3824859328786349e+06	   7.4015497700253911e+06	
  -7.3746787665034384e+06	   5.6156311230323662e+05	
  -7.3737873447494935e+06	   5.3572722437295038e+05	
  -7.3747764913039114e+06	   5.6381035317426582e+05	
  -7.3733812771175634e+06	   5.3404236809874151e+05	
  -7.3756122063925061e+06	   5.7724750300664071e+05	
  -7.3738060301066032e+06	   5.3577027427404968e+05	
  -7.3749381390883205e+06	   5.6712996873283561e+05	
  -7.3731446045718836e+06	   5.3232103346676345e+05	
  -7.3762006083431263e+06	   5.8276905008629884e+05	
  -7.3760344850515528e+06	   5.8180267347063462e+05	
  -7.3733557566060731e+06	   5.3374051350522577e+05	
  -7.3748578664182387e+06	   5.6545515856234042e+05	
  -7.3761944497626964e+06	   5.8252890763781394e+05	
  -7.3732684821537221e+06	   5.3339599339654285e+05	
  -7.3761945257618241e+06	   5.8252907085131051e+05	
  -7.3738084883279763e+06	   5.3578039957615617e+05	
  -7.3729627159100007e+06	   5.3041355249758915e+05	
  -7.3731655188466338e+06	   5.3253516400383355e+05	
  -7.3746089013515040e+06	   5.6074551232397580e+05	
  -7.3818540196635993e+06	   7.3744768382961731e+06	
  -7.3812147121359557e+06	   7.3922725458533624e+06	
  -7.3742379624774829e+06	   5.4852558011037880e+05	
  -7.3729408750721440e+06	   5.3033358496577840e+05	
  -7.3742940439494178e+06	   5.5103842542322306e+05	
  -7.3730841210290361e+06	   5.3268714171767607e+05	
  -7.3751530533860512e+06	   5.7109902911950718e+05	
  -7.3736448093098421e+06	   5.3514225110868469e+05	
  -7.3733557566060731e+06	   5.3374051350522577e+05	
  -7.3822398598689493e+06	   7.3930916751145767e+06	
  -7.3826373255612552e+06	   7.4071947011383595e+06	
  -7.3761939764111377e+06	   5.8252671907897608e+05	
  -7.3739508634735681e+06	   5.3700205466035369e+05	
  -7.3819820087420698e+06	   7.3756305059827566e+06	
  -7.3737060943104569e+06	   5.3525778345231351e+05	
  -7.3751301211889796e+06	   5.7046806845235638e+05	
  -7.3761941669988893e+06	   5.8252723165453831e+05	
  -7.3747749592730431e+06	   5.6374050743830204e+05	
  -7.3743978741001161e+06	   5.5413422036501160e+05	
  -7.3734644535079747e+06	   5.3427355629324494e+05	
  -7.3588401733033732e+06	   9.3344987902094319e+04	
  -7.3729954813536182e+06	   5.3209610243986850e+05	
  -7.3739474437427260e+06	   5.3692500903682061e+05	
  -7.3796848907058351e+06	   7.4349142205562757e+05	
  -7.3735468047804199e+06	   5.3449813140501757e+05	
  -7.3738088031366281e+06	   5.3578178747727245e+05	
  -7.3756844083362138e+06	   5.7809240139861521e+05	
  -7.3730692066183360e+06	   5.3216861275188182e+05	
  -7.3826362852382027e+06	   7.4071841890062606e+06	
  -7.3819814707191214e+06	   7.3756255672214776e+06	
  -7.3746781142396331e+06	   5.6149772169696249e+05	
  -7.3819967345785312e+06	   7.3760400861627208e+06	
  -7.3822397317411434e+06	   7.3907412387324311e+06	
  -7.3740165765563287e+06	   5.3834213968201028e+05	
  -7.3755704270336237e+06	   5.7672844175479887e+05	
  -7.3755090519844750e+06	   5.7595498995410302e+05	
  -7.3826390487268865e+06	   7.4073013076832062e+06	
  -7.3745221060874220e+06	   5.5768925900242082e+05	
  -7.3826372491768897e+06	   7.4071945398652209e+06	
