   7.9548489513388105e+00	   5.7830866712187046e-01	  -2.2866736599119586e-01	  -2.0676175365168770e+00	   4.4010900649785569e+01	   8.0320167474420376e+00	   9.2513442458435264e+00	   1.4516558045441907e+00	   7.7910651957508534e+00	
   7.9697217630116510e+00	   5.7835452332356596e-01	  -6.5366806962801727e-02	   1.4012621472877976e-01	   2.1175427510517665e+01	   8.0320167474420376e+00	   8.2698645515007563e+00	   1.4516558045441907e+00	   6.8666458354070778e+00	
   7.9089709090876639e+00	   5.7832946928796636e-01	  -3.2786455242609713e-01	  -3.3755470898932565e+00	   2.1175427510517665e+01	   8.0320167474420376e+00	   9.2148836405968311e+00	   1.4516558045441907e+00	   5.7337768498302024e+00	
   7.9190795005596621e+00	   5.7835452332356596e-01	  -8.5183255051205539e-02	  -2.3197736638991717e+00	   2.1434054907965013e+01	   8.0320167474420376e+00	   9.2513442458435264e+00	   1.4516558045441907e+00	   5.7337768498302024e+00	
   7.9190795005596621e+00	   5.7830866712187046e-01	  -2.7986906318446925e-01	  -1.8888166309366665e+00	   2.1175427510517665e+01	   8.0320167474420376e+00	   9.2050288765946355e+00	   1.4516558045441907e+00	   5.7337768498302024e+00	
   1.7678866521794874e+00	   5.7833053756698605e-01	  -6.5366806962801727e-02	  -3.1454348414216327e+00	   1.7813313272936821e+01	   8.0320167474420376e+00	   9.2513442458435264e+00	   1.4516558045441907e+00	   7.6304433980431696e+00	
   7.9245630689451696e+00	   5.7832237861477220e-01	  -5.1779624371725408e-01	  -7.5847868849927558e-01	   2.1230408047557329e+01	   8.0320167474420376e+00	   8.2698645515007563e+00	   1.4516558045441907e+00	   6.8666458354070778e+00	
   9.2341857317966394e+00	   5.7830866712187046e-01	  -8.5183255051205539e-02	   1.3467590249278247e-01	   3.8910399522237107e+01	   8.0320167474420376e+00	   9.2148836405968311e+00	   1.4516558045441907e+00	   5.7337768498302024e+00	
   7.9089709090876639e+00	   5.7832237861477220e-01	  -5.1779624371725408e-01	   1.4012621472877976e-01	   2.1230408047557329e+01	   8.0320167474420376e+00	   8.2698645515007563e+00	   1.4516558045441907e+00	   5.7337768498302024e+00	
   7.9697217630116510e+00	   5.7835452332356596e-01	  -3.2798641255850824e-01	   1.4012621472877976e-01	   2.1175427510517665e+01	   8.0320167474420376e+00	   9.2148836405968311e+00	   1.9889639013140670e-01	   5.7337768498302024e+00	
  -7.9426752988570861e+00	   5.7832237861477220e-01	  -3.2798641255850824e-01	   1.3467590249278247e-01	   2.1175427510517665e+01	   8.0320167474420376e+00	   9.2148836405968311e+00	  -2.7621849101930287e+01	   6.2231501254665025e+00	
   1.7678866521794874e+00	   5.7830866712187046e-01	  -2.7986906318446925e-01	   1.3467590249278247e-01	   1.7813313272936821e+01	   8.0320167474420376e+00	   9.2148836405968311e+00	   3.0489118923567755e+00	   6.2231501254665025e+00	
   7.9697217630116510e+00	   5.7836051857950577e-01	  -3.2798641255850824e-01	   1.4012621472877976e-01	   2.1175427510517665e+01	   8.0320167474420376e+00	   9.2148836405968311e+00	   1.9889639013140670e-01	   5.7337768498302024e+00	
   7.9245630689451696e+00	   5.7833053756698605e-01	  -2.7986906318446925e-01	   1.4009588139223778e-01	   1.7813313272936821e+01	   8.0320167474420376e+00	   9.2513442458435264e+00	   3.0489118923567755e+00	   6.2231501254665025e+00	
   8.2486745777248558e+00	   5.7834138561540849e-01	  -3.2798641255850824e-01	   1.4010488766755316e-01	   2.1175427510517665e+01	   8.0320167474420376e+00	   9.2513442458435264e+00	  -2.7621849101930287e+01	   6.8666458354070778e+00	
   7.9190795005596621e+00	   5.7835452332356596e-01	  -5.3521013546252938e-02	   2.2251187860362467e-01	   2.1175427510517665e+01	   8.0320167474420376e+00	   9.2513442458435264e+00	  -1.5343243346633706e-01	   6.2231501254665025e+00	
   1.7678866521794874e+00	   5.7836051857950577e-01	  -3.2786455242609713e-01	   1.3467590249278247e-01	   1.7813313272936821e+01	   8.0320167474420376e+00	   8.2698645515007563e+00	  -1.5343243346633706e-01	   6.2231501254665025e+00	
   7.9245630689451696e+00	   5.7832237861477220e-01	  -5.1779624371725408e-01	  -7.5847868849927558e-01	   2.1175427510517665e+01	   8.0320167474420376e+00	   9.2148836405968311e+00	   1.4516558045441907e+00	   7.6304433980431696e+00	
   7.9697217630116510e+00	   5.7836051857950577e-01	  -3.2798641255850824e-01	   1.4012621472877976e-01	   2.4825333980172402e+01	   8.0320167474420376e+00	   9.2148836405968311e+00	  -5.7814519823776848e+01	   5.7337768498302024e+00	
   1.7678866521794874e+00	   5.7835452332356596e-01	  -5.1779624371725408e-01	   1.3467590249278247e-01	   2.1615758011925568e+01	   8.0320167474420376e+00	   9.2513442458435264e+00	   1.9015346538840516e-01	   5.7337768498302024e+00	
   7.9245630689451696e+00	   5.7833053756698605e-01	  -6.5366806962801727e-02	   1.3282214397638586e-01	   1.0142342823635905e+01	   8.0320167474420376e+00	   9.2513442458435264e+00	  -4.0541464919182146e-01	   5.7337768498302024e+00	
   7.9089709090876639e+00	   5.7833053756698605e-01	  -8.5183255051205539e-02	  -3.1454348414216327e+00	   2.1615758011925568e+01	   8.0320167474420376e+00	   9.2513442458435264e+00	   1.4516558045441907e+00	   5.7337768498302024e+00	
   1.7678866521794874e+00	   5.7830866712187046e-01	  -6.5366806962801727e-02	  -3.1454348414216327e+00	   2.1986491136651516e+01	   8.0320167474420376e+00	   9.2148836405968311e+00	   1.4516558045441907e+00	   7.7721358116965753e+00	
   1.5284208800062402e+01	   5.7830866712187046e-01	  -5.1779624371725408e-01	   1.3282214397638586e-01	   1.7813313272936821e+01	   8.0320167474420376e+00	   9.2148836405968311e+00	   2.4898042189008427e+00	   5.7337768498302024e+00	
   7.9245630689451696e+00	   5.7830866712187046e-01	  -8.5183255051205539e-02	  -2.0676561541321092e-01	   2.1175427510517665e+01	   8.0320167474420376e+00	   9.2148836405968311e+00	   1.4516558045441907e+00	   5.7337768498302024e+00	
   7.9089709090876639e+00	   5.7830866712187046e-01	  -6.5366806962801727e-02	   1.4012621472877976e-01	   2.1230408047557329e+01	   8.0320167474420376e+00	   9.2513442458435264e+00	   1.4516558045441907e+00	   7.6304433980431696e+00	
   7.9697217630116510e+00	   5.7830866712187046e-01	  -3.2786455242609713e-01	   1.4009758767348107e-01	   1.0142342823635905e+01	   8.0320167474420376e+00	   9.2513442458435264e+00	  -2.5176402963981648e+01	   5.7337768498302024e+00	
   9.1406709603953118e+00	   5.7830866712187046e-01	  -3.2786455242609713e-01	  -3.1454348414216327e+00	   2.1175427510517665e+01	   8.0320167474420376e+00	   9.2148836405968311e+00	  -1.5343243346633706e-01	   5.7337768498302024e+00	
   8.0709647614628039e+00	   5.7836051857950577e-01	  -6.5366806962801727e-02	   1.3376221366588936e-01	   2.1175427510517665e+01	   8.0320167474420376e+00	   9.2513442458435264e+00	  -1.5343243346633706e-01	   6.2231501254665025e+00	
   9.8728746894787935e+00	   5.7836051857950577e-01	  -1.5602919825537687e-02	   1.0201458233816457e-01	   2.1175427510517665e+01	   8.0320167474420376e+00	   9.2148836405968311e+00	   3.0489118923567755e+00	   5.7337768498302024e+00	
   7.9697217630116510e+00	   5.7836051857950577e-01	  -3.2798641255850824e-01	   1.4012621472877976e-01	   2.2648934039868770e+01	   8.0320167474420376e+00	   9.2148836405968311e+00	  -2.3221744191171886e+01	   5.7337768498302024e+00	
  -7.9426752988570861e+00	   5.7836051857950577e-01	  -3.2798641255850824e-01	  -1.2579527373063293e-01	   2.1175427510517665e+01	   8.0320167474420376e+00	   9.2148836405968311e+00	  -1.5343243346633706e-01	   5.8328712935638274e+00	
   9.1406709603953118e+00	   5.7832946928796636e-01	  -8.5183255051205539e-02	   1.4012621472877976e-01	   1.7813313272936821e+01	   8.0320167474420376e+00	   8.2698645515007563e+00	   3.0687000820851331e+00	   7.7721358116965753e+00	
   7.9089709090876639e+00	   5.7835452332356596e-01	  -3.2798641255850824e-01	   1.5711514376315328e+00	   2.1434054907965013e+01	   8.0320167474420376e+00	   9.2148836405968311e+00	  -1.5343243346633706e-01	   5.7337768498302024e+00	
   7.9245630689451696e+00	   5.7834138561540849e-01	  -6.5366806962801727e-02	   1.3376221366588936e-01	   2.1175427510517665e+01	   8.0320167474420376e+00	   9.2148836405968311e+00	   1.4516558045441907e+00	   5.8328712935638274e+00	
   1.5284208800062402e+01	   5.7835452332356596e-01	  -5.1779624371725408e-01	  -7.5847868849927558e-01	   2.4825333980172402e+01	   8.0320167474420376e+00	   9.2148836405968311e+00	   1.4516558045441907e+00	   5.7337768498302024e+00	
   1.7678866521794874e+00	   5.7833053756698605e-01	  -3.2798641255850824e-01	   1.4009758767348107e-01	   1.7813313272936821e+01	   8.0320167474420376e+00	   9.2513442458435264e+00	   1.4516558045441907e+00	   7.6304433980431696e+00	
   7.9697217630116510e+00	   5.7835452332356596e-01	  -8.5183255051205539e-02	  -8.3286931522154517e-01	   2.1175427510517665e+01	   8.0320167474420376e+00	   8.2698645515007563e+00	  -1.5343243346633706e-01	   5.7337768498302024e+00	
  -7.9426752988570861e+00	   5.7832237861477220e-01	  -2.6067734664060094e-01	   1.4012621472877976e-01	   1.9710917098605627e+01	   8.0320167474420376e+00	   9.2148836405968311e+00	  -4.9098980575700979e-01	   6.8033853289057049e+00	
   7.9190795005596621e+00	   5.7835452332356596e-01	  -8.5183255051205539e-02	  -3.1454348414216327e+00	   2.1175427510517665e+01	   8.0320167474420376e+00	   9.2513442458435264e+00	   1.5815389734740135e+00	   5.7337768498302024e+00	
   9.1406709603953118e+00	   5.7832946928796636e-01	  -8.5183255051205539e-02	  -3.1454348414216327e+00	   5.1691236386434412e+01	   8.0320167474420376e+00	   8.2698645515007563e+00	   3.0687000820851331e+00	   7.7721358116965753e+00	
   9.1406709603953118e+00	   5.7834138561540849e-01	  -3.2798641255850824e-01	   1.3376221366588936e-01	   2.1175427510517665e+01	   8.0320167474420376e+00	   9.2513442458435264e+00	   1.4276978333277706e+00	   5.8328712935638274e+00	
   1.7678866521794874e+00	   5.7836051857950577e-01	  -3.2786455242609713e-01	  -3.6848522577420662e-01	   2.1175427510517665e+01	   8.0320167474420376e+00	   9.2513442458435264e+00	  -1.5343243346633706e-01	   6.2231501254665025e+00	
   9.1406709603953118e+00	   5.7830866712187046e-01	  -8.5183255051205539e-02	  -3.1454348414216327e+00	   2.1230408047557329e+01	   8.0320167474420376e+00	   9.2148836405968311e+00	   1.4516558045441907e+00	   7.7721358116965753e+00	
   7.9697217630116510e+00	   5.7832237861477220e-01	  -8.5183255051205539e-02	   1.3467590249278247e-01	   2.1175427510517665e+01	   8.0320167474420376e+00	   9.2812761104114347e+00	   1.4276978333277706e+00	   7.7721358116965753e+00	
   9.1406709603953118e+00	   5.7832946928796636e-01	  -3.2786455242609713e-01	  -3.1454348414216327e+00	   2.1175427510517665e+01	   8.0320167474420376e+00	   9.2148836405968311e+00	   1.4516558045441907e+00	   7.7721358116965753e+00	
   7.9089709090876639e+00	   5.7834138561540849e-01	  -3.2798641255850824e-01	   1.4012621472877976e-01	   2.1308467654482016e+01	   8.0320167474420376e+00	   6.7743916558233668e+00	   1.4516558045441907e+00	   8.2302293193716203e+00	
   7.9245630689451696e+00	   5.7832946928796636e-01	  -3.2798641255850824e-01	   1.4012621472877976e-01	   1.2329718347101938e+01	   8.0320167474420376e+00	   9.2050288765946355e+00	  -2.1308534063043838e-01	   7.7910651957508534e+00	
   1.7678866521794874e+00	   5.7830866712187046e-01	  -3.2798641255850824e-01	   1.4009758767348107e-01	   2.1222915754400873e+01	   8.0320167474420376e+00	   9.2513442458435264e+00	  -1.7241268546324129e-02	   5.8328712935638274e+00	
   1.7678866521794874e+00	   5.7833053756698605e-01	  -6.5366806962801727e-02	  -1.2579527373063293e-01	   2.1175427510517665e+01	   8.0320167474420376e+00	   9.2513442458435264e+00	   1.4516558045441907e+00	   5.7337768498302024e+00	
   9.1406709603953118e+00	   5.7833617493895506e-01	  -3.2798641255850824e-01	   1.4010488766755316e-01	   2.1222915754400873e+01	   8.0320167474420376e+00	   9.2513442458435264e+00	  -2.7621849101930287e+01	   6.8666458354070778e+00	
   8.2486745777248558e+00	   5.7830866712187046e-01	  -3.2798641255850824e-01	  -1.2579527373063293e-01	   2.1230408047557329e+01	   8.0320167474420376e+00	   9.2513442458435264e+00	  -2.7621849101930287e+01	   6.8666458354070778e+00	
   7.9245630689451696e+00	   5.7836051857950577e-01	  -2.7986906318446925e-01	   1.3467590249278247e-01	   2.0634879173186196e+01	   8.0320167474420376e+00	   9.2371609895917111e+00	   3.0489118923567755e+00	   6.2231501254665025e+00	
   7.9245630689451696e+00	   5.7832946928796636e-01	  -3.2798641255850824e-01	   1.4012621472877976e-01	   1.2473936695113434e+01	   8.0320167474420376e+00	   9.2148836405968311e+00	  -2.1308534063043838e-01	   5.7337768498302024e+00	
   1.7678866521794874e+00	   5.7830866712187046e-01	  -8.5183255051205539e-02	  -1.2579527373063293e-01	   2.1230408047557329e+01	   8.0320167474420376e+00	   9.2513442458435264e+00	  -1.5343243346633706e-01	   5.7337768498302024e+00	
   7.9697217630116510e+00	   5.7830866712187046e-01	  -3.2798641255850824e-01	   1.4012621472877976e-01	   1.2329718347101938e+01	   8.0320167474420376e+00	   9.2513442458435264e+00	   1.4276978333277706e+00	   7.7721358116965753e+00	
   7.9190795005596621e+00	   5.7835452332356596e-01	  -5.3521013546252938e-02	   2.2251187860362467e-01	   2.1175427510517665e+01	   8.0320167474420376e+00	   8.2698645515007563e+00	  -1.5343243346633706e-01	   5.7337768498302024e+00	
   9.1406709603953118e+00	   5.7832946928796636e-01	  -3.2798641255850824e-01	   1.4008999039712189e-01	   5.1691236386434412e+01	   8.0320167474420376e+00	   8.2698645515007563e+00	   3.0687000820851331e+00	   7.7721358116965753e+00	
   7.9697217630116510e+00	   5.7832237861477220e-01	  -3.2798641255850824e-01	   1.3467590249278247e-01	   2.1175427510517665e+01	   8.0320167474420376e+00	   9.2513442458435264e+00	   1.4276978333277706e+00	   7.7721358116965753e+00	
   7.9245630689451696e+00	   5.7830866712187046e-01	  -8.5183255051205539e-02	   1.4012621472877976e-01	   2.1175427510517665e+01	   8.0320167474420376e+00	   9.2513442458435264e+00	  -3.7974307643169043e+00	   7.7910651957508534e+00	
   7.9245630689451696e+00	   5.7835452332356596e-01	  -3.2798641255850824e-01	   1.3376221366588936e-01	   2.1175427510517665e+01	   8.0320167474420376e+00	   9.2050288765946355e+00	   1.9889639013140670e-01	   7.7721358116965753e+00	
   1.7678866521794874e+00	   5.7830866712187046e-01	  -6.5366806962801727e-02	  -3.1454348414216327e+00	   2.1986491136651516e+01	   8.0320167474420376e+00	   9.2148836405968311e+00	   1.4516558045441907e+00	   7.7721358116965753e+00	
   7.9190795005596621e+00	   5.7835452332356596e-01	  -5.3521013546252938e-02	   1.4012621472877976e-01	   2.1175427510517665e+01	   8.0320167474420376e+00	   8.2698645515007563e+00	  -1.5343243346633706e-01	   7.7910651957508534e+00	
   7.9697217630116510e+00	   5.7835452332356596e-01	  -5.1779624371725408e-01	   1.3467590249278247e-01	   2.1615758011925568e+01	   8.0320167474420376e+00	   9.2513442458435264e+00	  -2.5176402963981648e+01	   5.7337768498302024e+00	
  -7.9426752988570861e+00	   5.7832237861477220e-01	  -3.2798641255850824e-01	   1.3467590249278247e-01	   4.6490425326384610e+01	   8.0320167474420376e+00	   9.2148836405968311e+00	   2.4898042189008427e+00	   5.8328712935638274e+00	
   7.9089709090876639e+00	   5.7834138561540849e-01	  -3.2798641255850824e-01	   2.2251187860362467e-01	   2.1308467654482016e+01	   8.0320167474420376e+00	   9.2513442458435264e+00	   1.4516558045441907e+00	   8.2302293193716203e+00	
   7.9089709090876639e+00	   5.7833053756698605e-01	  -6.5366806962801727e-02	  -3.1454348414216327e+00	   2.1308467654482016e+01	   8.0320167474420376e+00	   9.2513442458435264e+00	   1.4516558045441907e+00	   5.7337768498302024e+00	
  -7.9426752988570861e+00	   5.7832237861477220e-01	  -5.1779624371725408e-01	   1.5711514376315328e+00	   1.7813313272936821e+01	   8.0320167474420376e+00	   9.2148836405968311e+00	  -1.5343243346633706e-01	   6.2231501254665025e+00	
   1.7678866521794874e+00	   5.7833617493895506e-01	  -5.1779624371725408e-01	   1.0201458233816457e-01	   1.7813313272936821e+01	   8.0320167474420376e+00	   9.2148836405968311e+00	   3.0489118923567755e+00	   6.2231501254665025e+00	
   7.9245630689451696e+00	   5.7830866712187046e-01	  -3.2798641255850824e-01	   1.4012621472877976e-01	   2.4315721008786689e+01	   8.0320167474420376e+00	   9.2148836405968311e+00	   2.4898042189008427e+00	   5.8328712935638274e+00	
   7.9697217630116510e+00	   5.7836051857950577e-01	   1.4099808200235986e-01	  -7.2005536549502924e-01	   2.0634879173186196e+01	   8.0320167474420376e+00	   9.2148836405968311e+00	  -1.5343243346633706e-01	   1.8651471770679275e+00	
  -2.0788748881689072e+00	   5.7830866712187046e-01	  -4.5466933303041746e-01	   1.4009758767348107e-01	   2.1247692818607817e+01	   8.0320167474420376e+00	   9.2513442458435264e+00	   1.3109590000552291e+01	   4.8210570517444333e+00	
   1.7678866521794874e+00	   5.7836051857950577e-01	  -3.2798641255850824e-01	   1.4012621472877976e-01	   1.7813313272936821e+01	   8.0320167474420376e+00	   9.2148836405968311e+00	  -1.5343243346633706e-01	   6.2231501254665025e+00	
   7.9245630689451696e+00	   5.7833053756698605e-01	  -3.2798641255850824e-01	   1.4012621472877976e-01	   1.0142342823635905e+01	   8.0320167474420376e+00	   9.2513442458435264e+00	  -4.0541464919182146e-01	   5.8328712935638274e+00	
   7.9245630689451696e+00	   5.7834138561540849e-01	  -3.2786455242609713e-01	   1.4012621472877976e-01	   2.3518720813451345e+01	   8.0320167474420376e+00	   9.2513442458435264e+00	   2.4898042189008427e+00	   5.7337768498302024e+00	
   9.2341857317966394e+00	   5.7836051857950577e-01	  -3.2798641255850824e-01	   1.4012621472877976e-01	   2.1175427510517665e+01	   8.0320167474420376e+00	   6.7743916558233668e+00	   1.4516558045441907e+00	   7.7910651957508534e+00	
   7.0807912977717731e+00	   5.7827561544573924e-01	  -2.4919761978955796e-01	  -3.1821257273831467e+00	   2.1175427510517665e+01	   8.0320167474420376e+00	   1.0754390030113900e+01	   1.4516558045441907e+00	   4.4223994803410882e+00	
   1.7678866521794874e+00	   5.7830866712187046e-01	  -3.2798641255850824e-01	   1.4012621472877976e-01	   1.2329718347101938e+01	   8.0320167474420376e+00	   9.2513442458435264e+00	  -1.7241268546324129e-02	   5.8328712935638274e+00	
   7.9089709090876639e+00	   5.7835452332356596e-01	  -2.7986906318446925e-01	   1.3467590249278247e-01	   1.7813313272936821e+01	   8.0320167474420376e+00	   9.2148836405968311e+00	   1.9889639013140670e-01	   5.7337768498302024e+00	
   9.1406709603953118e+00	   5.7836051857950577e-01	  -2.7986906318446925e-01	   1.4009758767348107e-01	   2.1434054907965013e+01	   8.0320167474420376e+00	   9.2513442458435264e+00	  -2.5176402963981648e+01	   7.7721358116965753e+00	
   1.7678866521794874e+00	   5.7836051857950577e-01	  -3.2786455242609713e-01	  -1.2579527373063293e-01	   2.1175427510517665e+01	   8.0320167474420376e+00	   8.2698645515007563e+00	  -1.5343243346633706e-01	   6.2231501254665025e+00	
  -7.9426752988570861e+00	   5.7832237861477220e-01	  -3.2798641255850824e-01	   1.3376221366588936e-01	   2.1175427510517665e+01	   8.0320167474420376e+00	   9.2513442458435264e+00	  -2.7621849101930287e+01	   6.2231501254665025e+00	
   7.9245630689451696e+00	   5.7830866712187046e-01	  -1.5602919825537687e-02	   1.4012621472877976e-01	   2.1175427510517665e+01	   8.0320167474420376e+00	   9.2513442458435264e+00	  -3.7974307643169043e+00	   5.5935366778372462e+00	
   1.7678866521794874e+00	   5.7835452332356596e-01	  -2.7986906318446925e-01	   1.3467590249278247e-01	   2.1230408047557329e+01	   8.0320167474420376e+00	   9.2148836405968311e+00	   3.0489118923567755e+00	   6.2231501254665025e+00	
   7.9089709090876639e+00	   5.7835452332356596e-01	  -3.6119737967017573e-01	  -3.4071535297302833e+00	   2.1175427510517665e+01	   8.0320167474420376e+00	   9.2098756936761212e+00	   1.4516558045441907e+00	   5.7337768498302024e+00	
   1.7678866521794874e+00	   5.7835452332356596e-01	  -3.1804081828746611e-01	  -2.3197736638991717e+00	   2.1776824704804444e+01	   8.0320167474420376e+00	   9.2513442458435264e+00	   1.4516558045441907e+00	   5.7337768498302024e+00	
   1.5284208800062402e+01	   5.7835452332356596e-01	  -3.2798641255850824e-01	   1.4012621472877976e-01	   2.4825333980172402e+01	   8.0320167474420376e+00	   9.2148836405968311e+00	   1.9889639013140670e-01	   5.7337768498302024e+00	
   7.9697217630116510e+00	   5.7830866712187046e-01	  -2.7986906318446925e-01	  -3.2605837693369488e-01	   2.1175427510517665e+01	   8.0320167474420376e+00	   9.2050288765946355e+00	  -1.5343243346633706e-01	   5.7337768498302024e+00	
   7.9089709090876639e+00	   5.7835452332356596e-01	  -3.2798641255850824e-01	   1.4012621472877976e-01	   2.1230408047557329e+01	   8.0320167474420376e+00	   8.2698645515007563e+00	   1.9889639013140670e-01	   5.7337768498302024e+00	
