   1.3278317316236219e+01	   5.0000000000000000e+00	   9.0000000000000002e-01	   4.0347116036855490e-01	   9.9104604087509429e+01	   0.0000000000000000e+00	   0.0000000000000000e+00	   6.4190421554160892e+01	   8.0000000000000000e+01	
   1.2039957514529084e+01	   5.0000000000000000e+00	   9.0000000000000002e-01	   3.6877271598166705e-01	   9.9988263832055068e+01	   0.0000000000000000e+00	   6.0207222711180174e-04	   6.4190421554160892e+01	   8.0000000000000000e+01	
   1.2004636825292392e+01	   5.0000000000000000e+00	   9.0000000000000002e-01	   2.7198502848810369e-01	   9.9988263832055068e+01	   0.0000000000000000e+00	   5.5034570122221142e-04	   6.4190421554160892e+01	   8.0000000000000000e+01	
   1.2005126614936481e+01	   5.0000000000000000e+00	   9.0000000000000002e-01	   3.3120541797845493e-01	   9.9846837404466953e+01	   0.0000000000000000e+00	   0.0000000000000000e+00	   6.4190421554160892e+01	   8.0000000000000000e+01	
   1.2005126614936481e+01	   5.0000000000000000e+00	   9.0000000000000002e-01	   2.3973248115249576e-01	   9.9988263832055068e+01	   0.0000000000000000e+00	   7.3633224849342150e-04	   6.4190421554160892e+01	   8.0000000000000000e+01	
   1.6559844030497047e+01	   5.0000000000000000e+00	   9.0000000000000002e-01	   1.0102283140297302e-01	   9.9773634909474453e+01	   0.0000000000000000e+00	   0.0000000000000000e+00	   6.4190421554160892e+01	   8.0000000000000000e+01	
   1.2000000000000000e+01	   5.0000000000000000e+00	   9.0000000000000002e-01	   2.9648997905018115e-01	   9.9987925238017567e+01	   0.0000000000000000e+00	   6.0207222711180174e-04	   6.4190421554160892e+01	   8.0000000000000000e+01	
   1.3254975751069482e+01	   5.0000000000000000e+00	   9.0000000000000002e-01	   9.0000000000000002e-01	   6.7621739649073632e+01	   0.0000000000000000e+00	   3.8188062518716465e-04	   6.4190421554160892e+01	   8.0000000000000000e+01	
   1.2004636825292392e+01	   5.0000000000000000e+00	   9.0000000000000002e-01	   9.0000000000000002e-01	   9.9987925238017567e+01	   0.0000000000000000e+00	   6.0207222711180174e-04	   6.4190421554160892e+01	   8.0000000000000000e+01	
   1.2039957514529084e+01	   5.0000000000000000e+00	   9.0000000000000002e-01	   9.0000000000000002e-01	   9.9988263832055068e+01	   0.0000000000000000e+00	   5.5034570122221142e-04	   7.0031039386097987e+01	   8.0000000000000000e+01	
   1.6058475440394780e+01	   5.0000000000000000e+00	   9.0000000000000002e-01	   9.0000000000000002e-01	   9.9988263832055068e+01	   0.0000000000000000e+00	   3.8188062518716465e-04	   7.9776252540317429e+01	   8.0004234058795461e+01	
   1.6559844030497047e+01	   5.0000000000000000e+00	   9.0000000000000002e-01	   8.1430906020739924e-01	   9.9773634909474453e+01	   0.0000000000000000e+00	   5.5034570122221142e-04	   6.0000000000000000e+01	   8.0004234058795461e+01	
   1.2039957514529084e+01	   5.0000000000000000e+00	   9.0000000000000002e-01	   9.0000000000000002e-01	   9.9988263832055068e+01	   0.0000000000000000e+00	   5.5034570122221142e-04	   7.0063232413983130e+01	   8.0000000000000000e+01	
   1.2000000000000000e+01	   5.0000000000000000e+00	   9.0000000000000002e-01	   8.4214882862195051e-01	   9.9773634909474453e+01	   0.0000000000000000e+00	   0.0000000000000000e+00	   6.0000000000000000e+01	   8.0004234058795461e+01	
   1.3633245207143883e+01	   5.0000000000000000e+00	   9.0000000000000002e-01	   9.0000000000000002e-01	   9.9988263832055068e+01	   0.0000000000000000e+00	   0.0000000000000000e+00	   7.9776252540317429e+01	   8.0000000000000000e+01	
   1.2005126614936481e+01	   5.0000000000000000e+00	   9.0000000000000002e-01	   4.5833339408043033e-01	   9.9988263832055068e+01	   0.0000000000000000e+00	   0.0000000000000000e+00	   6.1348601004685989e+01	   8.0004234058795461e+01	
   1.6559844030497047e+01	   5.0000000000000000e+00	   9.0000000000000002e-01	   8.1430906020739924e-01	   9.9773634909474453e+01	   0.0000000000000000e+00	   6.0207222711180174e-04	   6.1348601004685989e+01	   8.0004234058795461e+01	
   1.2000000000000000e+01	   5.0000000000000000e+00	   9.0000000000000002e-01	   2.9648997905018115e-01	   9.9988263832055068e+01	   0.0000000000000000e+00	   5.5034570122221142e-04	   6.4190421554160892e+01	   8.0000000000000000e+01	
   1.2039957514529084e+01	   5.0000000000000000e+00	   9.0000000000000002e-01	   9.0000000000000002e-01	   9.9943195048525823e+01	   0.0000000000000000e+00	   5.5034570122221142e-04	   7.7927992940955164e+01	   8.0000000000000000e+01	
   1.6559844030497047e+01	   5.0000000000000000e+00	   9.0000000000000002e-01	   9.0000000000000002e-01	   9.9974295703372462e+01	   0.0000000000000000e+00	   0.0000000000000000e+00	   6.8970756159324779e+01	   8.0000000000000000e+01	
   1.2306828098531668e+01	   5.0000000000000000e+00	   9.0000000000000002e-01	   9.0000000000000002e-01	   1.2849442919558889e+01	   0.0000000000000000e+00	   0.0000000000000000e+00	   6.6535632707406748e+01	   8.0000000000000000e+01	
   1.2004636825292392e+01	   5.0000000000000000e+00	   9.0000000000000002e-01	   1.0102283140297302e-01	   9.9974295703372462e+01	   0.0000000000000000e+00	   0.0000000000000000e+00	   6.4190421554160892e+01	   8.0000000000000000e+01	
   1.6559844030497047e+01	   5.0000000000000000e+00	   9.0000000000000002e-01	   1.0102283140297302e-01	   9.9956827903783363e+01	   0.0000000000000000e+00	   5.5034570122221142e-04	   6.4190421554160892e+01	   8.0000000000000000e+01	
   1.2927196457540171e+01	   5.0000000000000000e+00	   9.0000000000000002e-01	   9.0000000000000002e-01	   9.9773634909474453e+01	   0.0000000000000000e+00	   5.5034570122221142e-04	   6.4653692696504294e+01	   8.0000000000000000e+01	
   1.2000000000000000e+01	   5.0000000000000000e+00	   9.0000000000000002e-01	   4.9221283065995547e-01	   9.9988263832055068e+01	   0.0000000000000000e+00	   5.5034570122221142e-04	   6.4190421554160892e+01	   8.0000000000000000e+01	
   1.2004636825292392e+01	   5.0000000000000000e+00	   9.0000000000000002e-01	   3.6877271598166705e-01	   9.9987925238017567e+01	   0.0000000000000000e+00	   0.0000000000000000e+00	   6.4190421554160892e+01	   8.0000000000000000e+01	
   1.2039957514529084e+01	   5.0000000000000000e+00	   9.0000000000000002e-01	   9.0000000000000002e-01	   1.2849442919558889e+01	   0.0000000000000000e+00	   0.0000000000000000e+00	   8.0000000000000000e+01	   8.0000000000000000e+01	
   1.3061135409121999e+01	   5.0000000000000000e+00	   9.0000000000000002e-01	   1.0102283140297302e-01	   9.9988263832055068e+01	   0.0000000000000000e+00	   5.5034570122221142e-04	   6.1348601004685989e+01	   8.0000000000000000e+01	
   1.3165771578120488e+01	   5.0000000000000000e+00	   9.0000000000000002e-01	   9.0000000000000002e-01	   9.9988263832055068e+01	   0.0000000000000000e+00	   0.0000000000000000e+00	   6.1348601004685989e+01	   8.0004234058795461e+01	
   1.3130445367767676e+01	   5.0000000000000000e+00	   9.0000000000000002e-01	   7.5206870215140786e-01	   9.9988263832055068e+01	   0.0000000000000000e+00	   5.5034570122221142e-04	   6.0000000000000000e+01	   8.0000000000000000e+01	
   1.2039957514529084e+01	   5.0000000000000000e+00	   9.0000000000000002e-01	   9.0000000000000002e-01	   9.9964150090753662e+01	   0.0000000000000000e+00	   5.5034570122221142e-04	   7.2397701249969401e+01	   8.0000000000000000e+01	
   1.6058475440394780e+01	   5.0000000000000000e+00	   9.0000000000000002e-01	   6.3290869441180730e-01	   9.9988263832055068e+01	   0.0000000000000000e+00	   5.5034570122221142e-04	   6.1348601004685989e+01	   8.0000000000000000e+01	
   1.3061135409121999e+01	   5.0000000000000000e+00	   9.0000000000000002e-01	   9.0000000000000002e-01	   9.9773634909474453e+01	   0.0000000000000000e+00	   6.0207222711180174e-04	   6.4559895358951081e+01	   8.0000000000000000e+01	
   1.2004636825292392e+01	   5.0000000000000000e+00	   9.0000000000000002e-01	   5.9620335843579619e-01	   9.9846837404466953e+01	   0.0000000000000000e+00	   5.5034570122221142e-04	   6.1348601004685989e+01	   8.0000000000000000e+01	
   1.2000000000000000e+01	   5.0000000000000000e+00	   9.0000000000000002e-01	   9.0000000000000002e-01	   6.5155787612337576e+01	   0.0000000000000000e+00	   5.5034570122221142e-04	   6.4190421554160892e+01	   8.0000000000000000e+01	
   1.2927196457540171e+01	   5.0000000000000000e+00	   9.0000000000000002e-01	   2.9648997905018115e-01	   9.9943195048525823e+01	   0.0000000000000000e+00	   5.5034570122221142e-04	   6.4190421554160892e+01	   8.0000000000000000e+01	
   1.6559844030497047e+01	   5.0000000000000000e+00	   9.0000000000000002e-01	   9.0000000000000002e-01	   9.9773634909474453e+01	   0.0000000000000000e+00	   0.0000000000000000e+00	   6.4190421554160892e+01	   8.0000000000000000e+01	
   1.2039957514529084e+01	   5.0000000000000000e+00	   9.0000000000000002e-01	   5.3749223914417521e-01	   9.9988263832055068e+01	   0.0000000000000000e+00	   6.0207222711180174e-04	   6.1348601004685989e+01	   8.0000000000000000e+01	
   1.6058475440394780e+01	   5.0000000000000000e+00	   9.0000000000000002e-01	   9.0000000000000002e-01	   4.8007139871485990e+01	   0.0000000000000000e+00	   5.5034570122221142e-04	   6.5136664783693746e+01	   8.0000000000000000e+01	
   1.2005126614936481e+01	   5.0000000000000000e+00	   9.0000000000000002e-01	   1.0102283140297302e-01	   9.9988263832055068e+01	   0.0000000000000000e+00	   0.0000000000000000e+00	   6.4435532358866169e+01	   8.0000000000000000e+01	
   1.3061135409121999e+01	   5.0000000000000000e+00	   9.0000000000000002e-01	   1.0102283140297302e-01	   8.8549803367858487e+01	   0.0000000000000000e+00	   6.0207222711180174e-04	   6.4559895358951081e+01	   8.0000000000000000e+01	
   1.3061135409121999e+01	   5.0000000000000000e+00	   9.0000000000000002e-01	   9.0000000000000002e-01	   6.5155787612337576e+01	   0.0000000000000000e+00	   0.0000000000000000e+00	   6.4721234312728242e+01	   8.0000000000000000e+01	
   1.6559844030497047e+01	   5.0000000000000000e+00	   9.0000000000000002e-01	   5.6679077932142097e-01	   9.9988263832055068e+01	   0.0000000000000000e+00	   0.0000000000000000e+00	   6.1348601004685989e+01	   8.0004234058795461e+01	
   1.3061135409121999e+01	   5.0000000000000000e+00	   9.0000000000000002e-01	   1.0102283140297302e-01	   9.9987925238017567e+01	   0.0000000000000000e+00	   5.5034570122221142e-04	   6.4190421554160892e+01	   8.0000000000000000e+01	
   1.2039957514529084e+01	   5.0000000000000000e+00	   9.0000000000000002e-01	   9.0000000000000002e-01	   5.7494187402668992e+01	   0.0000000000000000e+00	   1.8457678485860490e-03	   6.4721234312728242e+01	   8.0000000000000000e+01	
   1.3061135409121999e+01	   5.0000000000000000e+00	   9.0000000000000002e-01	   1.0102283140297302e-01	   9.9988263832055068e+01	   0.0000000000000000e+00	   5.5034570122221142e-04	   6.4190421554160892e+01	   8.0000000000000000e+01	
   1.2004636825292392e+01	   5.0000000000000000e+00	   9.0000000000000002e-01	   9.0000000000000002e-01	   9.9963539521287373e+01	   0.0000000000000000e+00	   3.3582805119807793e-04	   6.4190421554160892e+01	   8.0000000000000000e+01	
   1.2306828098531668e+01	   5.0000000000000000e+00	   9.0000000000000002e-01	   9.0000000000000002e-01	   4.0466350167104473e+01	   0.0000000000000000e+00	   7.3633224849342150e-04	   6.7322017334627944e+01	   8.0000000000000000e+01	
   1.6559844030497047e+01	   5.0000000000000000e+00	   9.0000000000000002e-01	   9.0000000000000002e-01	   4.9551829871106541e+01	   0.0000000000000000e+00	   0.0000000000000000e+00	   6.5043113715455235e+01	   8.0000000000000000e+01	
   1.6559844030497047e+01	   5.0000000000000000e+00	   9.0000000000000002e-01	   6.3290869441180730e-01	   9.9988263832055068e+01	   0.0000000000000000e+00	   0.0000000000000000e+00	   6.4190421554160892e+01	   8.0000000000000000e+01	
   1.3061135409121999e+01	   5.0000000000000000e+00	   9.0000000000000002e-01	   9.0000000000000002e-01	   4.9551829871106541e+01	   0.0000000000000000e+00	   0.0000000000000000e+00	   7.9776252540317429e+01	   8.0000000000000000e+01	
   1.3633245207143883e+01	   5.0000000000000000e+00	   9.0000000000000002e-01	   7.7417429622967848e-01	   9.9987925238017567e+01	   0.0000000000000000e+00	   0.0000000000000000e+00	   7.9776252540317429e+01	   8.0000000000000000e+01	
   1.2253815770647419e+01	   5.0000000000000000e+00	   9.0000000000000002e-01	   8.1430906020739924e-01	   9.9882467856354197e+01	   0.0000000000000000e+00	   5.2455055120276912e-04	   6.0000000000000000e+01	   8.0004234058795461e+01	
   1.2306828098531668e+01	   5.0000000000000000e+00	   9.0000000000000002e-01	   9.0000000000000002e-01	   3.8284641757031267e+01	   0.0000000000000000e+00	   5.5034570122221142e-04	   6.7322017334627944e+01	   8.0000000000000000e+01	
   1.6559844030497047e+01	   5.0000000000000000e+00	   9.0000000000000002e-01	   7.7417429622967848e-01	   9.9987925238017567e+01	   0.0000000000000000e+00	   0.0000000000000000e+00	   6.1348601004685989e+01	   8.0000000000000000e+01	
   1.2039957514529084e+01	   5.0000000000000000e+00	   9.0000000000000002e-01	   9.0000000000000002e-01	   4.0466350167104473e+01	   0.0000000000000000e+00	   0.0000000000000000e+00	   6.4721234312728242e+01	   8.0000000000000000e+01	
   1.2005126614936481e+01	   5.0000000000000000e+00	   9.0000000000000002e-01	   4.5833339408043033e-01	   9.9988263832055068e+01	   0.0000000000000000e+00	   6.0207222711180174e-04	   6.1348601004685989e+01	   8.0000000000000000e+01	
   1.3061135409121999e+01	   5.0000000000000000e+00	   9.0000000000000002e-01	   9.0000000000000002e-01	   8.8549803367858487e+01	   0.0000000000000000e+00	   6.0207222711180174e-04	   6.4559895358951081e+01	   8.0000000000000000e+01	
   1.2039957514529084e+01	   5.0000000000000000e+00	   9.0000000000000002e-01	   9.0000000000000002e-01	   6.5155787612337576e+01	   0.0000000000000000e+00	   0.0000000000000000e+00	   6.4721234312728242e+01	   8.0000000000000000e+01	
   1.2000000000000000e+01	   5.0000000000000000e+00	   9.0000000000000002e-01	   9.0000000000000002e-01	   9.9988263832055068e+01	   0.0000000000000000e+00	   0.0000000000000000e+00	   7.6142419641063128e+01	   8.0000000000000000e+01	
   1.2306828098531668e+01	   5.0000000000000000e+00	   9.0000000000000002e-01	   9.0000000000000002e-01	   9.9988263832055068e+01	   0.0000000000000000e+00	   7.3633224849342150e-04	   7.0063232413983130e+01	   8.0000000000000000e+01	
   1.6559844030497047e+01	   5.0000000000000000e+00	   9.0000000000000002e-01	   1.0102283140297302e-01	   9.9956827903783363e+01	   0.0000000000000000e+00	   5.5034570122221142e-04	   6.4190421554160892e+01	   8.0000000000000000e+01	
   1.2005126614936481e+01	   5.0000000000000000e+00	   9.0000000000000002e-01	   9.0000000000000002e-01	   9.9988263832055068e+01	   0.0000000000000000e+00	   6.0207222711180174e-04	   6.1348601004685989e+01	   8.0000000000000000e+01	
   1.2039957514529084e+01	   5.0000000000000000e+00	   9.0000000000000002e-01	   9.0000000000000002e-01	   9.9974295703372462e+01	   0.0000000000000000e+00	   0.0000000000000000e+00	   8.0000000000000000e+01	   8.0000000000000000e+01	
   1.6058475440394780e+01	   5.0000000000000000e+00	   9.0000000000000002e-01	   9.0000000000000002e-01	   9.3799300791123784e+01	   0.0000000000000000e+00	   5.5034570122221142e-04	   6.4653692696504294e+01	   8.0000000000000000e+01	
   1.2004636825292392e+01	   5.0000000000000000e+00	   9.0000000000000002e-01	   4.5833339408043033e-01	   9.9963539521287373e+01	   0.0000000000000000e+00	   0.0000000000000000e+00	   6.4190421554160892e+01	   8.0000000000000000e+01	
   1.2004636825292392e+01	   5.0000000000000000e+00	   9.0000000000000002e-01	   1.0102283140297302e-01	   9.9963539521287373e+01	   0.0000000000000000e+00	   0.0000000000000000e+00	   6.4190421554160892e+01	   8.0000000000000000e+01	
   1.6058475440394780e+01	   5.0000000000000000e+00	   9.0000000000000002e-01	   5.9620335843579619e-01	   9.9773634909474453e+01	   0.0000000000000000e+00	   5.5034570122221142e-04	   6.1348601004685989e+01	   8.0004234058795461e+01	
   1.6559844030497047e+01	   5.0000000000000000e+00	   9.0000000000000002e-01	   7.5206870215140786e-01	   9.9773634909474453e+01	   0.0000000000000000e+00	   5.5034570122221142e-04	   6.0000000000000000e+01	   8.0004234058795461e+01	
   1.2306828098531668e+01	   5.0000000000000000e+00	   9.0000000000000002e-01	   9.0000000000000002e-01	   7.4149208204672249e+01	   0.0000000000000000e+00	   5.5034570122221142e-04	   6.4653692696504294e+01	   8.0000000000000000e+01	
   1.2039957514529084e+01	   5.0000000000000000e+00	   1.2375921078182062e-01	   5.0434776544836857e-01	   9.9882467856354197e+01	   0.0000000000000000e+00	   5.5034570122221142e-04	   6.1348601004685989e+01	   8.0517969679094520e+01	
   1.9409264483242698e+01	   5.0000000000000000e+00	   9.0000000000000002e-01	   9.0000000000000002e-01	   3.2010590431027538e+01	   0.0000000000000000e+00	   0.0000000000000000e+00	   6.4891242318006121e+01	   8.0000000000000000e+01	
   1.6559844030497047e+01	   5.0000000000000000e+00	   9.0000000000000002e-01	   9.0000000000000002e-01	   9.9773634909474453e+01	   0.0000000000000000e+00	   5.5034570122221142e-04	   6.1348601004685989e+01	   8.0004234058795461e+01	
   1.2306828098531668e+01	   4.0000000000000000e+00	   9.0000000000000002e-01	   9.0000000000000002e-01	   1.2849442919558889e+01	   0.0000000000000000e+00	   0.0000000000000000e+00	   6.6535632707406748e+01	   8.0000000000000000e+01	
   1.2188041598013523e+01	   5.0000000000000000e+00	   9.0000000000000002e-01	   9.0000000000000002e-01	   8.1264848583553928e+01	   0.0000000000000000e+00	   0.0000000000000000e+00	   6.4728284899230829e+01	   8.0000000000000000e+01	
   1.6183660382107497e+01	   5.0000000000000000e+00	   9.0000000000000002e-01	   9.0000000000000002e-01	   9.9988263832055068e+01	   0.0000000000000000e+00	   3.3582805119807793e-04	   6.4190421554160892e+01	   8.0000000000000000e+01	
   1.4253779110657124e+01	   5.0000000000000000e+00	   9.0000000000000002e-01	   2.7251399424981787e-01	   9.9988263832055068e+01	   0.0000000000000000e+00	   1.0487554376034309e-03	   6.4190421554160892e+01	   8.0000000000000000e+01	
   1.6559844030497047e+01	   5.0000000000000000e+00	   9.0000000000000002e-01	   9.0000000000000002e-01	   4.0466350167104473e+01	   0.0000000000000000e+00	   0.0000000000000000e+00	   6.5043113715455235e+01	   8.0000000000000000e+01	
   1.2004636825292392e+01	   5.0000000000000000e+00	   9.0000000000000002e-01	   9.0000000000000002e-01	   9.9773634909474453e+01	   0.0000000000000000e+00	   5.5034570122221142e-04	   7.0063232413983130e+01	   8.0000000000000000e+01	
   1.3061135409121999e+01	   5.0000000000000000e+00	   9.0000000000000002e-01	   9.0000000000000002e-01	   9.9846837404466953e+01	   0.0000000000000000e+00	   0.0000000000000000e+00	   8.0000000000000000e+01	   8.0000000000000000e+01	
   1.6559844030497047e+01	   5.0000000000000000e+00	   9.0000000000000002e-01	   6.3290869441180730e-01	   9.9988263832055068e+01	   0.0000000000000000e+00	   6.0207222711180174e-04	   6.1348601004685989e+01	   8.0004234058795461e+01	
   1.6058475440394780e+01	   5.0000000000000000e+00	   9.0000000000000002e-01	   9.0000000000000002e-01	   9.9988263832055068e+01	   0.0000000000000000e+00	   0.0000000000000000e+00	   7.9776252540317429e+01	   8.0004234058795461e+01	
   1.2000000000000000e+01	   5.0000000000000000e+00	   9.0000000000000002e-01	   9.0000000000000002e-01	   9.9988263832055068e+01	   0.0000000000000000e+00	   0.0000000000000000e+00	   7.6142419641063128e+01	   8.0000677753311166e+01	
   1.6559844030497047e+01	   5.0000000000000000e+00	   9.0000000000000002e-01	   9.0000000000000002e-01	   9.9987925238017567e+01	   0.0000000000000000e+00	   5.5034570122221142e-04	   6.0000000000000000e+01	   8.0004234058795461e+01	
   1.2004636825292392e+01	   5.0000000000000000e+00	   9.0000000000000002e-01	   3.1078137385740129e-01	   9.9988263832055068e+01	   0.0000000000000000e+00	   6.7583233766308913e-04	   6.4190421554160892e+01	   8.0000000000000000e+01	
   1.6559844030497047e+01	   5.0000000000000000e+00	   9.0000000000000002e-01	   3.3120541797845493e-01	   9.9968598897160575e+01	   0.0000000000000000e+00	   0.0000000000000000e+00	   6.4190421554160892e+01	   8.0000000000000000e+01	
   1.2927196457540171e+01	   5.0000000000000000e+00	   9.0000000000000002e-01	   9.0000000000000002e-01	   9.9943195048525823e+01	   0.0000000000000000e+00	   5.5034570122221142e-04	   7.0031039386097987e+01	   8.0000000000000000e+01	
   1.3654875969224088e+01	   5.0000000000000000e+00	   9.0000000000000002e-01	   6.9137293718002901e-01	   9.9988263832055068e+01	   0.0000000000000000e+00	   7.3633224849342150e-04	   6.1265770112882059e+01	   8.0000000000000000e+01	
   1.2004636825292392e+01	   5.0000000000000000e+00	   9.0000000000000002e-01	   9.0000000000000002e-01	   9.9987925238017567e+01	   0.0000000000000000e+00	   6.0207222711180174e-04	   7.0063232413983130e+01	   8.0000000000000000e+01	
