  -7.6795289779816912e+06	   6.0526859110294357e+06	
  -6.6493445855906978e+06	   5.2679834066372449e+06	
  -6.6290129704502374e+06	   5.2537231138747651e+06	
  -7.3569323877343647e+06	   5.6171565055621210e+06	
  -6.2884883851868380e+06	   5.0175049369655624e+06	
  -7.7196607618418392e+06	   6.3057314398267809e+06	
  -7.3248040885226876e+06	   5.6059799314654013e+06	
  -6.7173471086987164e+06	   5.3135799659670545e+06	
  -6.3493099756674040e+06	   5.0616135976905590e+06	
  -6.2166620527185798e+06	   4.9624041781563526e+06	
  -7.1837017609784324e+06	   5.4355025005820058e+06	
  -6.1472310956312846e+06	   4.9031804934205357e+06	
  -7.2517048003106881e+06	   5.5216279860093091e+06	
  -6.7222659811815284e+06	   5.3205402519066148e+06	
  -7.6815951806504605e+06	   6.1199649374386119e+06	
  -7.2844808925561560e+06	   5.5481385011930605e+06	
  -6.3750194896725249e+06	   5.0799777069703704e+06	
  -7.2629084847321268e+06	   5.5429695877080522e+06	
  -6.6103026819791719e+06	   5.2414523822744749e+06	
  -7.1928200802144557e+06	   5.4513954864012590e+06	
  -6.4583662768582907e+06	   5.1380250678213788e+06	
  -6.4417503115630802e+06	   5.1264295704345489e+06	
  -6.2157917099529337e+06	   4.9618212119682888e+06	
  -6.4177712350396290e+06	   5.1099426569111077e+06	
  -7.6854881661805529e+06	   6.1288687551533896e+06	
  -6.5698543511511497e+06	   5.2141856521156086e+06	
  -7.7078454487351272e+06	   6.2614232961942591e+06	
  -6.8070684382785466e+06	   5.4069683259948930e+06	
  -7.5477025509320833e+06	   5.8529976524227168e+06	
  -6.1181378366636261e+06	   0.0000000000000000e+00	
  -6.1184262196274139e+06	   4.8679107351385336e+06	
  -6.4114024352632686e+06	   5.1054460889165383e+06	
  -6.7826787484580185e+06	   5.3790849912736025e+06	
  -6.1184340383881424e+06	   4.8681138229993470e+06	
  -6.3336538263759874e+06	   5.0526174804969337e+06	
  -6.9802389004549384e+06	   6.0776117274705451e+06	
  -6.7471239408799894e+06	   5.3399516223714491e+06	
  -6.4993030980355702e+06	   5.1661681938425787e+06	
  -7.4024632027292233e+06	   5.7218286101046754e+06	
  -6.6890873336232472e+06	   5.2950364263919136e+06	
  -7.4242579101833068e+06	   5.7378077925613169e+06	
  -7.3787074761594646e+06	   5.6346946524980320e+06	
  -6.5460683330544680e+06	   5.1973519743038509e+06	
  -6.5961824416038115e+06	   5.2321148049498266e+06	
  -6.1184314291600473e+06	   4.8680603648013389e+06	
  -6.7978439776264410e+06	   5.3936145642566839e+06	
  -6.3036079490752444e+06	   5.0287783996977527e+06	
  -6.4346883462726753e+06	   5.1216476223523794e+06	
  -6.7076577182350568e+06	   5.3069511229794119e+06	
  -7.6020549148083758e+06	   5.8889589074914381e+06	
  -6.5187039336944669e+06	   5.1786310122834090e+06	
  -7.6026654055447392e+06	   5.9259360687462175e+06	
  -7.3820838922031242e+06	   5.6497791567051448e+06	
  -6.1709625667602643e+06	   4.9246580083809402e+06	
  -7.4885683215858266e+06	   5.7747491644765427e+06	
  -6.6508990739249904e+06	   5.2662952891773302e+06	
  -6.3518601082724202e+06	   5.0634392505102940e+06	
  -6.1184267215770818e+06	   4.8679123623684878e+06	
  -6.4797940210988652e+06	   5.1523511676471522e+06	
  -7.6483126247768775e+06	   5.9397986237024451e+06	
  -7.6708217596149389e+06	   6.0380992183578871e+06	
  -7.2208456616152804e+06	   5.4855627428512340e+06	
  -7.3132129110851688e+06	   5.5920168827616544e+06	
  -6.2685710290724132e+06	   5.0025775614150474e+06	
  -6.3129559682460036e+06	   5.0356814197578738e+06	
  -6.5506138073340189e+06	   5.2004628955345983e+06	
  -6.6654050456282515e+06	   5.2769734582410846e+06	
  -6.3547054966921117e+06	   5.0654521345930435e+06	
  -7.6607686742843371e+06	   6.0223445174818942e+06	
  -7.6356619686080106e+06	   5.9279688693014691e+06	
  -7.3580819824673533e+06	   5.6182588692399627e+06	
  -7.1722971201935094e+06	   5.4095939639322991e+06	
  -6.1184272932982109e+06	   4.8679142093945574e+06	
  -6.7608642798968740e+06	   5.3534401154799061e+06	
