   2.7197389401974575e-01	   1.2941793831610147e+00	   1.2656020287461999e+01	   3.0244274915349711e+00	   8.2922299234877528e+00	   6.6781233311677273e+00	  -5.4290648455998625e-02	   1.2698145971115823e+01	  -1.2566736587764780e+01	   1.0443436873796632e+01	   3.9084051448917654e+00	   7.4414653285349512e+00	   1.4232412732927928e+00	   6.4125322504283488e+00	   2.4619734614371529e+00	  -1.3712276472520990e+00	  -3.1725646733259427e-01	  -1.2949899364761803e+00	   3.5918684549182531e+00	   3.1627798496870407e+00	
   1.1570260074982389e-01	  -1.0409570925887902e-01	   1.6412894013178786e+01	   5.9475524967103883e+00	   1.1490613091284626e+01	   9.1302195127473098e+00	   1.3547744865469783e+01	   1.0572428051399349e+01	  -7.4421519160359051e-01	   8.7782125275929985e+00	   5.0443500491602267e+00	   2.0250888508592144e+00	   4.9506389023601125e+00	   1.0319114505349784e+01	   8.8649321065108211e-01	   2.6541347199497025e+00	   2.2039277881846315e+00	   8.3286678838892347e-01	   4.8083570207714557e+00	   2.7407659545269181e+00	
   5.3200035994072928e-02	  -4.8845820389708708e-02	   1.5743975381583672e+01	   3.8936940821189836e+00	   1.1105911612208155e+01	   9.4306106331387802e+00	   1.2874855863138070e+01	   1.1048774383463272e+01	  -7.9403649266987286e-01	   9.4995201435674268e+00	   5.9376965008794604e+00	   2.3040352970829185e+00	   4.8838651313084176e+00	   9.6875012175661226e+00	   2.5915566961010006e+00	   1.6946718329708694e+00	   3.0470589891474593e+00	   9.6289152004972611e-01	   4.7462336326058843e+00	   2.1744897857652354e+00	
   2.8857160717560876e-01	   1.2734116677073510e+00	   1.2389212919539755e+01	   2.9054634209339421e+00	   6.5966439586987313e+00	   3.1822620061269546e-01	   7.0052266560069731e-01	   9.0359965181219355e+00	   9.1160826423392027e+00	   7.1387899421955021e+00	   1.0949097094843699e+01	   1.2607167462176317e+01	   2.0001750485572920e+00	   9.4061147988668310e+00	   2.2562327331350094e+00	   2.3274607063699273e+00	  -1.5750848540379314e-01	   1.7593834790857081e+00	   8.7199422881812538e-01	   2.5181623800590689e+00	
   8.9078470367926099e-02	  -4.8845820389708708e-02	   1.3992014035123679e+01	   5.6867031123583995e+00	   1.2306445449980419e+01	   7.5429148571058251e+00	   1.1394575266704777e+01	   1.0740563282177131e+01	  -3.4602517133838973e-01	   8.5580224244392351e+00	   5.5791227853352936e+00	   2.3040352970829185e+00	   4.4572253992156625e+00	   9.3450085804943335e+00	   7.6623156485026422e-01	   1.7562145252385895e+00	   3.3973272110060293e+00	   9.5870754676179781e-01	   3.6883084357254625e+00	   1.4601440436336930e+00	
   4.0958367676026119e-01	   1.5202907237385159e+00	   2.1113083780442700e+01	  -3.4746326540017765e+00	  -7.8320531817339418e+00	   1.1147047174734434e+01	   1.6830974629315904e+01	   1.8205631327956489e+01	  -1.2566736587764780e+01	   1.0443436873796632e+01	   3.9084051448917654e+00	  -2.1214517790247607e+00	  -2.8433463582312584e+00	   3.2892397256303312e+00	   2.4619734614371529e+00	  -1.3712276472520990e+00	   2.9888724682875503e+00	  -1.2949899364761803e+00	   3.5918684549182531e+00	   3.1627798496870407e+00	
   2.6597179932646009e-01	   1.3895789924893949e+00	   1.2322372547103468e+01	   2.4983968630234874e+00	   7.6422685205478711e+00	   2.6417571763907062e+00	   7.7611745723633341e-01	   9.8728427788689395e+00	   7.0864084812944395e+00	   6.5059900031559579e+00	   1.2077097466281117e+01	   1.1865868780798742e+01	   1.0954371820730859e+00	   8.1032296997839541e+00	   3.1229345294589521e+00	   9.7827003614517527e-01	  -4.6289833425387245e-01	   1.9932571799225152e+00	  -1.5407308630572625e-01	   2.3027054116012611e+00	
   2.3842461606422605e-01	  -7.2197124293273865e-02	   1.6010464697312081e+01	   5.9380303591048325e+00	   1.0327174302352349e+01	   9.4287291012670771e+00	   1.5332772219080578e+01	   1.2474686128751411e+01	  -8.6715526094788165e-01	   9.0606679399145786e+00	   4.6726409601525152e+00	   2.0851387996080732e+00	   4.7746668489611146e+00	   9.4397370181400380e+00	   2.9808042467696412e+00	   1.3855494265291459e+00	  -2.0998046132633236e-01	   1.1930464261054390e+00	   6.4474588908837269e+00	   3.5170174738997293e+00	
   1.4576269795821900e-01	  -9.0527550965183945e-02	   1.4388173032004726e+01	   6.3956914107226650e+00	   1.1730466256933687e+01	   9.2492675595044531e+00	   1.1981303770268378e+01	   1.0470353178028004e+01	  -6.1423690320035695e-01	   8.7240351318090390e+00	   4.9855882793214965e+00	   2.1968578000073546e+00	   5.1870461376106629e+00	   9.9416076651802072e+00	   1.9452225021214677e+00	   2.4491862963557840e+00	   3.3088248111283813e+00	   2.4992025055945568e+00	   1.7903386782415145e+00	   2.2409323964935139e+00	
   4.6200828714592024e-02	  -6.3689907663760592e-02	   1.3430440098748385e+01	   3.3422528536956495e+00	   1.0031064571379162e+01	   7.0595101888550369e+00	   1.0774849574099491e+01	   1.1095742383637996e+01	  -3.3712535066704215e+00	   9.6240758463975808e+00	   6.0067968503565927e+00	   2.1230324990017895e+00	   4.5853900516126709e+00	   9.6348627677560952e+00	   7.0661054709361570e-01	   4.4444153099306671e+00	   2.9831729755308354e+00	   2.6132632412855159e+00	   6.3359095606763169e+00	   1.1212186907066148e+00	
   5.7461791227325354e-01	   1.8106264488900115e+00	   1.9616840424444387e+01	   5.4288011138605503e+00	   5.2724873914644528e+00	  -8.0755929026995474e+00	  -5.0979026518759456e+00	   5.2279857827798182e+00	   2.7582703386979627e+01	   3.5874724578890493e+00	   1.6899181537672067e+01	   3.0349653872931455e+01	   6.0117269095934214e+00	   1.0737722750446650e+01	   2.0423278124595061e+00	   4.9146307571192072e+00	  -1.4565914399781508e+00	   3.5275850628213070e+00	  -4.4335297018648747e+00	   2.0239393500930563e+00	
   2.6322133082499866e-01	  -4.7184015310814717e-02	   1.3450030860845564e+01	   5.9547149600795279e+00	   7.1881666349525002e+00	   6.9648082509762848e+00	   1.0715404824985287e+01	   1.0075543887759011e+01	   3.1181493908043589e-01	   8.4220749297573096e+00	   4.5999249286279111e+00	   1.8882793943331053e+00	   5.1130163614700885e+00	   8.7119902911689522e+00	   4.1696379737374825e+00	   1.9787693026977689e+00	   3.9385542212486238e+00	   1.6634176770206945e+00	  -3.6066711414101782e-01	   2.6157441474283214e+00	
   4.7495916161302054e-01	   1.6681804181356052e+00	   1.7322819845592711e+01	   4.2909194751288382e+00	   5.8513432780592742e+00	  -4.3789107195146251e+00	  -2.5337214834964739e+00	   6.9120468841439919e+00	   1.9907222091641891e+01	   4.7074475697911415e+00	   1.4933670795829325e+01	   2.3448350240220151e+01	   4.2480540745555375e+00	   9.7394346348283385e+00	   2.3965310388142251e+00	   3.5314486561984282e+00	  -1.0446484057165646e+00	   2.9231194780617678e+00	  -2.8551542485248045e+00	   2.1268434240056551e+00	
   1.4975741131533402e-01	  -6.2515157561802551e-02	   1.6095709025300536e+01	   5.4527809916037828e+00	   1.1184429566789500e+01	   8.7991057907008656e+00	   1.3150595978923322e+01	   1.0629925660163245e+01	  -9.0328161708424792e-01	   8.8732792549269472e+00	   4.8580620336965241e+00	   2.2514856610102014e+00	   5.0425308049752591e+00	   1.0864932340824613e+01	   1.2758302415124878e-02	   1.7194012757445747e+00	   6.9200158589807348e-01	   7.8949259921106740e-01	   5.1471924620126526e+00	   2.2967750908244495e+00	
   4.0602008650742316e-01	   1.5000947428760814e+00	   2.0311216192820638e+01	  -1.3143030389779289e+00	  -8.7165029346284122e+00	   1.1603192810151992e+01	   1.7649691149909064e+01	   1.8560017724740362e+01	  -1.2948654300713891e+01	   8.2972152666946553e+00	   3.2181574658932717e+00	  -2.4371426162476855e+00	  -2.5892768936280763e+00	   4.7007916275075781e+00	   2.6761823511920930e+00	  -8.9583986772799684e-01	   2.3666128649008007e+00	  -9.0023966078216267e-01	   3.3282917441475011e+00	   3.1452620862609058e+00	
   4.3572226400025599e-01	   1.6565405579406529e+00	   1.6211290137629327e+01	   3.6397855075862107e+00	   5.9510246919590362e+00	  -2.9827560762006122e+00	  -1.7746123769131277e+00	   7.6461943176949561e+00	   1.6695944480761209e+01	   5.1344480543853770e+00	   1.4263901230713861e+01	   2.0673984254182340e+01	   3.3174350405643946e+00	   9.2005618297399980e+00	   2.5898376179202898e+00	   2.8487967463505477e+00	  -9.8371362616496183e-01	   2.6359977569528308e+00	  -2.2366123540068172e+00	   2.1763422535517685e+00	
   1.6010793872561166e-01	  -1.0164228053697918e-01	   1.4751647220511485e+01	   7.4478664460257304e+00	   1.2481829292216043e+01	   8.9178313124659336e+00	   1.1518993597591729e+01	   1.0314175109573663e+01	   1.3207027374436509e-01	   8.5476582274270676e+00	   5.0162602210727210e+00	   2.3947235505405575e+00	   5.2970416910619971e+00	   9.2949794204703053e+00	   3.1076798495439237e+00	   2.3485392145150188e+00	   3.3908662968199499e+00	   2.8153890841797331e+00	   8.8422929246686843e-01	   1.9962309040868993e+00	
   2.9808844920770028e-01	   1.4725688982134135e+00	   1.2249839992095435e+01	   2.3562237796674750e+00	   7.2659605480626590e+00	   2.6030903388768838e+00	  -1.0769858260665428e+00	   9.6872174410539564e+00	   9.6502162802944031e+00	   5.9842878878700461e+00	   1.3188261172179571e+01	   1.4383113259750846e+01	   1.2389204137401908e+00	   8.7162251382223594e+00	   3.2890248679835321e+00	   1.3827842730103335e+00	  -7.7954880169229224e-01	   2.3195128651187886e+00	  -7.4414373970834080e-01	   2.4532110362678647e+00	
   9.8976918824090224e-02	  -1.2458929480806460e-01	   1.6563014069956544e+01	   7.2427480558448387e+00	   1.2562257849272809e+01	   9.6183394621355252e+00	   1.3738473722918718e+01	   1.0751365545483662e+01	  -4.6149480088233047e-01	   8.7306995059479497e+00	   5.4789958881566605e+00	   2.0548586845226016e+00	   4.9054265136152564e+00	   1.0045497932540551e+01	   1.3275459236451939e+00	   3.1137355954892829e+00	   3.3393940477981894e+00	   1.5970328330034278e+00	   3.2715776334334139e+00	   2.9585864741517209e+00	
   5.1531793579124785e-01	   1.7248132230187270e+00	   1.8230790002929346e+01	   4.9708754880384403e+00	   5.7656448401088785e+00	  -6.0081062954918716e+00	  -4.2237348095336849e+00	   6.0896435165037976e+00	   2.4027397131821846e+01	   4.0984580949654257e+00	   1.6047400572085106e+01	   2.7070980101630205e+01	   5.1486925507410026e+00	   1.0298741030325749e+01	   2.2523249843926583e+00	   4.2051795847212263e+00	  -1.2603020520547801e+00	   3.2801506202181603e+00	  -3.6877091892281859e+00	   2.0789940288784070e+00	
   1.1646269540540985e-01	  -8.4286614929028225e-02	   1.5436879845609912e+01	   6.4575636309032820e+00	   1.1918242045482351e+01	   9.2819456380969463e+00	   1.2978857897973757e+01	   1.0589993296994876e+01	  -6.1410591831260120e-01	   8.8193986161955689e+00	   5.3200631786466204e+00	   1.9283835671656098e+00	   4.9125446697510142e+00	   1.0107753437673829e+01	   1.9208755206716392e+00	   2.8694927745442227e+00	   3.2992157983561881e+00	   2.0919501448212223e+00	   2.8398046528161274e+00	   2.3686223762066358e+00	
   1.3883140189619106e-01	  -1.3974478310544339e-01	   1.5403774670288332e+01	   8.7070714489275787e+00	   1.2896369164875008e+01	   8.9679722965978605e+00	   1.1916945376998216e+01	   1.0316215658457445e+01	   3.0650417831510612e-01	   8.4742092771619379e+00	   4.9759722903925310e+00	   2.4763791356569800e+00	   5.3980872731743599e+00	   9.0911831565844743e+00	   3.8822855368823870e+00	   3.0716690818401475e+00	   3.7805384971781368e+00	   3.1362477480855344e+00	  -7.2409964852872477e-01	   2.5549239300021465e+00	
  -1.2465132951360614e-01	  -1.1721265718676334e-01	   1.4033886823652665e+01	   9.3469434544177368e+00	   1.1549101728484196e+01	   3.4846643052055040e+00	   8.9504339061666744e+00	   9.9216616215975861e+00	   1.7873208249817756e+00	   1.0225458637695210e+01	   4.5239153726771928e+00	   2.5455373037094740e+00	   5.6540447553580169e+00	   9.0852458893317074e+00	   2.8108265936869947e-01	   1.3226224641036124e+00	   3.5745705425533498e+00	   9.6500638199765865e-01	   4.7910448164650310e+00	   1.2978638716344979e+00	
   1.3889867826307845e-01	  -6.7720579060727759e-02	   1.5396153568030886e+01	   6.1834230516019941e+00	   1.1406840119007018e+01	   9.9855332328916546e+00	   1.3367108142830965e+01	   1.0664029837201960e+01	  -9.3796463608267566e-01	   8.9361055425889298e+00	   5.2892613517793459e+00	   1.5109452346047421e+00	   4.8280955588676182e+00	   1.0438807816216444e+01	   2.0856403296888755e+00	   2.7259005905296267e+00	   3.3337545657335221e+00	   2.2227954890088188e+00	   2.6036743188915130e+00	   2.1949717890241107e+00	
   3.4371053971939930e-01	   1.5618450269087158e+00	   2.2372870832652108e+01	   2.9339221827940190e+00	  -1.0095704268175622e+01	   6.8235223503098599e+00	   1.6650978677077926e+01	   1.8825905609404550e+01	   5.0837552564930348e+00	   1.0011859763299459e+01	   4.1408168166679928e+00	   5.9268947765814168e+00	  -3.5807936055242329e+00	   5.8464487676823236e+00	   2.7114263277121973e+00	  -1.5999303053226166e-01	   7.0885116685890104e-01	  -1.1168623323276381e+00	   3.2365596347806349e+00	   2.7050530304801024e+00	
   7.3106893905139650e-02	  -1.5535729854193195e-01	   1.6868634864621509e+01	   8.1458732720462006e+00	   1.3260945235717312e+01	   9.9981947923742354e+00	   1.4089588877996535e+01	   1.0813315818215374e+01	  -2.7361444552279701e-01	   8.6678687527266831e+00	   5.8116515834168174e+00	   1.9630297877136524e+00	   4.8365405197308897e+00	   9.6941763963357381e+00	   1.8550723970217671e+00	   3.8179224227675119e+00	   4.5365915206775620e+00	   1.9156399892807185e+00	   2.5056079220835472e+00	   3.2986224608838612e+00	
   3.5785020821419278e-01	   1.3821134750479405e+00	   1.8160733149037682e+01	  -1.1671494355157268e+00	  -8.2131124784752281e+00	   1.2647952181954123e+01	   1.6263615750399271e+01	   1.7328388492085256e+01	  -1.1901987580989308e+01	   1.0318142405994241e+01	   4.2553430046766128e+00	  -2.6947478805222747e+00	  -3.2756080568844177e+00	   3.2712849179606596e+00	   2.3101877220683980e+00	  -1.0539984915290792e+00	   2.6919893311216518e+00	  -1.2055439412074671e+00	   3.9696537502489533e+00	   3.1246476163093586e+00	
   2.8535356132350742e-01	  -6.5833733913034626e-02	   1.5809387232617340e+01	   5.6880533344674120e+00	   7.8312920018594223e+00	   9.5126939245944371e+00	   1.3927146783692233e+01	   4.1975888573796460e+00	  -6.8951524511952078e-03	   9.0113840127565279e+00	   4.6225789952494400e+00	   1.9295779851827226e+00	   5.1260395297419619e+00	   9.2620509607782289e+00	   3.1944006024832410e+00	   2.0993987395626776e+00	  -5.4532467324402023e-01	   8.8514869548253983e-01	   9.2449768324676995e-01	   2.6116453004466518e+00	
   3.1605516729861427e-01	   1.5094990822077612e+00	   1.3275126047593981e+01	   2.7936545705924241e+00	   7.1879408897314629e+00	   6.5593231221607882e+00	  -1.6804508877299962e+00	   1.2504513026462620e+01	  -4.4138462552798856e+00	   8.6077015621238200e+00	   5.9519701568099537e+00	   7.0340599256315954e+00	   1.5358539736168186e-01	   5.8888993245074497e+00	   3.1385739284210699e+00	  -1.0068841311389205e+00	  -1.3203148244323337e-02	   3.8323779801115343e-02	   1.1314624649721239e+00	   2.9891792907633086e+00	
   2.3118484160492114e-01	   2.0842796000301506e-02	   1.3747071312654404e+01	   4.0268999037756448e+00	   8.0477713964732995e+00	   8.3027331864229943e+00	  -1.1429273454976503e+00	   6.0158684548427530e+00	   6.6965991765107038e+00	   8.8090302854936535e+00	   5.0957839706417891e+00	   2.6382394731075038e+00	   3.9423572074538900e+00	   9.2878752102039872e+00	   2.5915566961010006e+00	   1.2924089289181078e+00	   3.0417377960427348e+00	   1.0070028041176651e+00	   4.6258000143678863e+00	   2.6707070493657397e+00	
  -4.0184786637783708e-02	   8.7881077617327580e-02	   3.6334366769628437e+00	   3.9506399187511598e+00	   8.0342491968899523e+00	  -1.6314792670528337e+00	   1.2033198011481760e+01	   4.1710539255029548e+00	  -1.2054753059002776e+00	   9.5327063658874884e+00	   6.3116087581653701e+00	  -3.4254647373365588e-01	   1.2143595809002217e+00	   1.3117220058474308e+01	   2.0000282681520751e+00	   1.4871678432345075e+00	   1.8171488006423107e+00	   1.0303648546094237e+00	   5.8783468323207693e+00	   3.0922844661941884e+00	
   1.4116348701029502e-01	  -1.2062263796502659e-01	   1.5131563150253108e+01	   7.8422982500525018e+00	   1.2810513870534411e+01	   9.0600815484001043e+00	   1.1786102818295223e+01	   1.0371162447400737e+01	   2.0908682372156495e-01	   8.5146648846332660e+00	   5.1537417682656628e+00	   2.4067746231332241e+00	   5.3383256635111591e+00	   9.1975495156323532e+00	   3.3394155334449698e+00	   2.8282866942321623e+00	   3.6979705973562851e+00	   3.0294254937345784e+00	   4.5640756650891423e-01	   2.3463825997615735e+00	
   2.7216926879211334e-01	  -6.8515669907140184e-02	   1.5719807096060697e+01	   5.7643297219992862e+00	   8.2136602120847826e+00	   9.4602244413194363e+00	   1.3786810507650038e+01	   4.7769699587403576e+00	  -4.0974567871097142e-02	   8.9904368618853496e+00	   4.6673052760214002e+00	   1.9365361600879580e+00	   5.1130506845484378e+00	   9.3350443433443733e+00	   3.1042542014905381e+00	   2.1393059381108448e+00	  -1.9592022031243805e-01	   1.0134826724823665e+00	   1.0802092253967064e+00	   2.5652696814230085e+00	
  -1.2465132951360614e-01	  -4.8845820389708708e-02	   3.6334366769628437e+00	   2.3562237796674750e+00	   7.6422685205478711e+00	   2.6417571763907062e+00	   7.7611745723633341e-01	   1.1048774383463272e+01	  -7.9403649266987286e-01	   1.0225458637695210e+01	   1.2077097466281117e+01	   2.3040352970829185e+00	   1.0954371820730859e+00	   8.7162251382223594e+00	   3.2890248679835321e+00	   1.3827842730103335e+00	  -4.6289833425387245e-01	   9.6289152004972611e-01	  -1.5407308630572625e-01	   3.0127593499567005e+00	
   8.7621486497472534e-02	  -6.0468073986311842e-02	   1.4013211019248354e+01	   3.8036681566368342e+00	   9.7292802974206722e+00	   7.5603745573450380e+00	   1.1478631878991207e+01	   9.9880292320263813e+00	  -2.6444895700596152e+00	   9.4744941720529692e+00	   5.9917989707996551e+00	   2.0974048161012755e+00	   4.6664550197921777e+00	   9.5552213663499241e+00	   1.1771449034446808e+00	   4.0006160907561830e+00	   2.4320013189118201e+00	   2.2550584494637054e+00	   5.3824825780243390e+00	   1.4628262083343897e+00	
   2.1309559991301896e-01	   7.1182487124900906e-01	   1.4529799350795782e+01	   3.2297617462474735e+00	   8.7959327424473397e+00	   6.3738369230484269e+00	   9.4931282732463700e+00	   1.0829035833309200e+01	  -9.8152130941432980e-01	   8.2115878231193840e+00	   7.1677548075495778e+00	   3.1513905235969797e+00	   2.3129800836934580e+00	   8.3472081649002874e+00	   2.5329314514742696e+00	   1.3206463991167312e+00	   1.2350323987162857e+00	   1.6459722753949824e+00	   1.8878855148664897e+00	   2.4164987512442329e+00	
   2.3703993483647987e-01	  -4.8845820389708708e-02	   1.6115464612965781e+01	   5.4681506225294907e+00	   8.6406414306900636e+00	   9.3671632655389523e+00	   1.4017414834022718e+01	   5.9921298625352852e+00	  -2.2804026426912816e-02	   8.9349020246351643e+00	   5.9376965008794604e+00	   2.0049570178651601e+00	   4.9588840252301143e+00	   9.2679276520870779e+00	   2.8745229070655669e+00	   2.3996808508884695e+00	   4.4373705396112406e-01	   9.6289152004972611e-01	   1.9431460735403405e+00	   2.6951211055433477e+00	
   1.1063695479631236e-01	  -9.3834043522027122e-02	   1.5200634593262157e+01	   5.3905466853121489e+00	   1.1137576566902483e+01	   9.5776766602411456e+00	   1.3979503869404024e+01	   1.0639412806207678e+01	  -1.6453103694853646e+00	   9.0624655019466829e+00	   5.4523913338097731e+00	   9.3131585429042874e-01	   4.9496263121655808e+00	   1.1303754204964484e+01	   1.6066338695921867e+00	   3.2843175726951888e+00	   3.1734241125184601e+00	   1.9361063051698486e+00	   3.4022548041034577e+00	   2.5979028985348092e+00	
   2.7197389401974575e-01	   1.2941793831610147e+00	   1.2656020287461999e+01	   3.0244274915349711e+00	   8.2922299234877528e+00	   6.6781233311677273e+00	  -5.4290648455998625e-02	   1.2698145971115823e+01	   8.8563355230266811e+00	   7.2954993242222637e+00	   9.5275771157317859e+00	   7.4414653285349512e+00	   1.4232412732927928e+00	   6.4125322504283488e+00	   2.9667778924693984e+00	   1.3241295792244052e+00	  -3.1725646733259427e-01	   1.5254856341317675e+00	   7.3707503129913521e-01	   2.3095709092599557e+00	
   2.3703993483647987e-01	  -4.8845820389708708e-02	   1.5956748886014633e+01	   5.4681506225294907e+00	   8.6406414306900636e+00	   9.3671632655389523e+00	   1.3041960600140534e+01	   1.0628473732660135e+01	  -8.3419626684765236e-01	   8.9349020246351643e+00	   4.8191011107174768e+00	   2.0049570178651601e+00	   5.0420768348053082e+00	   9.2679276520870779e+00	   2.8108265936869947e-01	   1.7168281735407260e+00	   4.4373705396112406e-01	   9.6289152004972611e-01	   4.7910448164650310e+00	   2.6951211055433477e+00	
   3.4371053971939930e-01	   1.5618450269087158e+00	   1.4214637411668196e+01	   2.9339221827940190e+00	   6.4623678459224045e+00	   6.8235223503098599e+00	  -1.7182416059050105e+00	   1.2068712914389252e+01	   5.0837552564930348e+00	   6.5994645930085234e+00	   8.1505406027478422e+00	   5.9268947765814168e+00	  -6.9805184211352644e-01	   5.8464487676823236e+00	   3.7674509851485087e+00	  -1.5999303053226166e-01	   7.0885116685890104e-01	   1.7860064276182319e+00	  -1.4347166923538559e+00	   2.7050530304801024e+00	
   3.0495061474881141e-01	   1.6177463665707690e+00	   1.2506701295338683e+01	   1.4696378149846172e+00	   6.2832503185627822e+00	   1.6704519097651094e+00	   7.5540288600103622e-01	   1.0093015461065427e+01	   5.9931597314774461e+00	   6.5575870128383098e+00	   1.2031643433143294e+01	   1.1427371048370551e+01	   2.1579874146472733e-01	   7.4045664849085204e+00	   3.2341041552581213e+00	   5.7360371257680143e-01	  -7.8062566295800462e-01	   1.6790571400903498e+00	  -1.7508994529029076e-01	   2.3413156324270528e+00	
   1.0940859024435895e-01	  -1.0580251010419577e-01	   1.5282878945608225e+01	   5.8981720947971876e+00	   1.1709661493020917e+01	   9.3699467296730390e+00	   1.2743284021810966e+01	   1.0544860793427535e+01	  -8.5718093957120556e-01	   8.8259275956489063e+00	   5.2964072435189999e+00	   1.6098177867901080e+00	   5.3990029554863108e+00	   1.0542340087565730e+01	   2.0731930068226743e+00	   2.6237683717615350e+00	   2.4675126776734770e+00	   2.4204801820248312e+00	   2.6533569369110253e+00	   2.4167133605299913e+00	
   1.1200858151262011e-01	  -1.3410744858774298e-01	   1.6683625839451341e+01	   8.1673987342254133e+00	   1.3330678234967655e+01	   9.4688885094707924e+00	   1.3172291905234943e+01	   1.0689280976389998e+01	   2.6153414459238977e-01	   8.5391142458084275e+00	   5.4390343736919728e+00	   2.6178014281804591e+00	   5.0156976383637080e+00	   9.2690781824306807e+00	   1.6413661923973675e+00	   2.9890339762628191e+00	   3.5660698964785080e+00	   1.7537427024747128e+00	   2.6598767767472973e+00	   2.9291577888550582e+00	
  -4.0184786637783708e-02	   8.7881077617327580e-02	   3.6334366769628437e+00	   3.9506399187511598e+00	   8.0342491968899523e+00	   6.8235223503098599e+00	   1.2033198011481760e+01	   1.8825905609404550e+01	  -1.2054753059002776e+00	   9.5327063658874884e+00	   4.1408168166679928e+00	  -3.4254647373365588e-01	   1.2143595809002217e+00	   5.8464487676823236e+00	   2.7114263277121973e+00	  -1.5999303053226166e-01	   7.0885116685890104e-01	   1.0303648546094237e+00	   3.2365596347806349e+00	   3.0922844661941884e+00	
   3.0275094392560109e-01	  -7.0014754415472294e-02	   1.5625896988665712e+01	   5.8421627216579441e+00	   7.4714845342152225e+00	   9.6253891256453983e+00	   1.3945753492698820e+01	   3.3147489491003128e+00	   1.7445222646012482e-01	   9.0197058881812584e+00	   4.6196492620290908e+00	   1.8578535592419967e+00	   5.1306683899898307e+00	   8.9528384141643684e+00	   3.8765905193179839e+00	   2.2442090760601898e+00	  -4.1774624910724212e-01	   1.0694412356077432e+00	   6.4170724885247665e-02	   2.6323466338852444e+00	
   2.2394392275316127e-01	  -6.9522841473908026e-02	   1.4143223093007386e+01	   7.1826587944862901e+00	   1.2543879448336389e+01	   8.0624289642230043e+00	   1.1041218976176019e+01	   1.0182928869710869e+01	   3.5746011114569720e-01	   8.4770904768485345e+00	   4.7696018150465287e+00	   2.8710630478554036e+00	   4.9448376519816666e+00	   9.0943370601440883e+00	   2.1579312089594413e+00	   1.8778677380377609e+00	   3.4201214232341983e+00	   2.0012040266429723e+00	   2.1828469678011571e+00	   1.5980528968511376e+00	
   1.3501821291774183e-01	  -7.2731605599674412e-02	   1.5381248280310546e+01	   6.1458881872807165e+00	   1.1446686993894005e+01	   9.9045310300063854e+00	   1.3285021989623603e+01	   1.0648348929626845e+01	  -9.2733468019437981e-01	   8.9216077321839666e+00	   5.2902016468791659e+00	   1.5239554199970935e+00	   4.9032186431584792e+00	   1.0452431152669014e+01	   2.0840024435966451e+00	   2.7124614805710419e+00	   3.2197697710743056e+00	   2.2488079105405960e+00	   2.6102118265913186e+00	   2.2241497447936172e+00	
   1.3993612178336798e-01	  -7.4411092229194495e-02	   1.6194744605374776e+01	   5.7978489691750594e+00	   1.1450495110653550e+01	   8.9527459833300664e+00	   1.3270909858618435e+01	   1.0653423581643725e+01	  -8.2260187988710975e-01	   8.8469598498768907e+00	   4.9802461934242519e+00	   2.2145255889250950e+00	   5.0161371118794822e+00	   1.0714922484523678e+01	   2.4881541909607874e-01	   1.9882863983794370e+00	   1.1846118402957821e+00	   9.3378672725136891e-01	   4.8087242107029935e+00	   2.4251425620515077e+00	
   2.9556406237666283e-01	   1.5296253324952973e+00	   1.2186608674559292e+01	   2.4867660908567615e+00	   7.7488850051405720e+00	   6.1223851522821828e+00	  -2.3519436436864765e+00	   1.3051216810654207e+01	  -1.4571585516732574e+01	   1.0705566968526817e+01	   3.6703952145654437e+00	   8.4607370657341061e+00	   8.2382654750094875e-01	   5.7166728710879529e+00	   2.5270777336597265e+00	  -2.0746297497973001e+00	  -9.2649767423592055e-01	  -1.9053975308259323e+00	   3.7609556000777764e+00	   3.3244558168403491e+00	
   7.7655606676763939e-02	  -1.4432405835604348e-01	   1.5346115621923518e+01	   6.7537661590396931e+00	   1.1990589929742731e+01	   9.6513446997360344e+00	   1.3014036923325870e+01	   1.0510047209002892e+01	  -9.2107178680025192e-01	   8.8210513767775147e+00	   5.4541297191507860e+00	   1.2461934218794783e+00	   5.5688542709602684e+00	   1.0501332672089260e+01	   3.2198018737524623e+00	   3.3859617456426983e+00	   3.3085488131552809e+00	   3.0899248247481781e+00	   9.0865386588036789e-01	   2.7522284849866114e+00	
   3.5544030505930879e-01	   1.6170966841120942e+00	   1.5014467060561737e+01	  -9.5769294192210896e-01	   4.5192033055789800e+00	   4.0963329131105359e+00	   1.0910426630397378e+01	   1.2136166480679943e+01	  -7.9240077789174244e+00	   8.5277201612410156e+00	   6.4430438168780739e+00	  -1.3350206198423553e+00	  -2.2202542271496029e+00	   4.6045876342874088e+00	   2.8679678690259034e+00	  -7.3661742046680800e-01	   4.3365612035444878e-01	  -3.5444883834168106e-02	   2.2124764820377574e+00	   2.5108802131650436e+00	
   2.9275630653116397e-01	   1.4962222985700178e+00	   1.2686189933454676e+01	   1.9701353459082807e+00	   6.7285664282640170e+00	   2.3957375944504533e+00	   1.0936202716679553e+00	   1.0141690920932765e+01	   6.0438650433216168e+00	   6.6435756770049839e+00	   1.1604461414064502e+01	   1.0999541333107814e+01	   6.0318589413791646e-01	   7.6609075255966905e+00	   3.1941457229736674e+00	   7.4344914258183437e-01	  -4.7846942306307305e-01	   1.7958340783799698e+00	  -1.3943804972418938e-01	   2.3434743425856319e+00	
  -1.5226489745971059e-01	  -1.1524136653486025e-01	   1.3724714272902858e+01	   9.4845731785871585e+00	   1.1341226707743939e+01	   2.7864227612420649e+00	   8.4578259177222037e+00	   9.8320955048928589e+00	   1.9653501920490370e+00	   1.0422221939278375e+01	   4.4171389414526727e+00	   2.5371054983289496e+00	   5.7285273384532536e+00	   9.0637962678298472e+00	   1.2236426214471186e-01	   1.1281849384675970e+00	   3.5755624011531251e+00	   8.7297632974837858e-01	   5.0397103095522411e+00	   1.1075238802607794e+00	
   3.1478697178820281e-01	   1.5137155840607677e+00	   1.3791214089513705e+01	   6.1270962045956523e-01	   5.9382837962114934e+00	   3.4353924882250810e+00	   6.3055274548243831e+00	   1.1107741427680162e+01	  -1.1034685314358832e+00	   7.6090720936596066e+00	   9.0030850157373834e+00	   4.6632929977085027e+00	  -7.1364688214972949e-01	   6.1943253941829663e+00	   2.9838214259250888e+00	   4.2605287289781524e-02	   2.6273357667882746e-02	   8.8637112762292913e-01	   1.1371469287339901e+00	   2.4162882724894144e+00	
   1.0425115306229193e-02	  -1.7951791140009316e-01	   1.6033067432407787e+01	   7.0432625355008618e+00	   1.3730508653203392e+01	   1.0624677282377686e+01	   1.3846831698119903e+01	   1.0667467831391217e+01	  -1.3677468436601907e+00	   8.9656006069845517e+00	   5.7636082506065316e+00	   1.0135655719447485e+00	   5.7340044180631953e+00	   1.1149611701266533e+01	   2.8756761036697611e+00	   3.8957877915158940e+00	   3.0802977536095266e+00	   3.6067485912358270e+00	   1.3685290588098395e+00	   2.8016767821899022e+00	
   1.4556428903108595e-01	  -8.9753605182032292e-02	   1.4424678939224474e+01	   6.3256033476456341e+00	   1.1720907141699575e+01	   9.2265945863186563e+00	   1.2029103367414491e+01	   1.0488717785937704e+01	  -6.2451945054158131e-01	   8.7321107179601398e+00	   4.9965173597578660e+00	   2.1364504385104039e+00	   5.1194811892229124e+00	   9.9596449553582218e+00	   1.9402790910585148e+00	   2.4325311491505905e+00	   3.3040116689204697e+00	   2.4689986393698993e+00	   1.8258149652326854e+00	   2.2355588590191777e+00	
   8.9078470367926099e-02	  -4.8845820389708708e-02	   3.6334366769628437e+00	   6.8143761633339039e+00	   1.1105911612208155e+01	   9.3414360078985297e+00	   1.3742851769050850e+01	   1.1048774383463272e+01	  -2.2804026426912816e-02	   8.9349020246351643e+00	   5.9376965008794604e+00	   2.2175088274145249e+00	   1.2143595809002217e+00	   9.2679276520870779e+00	   2.0000282681520751e+00	   1.6946718329708694e+00	   3.0470589891474593e+00	   9.6289152004972611e-01	   4.7462336326058843e+00	   2.6951211055433477e+00	
   8.7915881681887284e-02	  -1.2885427965274876e-01	   1.5081620953066984e+01	   6.2627572087634062e+00	   1.2065529949119847e+01	   9.6480650364264982e+00	   1.2699148127641454e+01	   1.0524910473827964e+01	  -8.2696156020577627e-01	   8.8012263917845459e+00	   5.5537139590294453e+00	   1.3438628530802679e+00	   5.5250353532819849e+00	   1.0390203496112271e+01	   2.8885153601565410e+00	   3.1277498701794428e+00	   3.3090409628032287e+00	   3.0596982917538389e+00	   1.6522428502889641e+00	   2.5399667072129848e+00	
   4.5284505931490671e-01	   2.2826418264925952e+00	   1.4278745020844918e+01	  -4.8511077183593265e+00	   2.6832404156115746e+00	   2.5624682488546369e-01	   1.4493820979771183e+01	   1.2053826598749575e+01	  -1.5852327886213429e+01	   9.0434408531629114e+00	   6.0783019162402550e+00	  -6.0639009426890400e+00	  -5.5675889522389514e+00	   1.6657723181810624e+00	   3.5267887537752736e+00	  -2.3004466163712465e+00	  -6.0949627762993575e-01	  -1.1432361482070499e+00	   2.5108650556061001e+00	   2.4064567890071777e+00	
   3.6251675841675157e-01	   1.6200648018690036e+00	   1.5704698480817290e+01	  -1.9724149965045137e+00	   3.0550537562069451e+00	   4.1459436047174236e+00	   1.4009363082387033e+01	   1.2673796895455840e+01	  -1.0990353362960853e+01	   9.0882060217271921e+00	   5.8743836154335920e+00	  -2.8910687034471918e+00	  -2.5859718492608792e+00	   4.2365769920443732e+00	   2.6485994960661863e+00	  -9.0955267178873711e-01	   5.9778105157853023e-01	  -5.1741449367361914e-01	   3.0789366826142639e+00	   2.5273488317674908e+00	
   5.4122101940310996e-01	   1.7552365312586131e+00	   1.8847704878466292e+01	   5.1562016058414688e+00	   5.5934433444089082e+00	  -6.4073844733304863e+00	  -4.5464988823811581e+00	   6.0648941536446630e+00	   2.5425776256455720e+01	   3.9986696677379201e+00	   1.6051300870749010e+01	   2.7745217247740058e+01	   5.4700328952211512e+00	   1.0242904822856815e+01	   2.1555764104248771e+00	   4.4926906047483168e+00	  -1.3165854355402322e+00	   3.3042944427527159e+00	  -3.8733754997934837e+00	   2.0605618476148129e+00	
   3.4371053971939930e-01	   1.5618450269087158e+00	   1.2027518589310979e+01	   2.7984201627433651e+00	   7.3535969114387800e+00	   1.9146379043211645e+00	  -1.6835616042442769e+00	   1.8825905609404550e+01	   5.0837552564930348e+00	   6.1105497903766608e+00	   1.3064630320439454e+01	   5.9268947765814168e+00	  -3.5807936055242329e+00	   5.8464487676823236e+00	   3.2864216823035730e+00	  -1.5999303053226166e-01	  -7.3651042287185353e-01	   2.3139042692091905e+00	  -8.0479643335938045e-01	   2.2961150963394195e+00	
   1.5219701324647553e-01	  -3.0152230678924218e-02	   1.3843680075173644e+01	   3.7508962165551019e+00	   1.2404316585155334e+01	   9.4958674638492049e+00	   1.1167062460150690e+01	   1.0631125874006903e+01	  -2.5181270831808245e-01	   8.7060678500464839e+00	   5.9948020650117106e+00	   2.0774627937995445e+00	   5.0555824290779476e+00	   9.7007884437933054e+00	   7.7099708699234637e-01	   1.6767995796082373e+00	   3.3073265837904406e+00	   2.5240296405295877e+00	   6.0416056582701652e+00	   1.3597349750150667e+00	
   2.2798427086338008e-01	  -4.3578125524376413e-02	   1.4311061864448696e+01	   6.6870315392409800e+00	   1.2385065697888491e+01	   7.8421330303605856e+00	   1.1489841670117105e+01	   1.0275180274093039e+01	   2.1187495401632805e-01	   8.5586777603941631e+00	   4.8121733831053559e+00	   2.9918147172130554e+00	   4.5619651308685505e+00	   9.2579339798279001e+00	   1.1167963292163841e+00	   1.8954447273232446e+00	   3.4022998558482325e+00	   1.2566362625589906e+00	   3.7750003454207652e+00	   1.5957163085873474e+00	
   1.0867537572874664e-01	  -1.0712298337176780e-01	   1.5372856248123107e+01	   5.9926787728035507e+00	   1.1769588229511813e+01	   9.3874055960115843e+00	   1.2813233266303302e+01	   1.0559375464725203e+01	  -8.2936921038372724e-01	   8.8192342658027307e+00	   5.3092409150602817e+00	   1.6410985310843138e+00	   5.3643107765282032e+00	   1.0507418370291855e+01	   2.0207834510685085e+00	   2.6582068683492848e+00	   2.5287949066387494e+00	   2.3626022519385881e+00	   2.6968100299274935e+00	   2.4548001844454306e+00	
   5.3200035994072928e-02	  -7.2501912800581103e-02	   1.6094954603597749e+01	   3.8936940821189836e+00	   1.0390283958951002e+01	   9.4306106331387802e+00	   1.6326120338617152e+01	   1.1048774383463272e+01	  -2.9657744890284370e+00	   9.4995201435674268e+00	   5.9376965008794604e+00	   2.1124716612062358e+00	   4.6289011052174533e+00	   9.6875012175661226e+00	   2.5915566961010006e+00	   4.2685692848430445e+00	   3.0470589891474593e+00	   2.4763117395178273e+00	   5.9019978884163278e+00	   3.3032430977143505e+00	
   1.4541743045810523e-01	  -9.0024089348890057e-02	   1.4445757361622249e+01	   6.3393128088124948e+00	   1.1730549474158193e+01	   9.2233958792451940e+00	   1.2047011649086153e+01	   1.0486722611962360e+01	  -6.2123198994270612e-01	   8.7326008488480067e+00	   5.0045589514614859e+00	   2.1239456711415925e+00	   5.1206947891325836e+00	   9.9639118162872631e+00	   1.9654409857319917e+00	   2.4437524437804203e+00	   3.3039044761885412e+00	   2.4688839794422281e+00	   1.8274058612153543e+00	   2.2347985606328860e+00	
   3.5807111945696324e-01	   1.6294888207876976e+00	   1.5193857124642614e+01	  -1.8305251600909360e+00	   4.0833799875835552e+00	   3.4846643052055040e+00	   1.3742851769050850e+01	   1.2151295326673726e+01	  -1.0841458323166700e+01	   8.9601996153698522e+00	   6.0600773211263732e+00	  -2.9637617775582705e+00	  -2.5616619053638852e+00	   4.3260563887810068e+00	   2.6662269932480163e+00	  -8.6594581733738207e-01	   3.7193390601109799e-01	  -4.4396970900620691e-01	   3.0304884401772840e+00	   2.4673300969758034e+00	
   2.8828011896339345e-01	   1.4569266155600475e+00	   1.2331549040146477e+01	   2.6527799640426597e+00	   7.9166537797948591e+00	   6.2939805977385408e+00	  -1.6424966339248712e+00	   1.2942199020820629e+01	  -1.3952547707005660e+01	   1.0624628979952872e+01	   3.7438856126865225e+00	   8.1460162233825741e+00	   1.0089080135460158e+00	   5.9315335819578676e+00	   2.5069754678489673e+00	  -1.8574400700037845e+00	  -7.3838208264818395e-01	  -1.7169217934338432e+00	   3.7087465111633220e+00	   3.2745350795987691e+00	
   2.9016012643784839e-01	   1.2715782729640925e+00	   1.2387250256613516e+01	   2.8979215281984727e+00	   6.5439548633176452e+00	   2.0477224524129056e-01	   7.3700131892520204e-01	   9.0037417098236396e+00	   9.1285621340724408e+00	   7.1734633532485272e+00	   1.0883967626259372e+01	   1.2579512935306058e+01	   2.0152144959529110e+00	   9.4373007059840361e+00	   2.2214149474906222e+00	   2.3728972494056833e+00	  -1.4882717099524001e-01	   1.7391621447493602e+00	   9.2247438027703321e-01	   2.5268507876681818e+00	
   5.7178522083124195e-01	   1.8075744848180824e+00	   1.9550568074310867e+01	   5.3981948057174938e+00	   5.2870844315809338e+00	  -7.8928157319060981e+00	  -5.0564421440717240e+00	   5.3119054471392841e+00	   2.7306694106207853e+01	   3.6244225312028364e+00	   1.6791856249477505e+01	   3.0050043947456231e+01	   5.9294136744743566e+00	   1.0677718300184768e+01	   2.0634910243294611e+00	   4.8523770351365725e+00	  -1.4300265422327412e+00	   3.5062199810529489e+00	  -4.3967413054863513e+00	   2.0322950161427373e+00	
  -1.2465132951360614e-01	  -7.2197124293273865e-02	   3.6334366769628437e+00	   5.6867031123583995e+00	   1.1105911612208155e+01	   3.4846643052055040e+00	   1.3742851769050850e+01	   1.2474686128751411e+01	  -8.6715526094788165e-01	   9.0606679399145786e+00	   4.6726409601525152e+00	   2.0851387996080732e+00	   1.2143595809002217e+00	   9.4397370181400380e+00	   2.0000282681520751e+00	   1.3855494265291459e+00	  -2.0998046132633236e-01	   1.1930464261054390e+00	   3.0304884401772840e+00	   3.0127593499567005e+00	
   1.6010793872561166e-01	  -1.0164228053697918e-01	   1.6115464612965781e+01	   7.4478664460257304e+00	   8.5675144007698538e+00	   8.9178313124659336e+00	   1.3715941028166094e+01	   1.0314175109573663e+01	   1.3207027374436509e-01	   8.9349020246351643e+00	   5.0162602210727210e+00	   2.3947235505405575e+00	   4.8838651313084176e+00	   9.2679276520870779e+00	   3.1076798495439237e+00	   2.3485392145150188e+00	   3.3908662968199499e+00	   2.8153890841797331e+00	   8.8422929246686843e-01	   1.9962309040868993e+00	
