   3.4573652447706351e+00	   4.1641146332607928e+00	   1.5322765229924496e+01	   1.9152914354622112e+01	   1.9858465564163268e+01	   1.6360430124993186e+01	   1.6542253807618387e+01	   3.7218709470609362e+01	   7.3260750528887513e+01	   7.1289235818407448e+01	   7.3059670309785929e+01	   6.8001834175485698e+01	   6.9881959855743489e+01	   6.3154543486554807e+01	   8.8457959357191225e+00	   3.4251798135337976e+00	   1.2229041483934527e+01	   4.5063712821378967e+00	   4.0113650282642066e+00	   1.2893675496786750e+01	
   3.4062918968441589e+00	   1.5086887565159579e+00	   6.6019860330126136e+01	   3.4465322379042490e+01	   2.6967019143810859e+01	   2.4536397893946134e+01	   6.6713461886170236e+01	   2.6992648180676063e+01	   6.6554260545290759e+01	   6.5905322174567701e+01	   5.2071921344497945e+01	   3.6521942055455447e+01	   7.0736362135804583e+01	   5.9577453852669080e+01	   1.3369504664702125e+01	   7.8984567518423727e+00	   1.0238530183430040e+01	   9.0793219432321610e+00	   1.3544850753528433e+01	   1.3980654072217936e+01	
   3.3302619198665977e+00	   1.4392886383728964e+00	   6.5743309094730449e+01	   1.7631908050478319e+01	   2.8458084026210269e+01	   2.6349750617746420e+01	   6.6638630488704408e+01	   2.8288495831321232e+01	   6.6574153175734963e+01	   6.5479565669161744e+01	   4.8516161889153985e+01	   3.6297109597386047e+01	   7.1303177356707579e+01	   5.8890877486174261e+01	   1.5287976608431014e+01	   9.0192443807343814e+00	   1.1579737679784857e+01	   7.5422684498353414e+00	   1.3729797180162354e+01	   1.5168467994219158e+01	
   3.5682939743903916e+00	   4.0972586287114359e+00	   1.8083271966755408e+01	   1.9367193430171696e+01	   1.8607576250085927e+01	   1.6203052249240073e+01	   1.7950628374502678e+01	   2.3039128770209352e+01	   6.7454275543867027e+01	   6.6553055639975042e+01	   7.1359411021210420e+01	   6.6865859866090531e+01	   7.1809123186215942e+01	   5.0409655471664948e+01	   8.6958924118545475e+00	   1.1024482501417731e+01	   1.0116406083088696e+01	   1.3347100272471501e+01	   1.3460739579100883e+01	   1.4997423685696468e+01	
   3.3844348650023455e+00	   1.4392886383728964e+00	   6.1897496680599708e+01	   2.8181073380898777e+01	   2.2845936948283164e+01	   2.1912384843458788e+01	   6.5541202547044946e+01	   2.7412483414655668e+01	   6.6797449175996675e+01	   6.5492526598858888e+01	   5.1295082978733362e+01	   3.6297109597386047e+01	   6.6233733305496557e+01	   5.8459602848152102e+01	   1.3722008282905579e+01	   8.7701342997969416e+00	   1.1630379290401763e+01	   7.5565644903173022e+00	   1.4365930989855883e+01	   1.6574404486725992e+01	
   2.9819465189081917e+00	   4.1271991343985608e+00	   6.0321903397680828e+01	   2.3271926759783550e+01	   6.2963354637102306e+01	   1.1284971512796499e+01	   1.5328716468720788e+01	   5.3517622631974866e+01	   7.3260750528887513e+01	   7.1289235818407448e+01	   7.3059670309785929e+01	   6.9631325352911333e+01	   7.0009140475689236e+01	   7.4893616685489349e+01	   8.8457959357191225e+00	   3.4251798135337976e+00	   1.5112152866842113e+01	   4.5063712821378967e+00	   4.0113650282642066e+00	   1.2893675496786750e+01	
   3.5462749737586186e+00	   4.1415730971346436e+00	   1.8253944458553676e+01	   1.8859107714515368e+01	   1.9910109259216306e+01	   1.7312159939467431e+01	   1.4955488723744338e+01	   3.0797890128230275e+01	   6.6268010138920673e+01	   6.5278206883476969e+01	   7.2288619952968673e+01	   6.8073725524919411e+01	   6.8432986468424090e+01	   5.4607562717484832e+01	   1.0471170931192544e+01	   7.5283522502149225e+00	   1.2345570777955883e+01	   1.3229903647203571e+01	   1.3413920612865343e+01	   1.6050238773532293e+01	
   3.5617612945905783e+00	   1.4481829125491463e+00	   6.6790411288183208e+01	   3.7849475836332779e+01	   3.2015862402899714e+01	   2.6302770644022800e+01	   6.6913915909481815e+01	   2.9545049076559632e+01	   6.6451480181594405e+01	   6.6014416617388349e+01	   5.1914144472642555e+01	   3.6471657351930993e+01	   6.8968051527669516e+01	   5.4162508989337510e+01	   1.5670024438544955e+01	   8.5387915107436587e+00	   6.4073722662762060e+00	   8.4380761230817658e+00	   1.4444473544133841e+01	   1.1745416430852929e+01	
   3.4328726260239057e+00	   1.4534791564600034e+00	   6.2564715140166641e+01	   3.5450542398860804e+01	   2.6181432652484663e+01	   2.3437295605564248e+01	   6.5731604611580053e+01	   2.6720285431633126e+01	   6.6713157701286448e+01	   6.5658050465015890e+01	   5.3524822805077626e+01	   3.3894180953720557e+01	   7.2496772004728086e+01	   5.9139037541882637e+01	   1.4592638285604451e+01	   8.7351870997728174e+00	   1.1589390310327243e+01	   1.4496798685944373e+01	   1.5623851590628302e+01	   1.4944817263105062e+01	
   3.3198643828715841e+00	   1.4288367181640262e+00	   6.1092320524586462e+01	   1.3886895816222626e+01	   3.3335652521848189e+01	   2.1825490593852869e+01	   6.5312314722462730e+01	   2.8379091386578025e+01	   6.4616682613604524e+01	   6.5406269714666351e+01	   4.7986568205231208e+01	   3.6468744303623744e+01	   6.6330431569667667e+01	   5.8889320611698324e+01	   1.3788416104388187e+01	   9.2673600838678567e+00	   1.1613419031237878e+01	   1.5313510624311190e+01	   1.4497641642705448e+01	   1.7274026446940994e+01	
   4.2778205216799332e+00	   4.3186243695886599e+00	   1.3461594683948553e+01	   1.9304116054824345e+01	   8.3881183650246314e+00	   1.4357009056830544e+01	   1.9572778080184367e+01	   1.5074832287827213e+01	   6.6214424355155685e+01	   6.6610559365643851e+01	   7.0000630938779381e+01	   6.7655716726363949e+01	   7.1884336068603119e+01	   3.7246183046698555e+01	   1.2307524966116127e+01	   1.5855570145444116e+01	   9.1474920168144376e+00	   1.7427787639117255e+01	   1.7076837119510849e+01	   1.6098426915971977e+01	
   3.5963812005556806e+00	   1.5032336729843450e+00	   6.0319574355658489e+01	   4.2217371917007981e+01	   2.2641933020615724e+01	   2.0591244921467926e+01	   6.5091050767853389e+01	   2.5735832927303115e+01	   6.7277141568427439e+01	   6.5451076198058999e+01	   5.2427647840784537e+01	   3.6986593975612983e+01	   7.4781695113390100e+01	   5.7563057767416687e+01	   1.7008483777470502e+01	   8.5470229527029584e+00	   1.2979492055765849e+01	   1.0483986884639645e+01	   1.5378977519972423e+01	   1.4291990029486676e+01	
   4.0121557920140596e+00	   4.2602852563368980e+00	   1.4140572146323098e+01	   1.9382459648096052e+01	   1.2920372623101732e+01	   1.5143996130019818e+01	   1.8245817098945611e+01	   2.0419234676471319e+01	   6.6511546474251475e+01	   6.6340367258210733e+01	   7.0908954102893290e+01	   6.8566884591917798e+01	   7.0958229827209777e+01	   4.3483749919412048e+01	   1.1658594879982205e+01	   1.2883813825682193e+01	   1.0219523589715683e+01	   1.5885996109006468e+01	   1.5616684512748435e+01	   1.6036966615232693e+01	
   3.4267201706215977e+00	   1.4239571554100794e+00	   6.6933637427209149e+01	   3.3657971940420801e+01	   2.8670698220923562e+01	   2.5040006313560106e+01	   6.6977648337992534e+01	   2.7087281396464842e+01	   6.6480708392115261e+01	   6.5851703970997605e+01	   4.9810313238970608e+01	   3.5380265114114898e+01	   7.1817218714781674e+01	   6.0791285700010242e+01	   1.2398822789660668e+01	   8.9206774889847544e+00	   7.8334397845380135e+00	   6.7460545078010892e+00	   1.3649461845153793e+01	   1.4898419236888948e+01	
   2.9903519238222636e+00	   4.1607415058181525e+00	   5.1223630282217798e+01	   2.1847424875983283e+01	   6.2402023918525352e+01	   1.1200360030155048e+01	   1.4698146236613596e+01	   5.4744334810901975e+01	   7.3442653171791989e+01	   6.7777247940357924e+01	   7.3070707440068290e+01	   6.9712153064927108e+01	   6.9722417788618117e+01	   6.1397309681040888e+01	   9.5953890905444723e+00	   4.8405173623574669e+00	   1.4957617757535994e+01	   5.7000106567858557e+00	   4.5276545987008729e+00	   1.3125611436299319e+01	
   3.8964027812396997e+00	   4.2353622990623325e+00	   1.4789906363551411e+01	   1.8980783363202210e+01	   1.4751093969990892e+01	   1.5198632694562651e+01	   1.7947686739525167e+01	   2.2927575836036720e+01	   6.6667448162611507e+01	   6.6221638405254112e+01	   7.1197801257973595e+01	   6.8360735038152697e+01	   7.0447491942393242e+01	   4.6121936113089447e+01	   1.1224578921976114e+01	   1.1558848003127958e+01	   1.0722245299581617e+01	   1.5194922657094761e+01	   1.4899790041649743e+01	   1.6042062325367024e+01	
   3.4569569677227885e+00	   1.4215028595558103e+00	   6.2849787878745076e+01	   4.0921310360539387e+01	   2.3431433321071687e+01	   2.3859767333436832e+01	   6.5812489892069422e+01	   2.6389354078348486e+01	   6.7276283504433039e+01	   6.5755242403585200e+01	   5.3530289110724404e+01	   3.5015784710459734e+01	   7.4062192048025139e+01	   5.8520223909279515e+01	   1.6009165735098144e+01	   8.3754945546995252e+00	   1.1554617442872177e+01	   1.6442243944579669e+01	   1.4998792978505440e+01	   1.5530818596589517e+01	
   3.6486551311862430e+00	   4.2250450799010313e+00	   1.5499098401979383e+01	   1.4879049888005254e+01	   1.6771225821488322e+01	   1.7919940768121304e+01	   1.5499098401979383e+01	   3.0599038946631413e+01	   6.5441813396859928e+01	   6.5170544580498984e+01	   7.3787482486894646e+01	   6.7883048408208140e+01	   6.7992065123453870e+01	   5.2683196549699154e+01	   1.0213896799798551e+01	   7.9690952488381974e+00	   1.2133636947550395e+01	   1.4427271229839249e+01	   1.3748462825895260e+01	   1.5774739299479254e+01	
   3.3962561074937523e+00	   1.5504593886244822e+00	   6.5551446342615748e+01	   4.0607653265469409e+01	   2.5442865437523089e+01	   2.3119240578576569e+01	   6.6578107498377847e+01	   2.7698114772782645e+01	   6.6729363199288670e+01	   6.5930976112392770e+01	   5.1750847949085625e+01	   3.6286208432791192e+01	   7.0209044714456894e+01	   5.8972122497954501e+01	   1.3859601773676751e+01	   7.3961536698597765e+00	   1.1237469832648470e+01	   9.6573302561439167e+00	   1.4347974569483908e+01	   1.3530477355680301e+01	
   4.1451403211768758e+00	   4.2826716565858520e+00	   1.4408920422828089e+01	   1.9229751836855403e+01	   1.0535808874545278e+01	   1.4939247824639747e+01	   1.8748140093463569e+01	   1.8058425769340055e+01	   6.6120976539349087e+01	   6.6298850476858661e+01	   7.0413319342045327e+01	   6.7702361038045026e+01	   7.1219331547281556e+01	   4.0434529675237208e+01	   1.1990072725837065e+01	   1.5368049360841594e+01	   9.7520866821913827e+00	   1.6755894130924833e+01	   1.6890548787137515e+01	   1.6081111354707676e+01	
   3.4021132244364511e+00	   1.5021878897972514e+00	   6.3803829347885006e+01	   3.5385932862660873e+01	   2.5891529506093686e+01	   2.4895464570191280e+01	   6.6084087387176154e+01	   2.7100143093442149e+01	   6.6656357692139579e+01	   6.5806935243196747e+01	   5.2350741921772823e+01	   3.6662292171801319e+01	   7.1047433489549775e+01	   5.9219609722132489e+01	   1.4475742621242940e+01	   8.3878037906549210e+00	   1.1538962860741405e+01	   1.3200424935131725e+01	   1.4563092496309803e+01	   1.4434141631112892e+01	
   3.4439070199990027e+00	   1.4346500089263303e+00	   6.3588591992787563e+01	   4.8394425922696328e+01	   2.3121969769637033e+01	   2.2757147066998176e+01	   6.6021351779145320e+01	   2.6513666610614237e+01	   6.7409152448813231e+01	   6.5838616571738456e+01	   5.4423236914034149e+01	   3.4595499606301431e+01	   7.4889510546417284e+01	   5.8148200708179807e+01	   1.6927713972830446e+01	   8.3865424362099734e+00	   1.1836193613342346e+01	   1.6862166642152363e+01	   1.5390692913155830e+01	   1.4360523626924387e+01	
   3.0463577562000310e+00	   1.4081734917977435e+00	   6.1084393226973923e+01	   5.7542461878418870e+01	   4.7957426699459766e+01	   1.4301338642669204e+01	   6.5311030781610867e+01	   2.5374598442022666e+01	   6.8540285279427209e+01	   6.4425980932013800e+01	   5.6209453976316361e+01	   3.4250352130828652e+01	   7.4218080885099738e+01	   5.8322175077121770e+01	   1.2699439674819139e+01	   8.0425100318153220e+00	   1.1541195115679864e+01	   7.5572850789053119e+00	   1.3764691208671390e+01	   1.7011418840243529e+01	
   3.4262882596211748e+00	   1.5046753768976058e+00	   6.3345544842440553e+01	   3.2125370023977588e+01	   2.7124788815537666e+01	   2.5415915020406192e+01	   6.5953474450309841e+01	   2.7283947205607866e+01	   6.6402254341350769e+01	   6.5771668449898712e+01	   5.3209099048588904e+01	   3.7982820696533480e+01	   7.1562546662105404e+01	   5.9555765524265119e+01	   1.4444394571767171e+01	   8.6226446298783017e+00	   1.1785275806426684e+01	   1.2974972357050747e+01	   1.4617183042376293e+01	   1.5070680854651020e+01	
   3.2391601872437095e+00	   4.2349645732749241e+00	   6.2504527526690190e+01	   2.3025775158109276e+01	   7.1311078396871153e+01	   1.4046443292683692e+01	   1.5967727164968538e+01	   5.3423718408123129e+01	   6.7460257200971128e+01	   7.0100696431320998e+01	   7.3742147924030064e+01	   6.8385558684064122e+01	   7.0452343570040355e+01	   6.4657136302855719e+01	   9.2721610153027232e+00	   5.6969978563222110e+00	   1.3965747538633952e+01	   5.5199513032132126e+00	   4.9656791932801498e+00	   1.5020128268349575e+01	
   3.3807678122739833e+00	   1.6130499381902899e+00	   6.5081386277685866e+01	   4.4099845372818827e+01	   2.3826853602399872e+01	   2.2082275747505928e+01	   6.6441395149404656e+01	   2.8008519954072710e+01	   6.6831440979381156e+01	   6.5979475240364067e+01	   5.2408978038290016e+01	   3.6686876912700789e+01	   6.9347594419146489e+01	   5.8154755204038466e+01	   1.4444444301310682e+01	   6.6224648456497039e+00	   1.2755127550763497e+01	   1.0715971743235292e+01	   1.4642010131756031e+01	   1.2826727550060117e+01	
   2.9548731956358316e+00	   3.4890014209324827e+00	   6.4119217598343454e+01	   2.5774687888010508e+01	   6.6045221584909186e+01	   1.2461331832561267e+01	   1.3548598942039190e+01	   4.8974724104475975e+01	   7.4819761666323529e+01	   7.0479540045563112e+01	   7.2251058787020497e+01	   7.0800907433822573e+01	   7.1604837156089658e+01	   7.2046945865241270e+01	   8.9027853108835906e+00	   5.3757346248431768e+00	   1.4684801718193382e+01	   4.9162015863486346e+00	   4.5254119784739508e+00	   1.3869044017078330e+01	
   3.6123058959097123e+00	   1.4341818354619127e+00	   6.7326686481748311e+01	   3.9674550514427629e+01	   2.4451519390737015e+01	   2.6644659393343211e+01	   6.7413063264707475e+01	   2.2205216524368915e+01	   6.7068111510813466e+01	   6.6065919653706146e+01	   5.1572721992475849e+01	   3.6644234460991498e+01	   7.4484673914056216e+01	   4.9891144045095238e+01	   1.5893790568533012e+01	   8.4277363597049568e+00	   6.3857652359943309e+00	   6.9508407815243771e+00	   1.4965276709551713e+01	   1.4298238142788227e+01	
   3.3501852227701265e+00	   4.2365409316557630e+00	   1.8044260056421308e+01	   2.0338476924368219e+01	   2.2202159757210005e+01	   1.4685628991202346e+01	   1.5762913160890150e+01	   3.7958255065328508e+01	   7.0760245967821319e+01	   6.8788636535501809e+01	   7.2595532600405463e+01	   6.8704523930240242e+01	   6.9563814473956953e+01	   6.4118002680721062e+01	   9.5316242732091450e+00	   5.1350249606631886e+00	   1.3136706014554589e+01	   9.1528819859925328e+00	   8.7212540543920376e+00	   1.3834070088035368e+01	
   3.5527128018914080e+00	   1.5474665948412625e+00	   1.4915922669852247e+01	   2.3006469473528234e+01	   2.4553658679997216e+01	   2.2518043322120995e+01	   2.1436071242033776e+01	   2.3854787043706231e+01	   4.0734769658530247e+01	   6.5867272095062603e+01	   5.4712791485481560e+01	   4.0982885949524785e+01	   6.7022982497741680e+01	   5.1282325212230177e+01	   1.5287976608431014e+01	   7.1631064187900142e+00	   1.1778730809285639e+01	   7.4979407945823882e+00	   1.3593060797703359e+01	   1.4205519708843308e+01	
   3.6811825561429492e+00	   1.6052441574089615e+00	   6.0007741258294416e+01	   2.1377797063402706e+01	   4.6651051134244867e+01	   7.8545074590379720e+00	   3.6107398323533076e+01	   5.3681692966547431e+01	   6.4772458144196548e+01	   6.8871830024537701e+01	   5.1485119298995805e+01	   3.8706930496864018e+01	   7.1297704445276594e+01	   6.2149462037073420e+01	   6.1499407633190959e+00	   5.9887072093715359e+00	   1.0130412364061817e+01	   6.1769509441746964e+00	   1.4463614600378079e+01	   1.2753523289724766e+01	
   3.4405523010019867e+00	   1.4456385994561964e+00	   6.3254565657922491e+01	   4.2805321747849106e+01	   2.2985007006960757e+01	   2.3411430383109423e+01	   6.5926443531717382e+01	   2.6611643286689009e+01	   6.7323433034983466e+01	   6.5813121905239697e+01	   5.3338745122219414e+01	   3.4923531352691164e+01	   7.4559287739420981e+01	   5.8280685550526265e+01	   1.6379620560628954e+01	   8.5006466059426167e+00	   1.1797682750525061e+01	   1.6496689735277734e+01	   1.5233962535231708e+01	   1.4783958176023305e+01	
   3.5948500753827628e+00	   1.4367041058710053e+00	   6.6929153154863826e+01	   3.9372900697216721e+01	   2.4510958203243376e+01	   2.6245799465668256e+01	   6.7270092956656171e+01	   2.2625698923446482e+01	   6.7047305287902191e+01	   6.6034611564261652e+01	   5.1692613205854833e+01	   3.6622344653769090e+01	   7.4213165790253527e+01	   5.0760682958025242e+01	   1.5805693767366170e+01	   8.4643792662050910e+00	   6.8689290570764756e+00	   7.5469775436832256e+00	   1.4927043370246974e+01	   1.4384302389674856e+01	
   3.0463577562000310e+00	   1.4392886383728964e+00	   6.0007741258294416e+01	   1.4879049888005254e+01	   1.9910109259216306e+01	   1.7312159939467431e+01	   1.4955488723744338e+01	   2.8288495831321232e+01	   6.6574153175734963e+01	   6.4425980932013800e+01	   7.2288619952968673e+01	   3.6297109597386047e+01	   6.8432986468424090e+01	   5.2683196549699154e+01	   1.0213896799798551e+01	   7.9690952488381974e+00	   1.2345570777955883e+01	   7.5422684498353414e+00	   1.3413920612865343e+01	   1.3569733270940299e+01	
   3.3697993605254610e+00	   1.4311052543091760e+00	   6.2355215952217904e+01	   1.8694517473463279e+01	   3.1697812477497592e+01	   2.2730694700439273e+01	   6.5694134712048964e+01	   2.7354302436990405e+01	   6.5146710057907882e+01	   6.5546529295910048e+01	   4.8101513821942120e+01	   3.6572885869638753e+01	   6.7722785029139843e+01	   5.7363643894603207e+01	   1.4165780028270142e+01	   9.1231064074040162e+00	   1.0790897819106906e+01	   1.3626802018312674e+01	   1.4559552308409177e+01	   1.6599448402403162e+01	
   3.3519686409494396e+00	   3.0097168834347356e+00	   3.9805662331305285e+01	   2.5402113061733917e+01	   2.5780636865128429e+01	   1.9050287547517303e+01	   3.9805662331305285e+01	   2.9817307430286142e+01	   6.7872277164099472e+01	   6.6331698932214735e+01	   5.9605750526569324e+01	   4.9153289440451211e+01	   7.1684579350117446e+01	   6.0103523107399013e+01	   1.2412426035721550e+01	   7.4359498927318484e+00	   1.1607013779164461e+01	   1.1758458689573958e+01	   1.2309066519425768e+01	   1.5128562837954641e+01	
   3.5499318663392390e+00	   1.4392886383728964e+00	   6.6910910750698605e+01	   3.6037249498419285e+01	   2.5789564488362480e+01	   2.5996074833831052e+01	   6.7071489719008113e+01	   2.3657538963919009e+01	   6.7058699933105586e+01	   6.6052493472142316e+01	   4.8516161889153985e+01	   3.6948560038869090e+01	   7.2745479128888462e+01	   5.1860007305096339e+01	   1.5527060485502899e+01	   8.6027341666393440e+00	   7.8237831033834668e+00	   7.5422684498353414e+00	   1.4782885207987352e+01	   1.4166015181068282e+01	
   3.3955905865951186e+00	   1.5176348897094574e+00	   6.4269479346043937e+01	   2.7592429660992188e+01	   2.8482370439144297e+01	   1.9978571040841480e+01	   6.6216319607148534e+01	   2.7163626005995120e+01	   6.5932901342893103e+01	   6.5567833444041298e+01	   5.1040099430294688e+01	   3.6737917080947554e+01	   7.0488340576857155e+01	   6.0412061994856550e+01	   1.4075876027912676e+01	   8.9275304248232032e+00	   1.1606820823119088e+01	   1.1341937375769461e+01	   1.4768572699637325e+01	   1.4011808254118977e+01	
   3.4573652447706351e+00	   4.1641146332607928e+00	   1.5322765229924496e+01	   1.9152914354622112e+01	   1.9858465564163268e+01	   1.6360430124993186e+01	   1.6542253807618387e+01	   3.7218709470609362e+01	   6.5370349433205419e+01	   6.6312300694284261e+01	   7.2828403105604906e+01	   6.8001834175485698e+01	   6.9881959855743489e+01	   6.3154543486554807e+01	   1.0850461614501475e+01	   7.6398826188723366e+00	   1.2229041483934527e+01	   1.1732572272703306e+01	   1.0151445501420989e+01	   1.5972072579522525e+01	
   3.5499318663392390e+00	   1.4392886383728964e+00	   6.6483912512140819e+01	   3.6037249498419285e+01	   2.5789564488362480e+01	   2.5996074833831052e+01	   6.6849306117202957e+01	   2.7082358719475994e+01	   6.6526869765581097e+01	   6.6052493472142316e+01	   5.0445304064132998e+01	   3.6948560038869090e+01	   7.1917918360687992e+01	   5.1860007305096339e+01	   1.2699439674819139e+01	   8.9309333887520221e+00	   7.8237831033834668e+00	   7.5422684498353414e+00	   1.3764691208671390e+01	   1.4166015181068282e+01	
   3.2391601872437095e+00	   4.2349645732749241e+00	   2.0838908775794259e+01	   2.3025775158109276e+01	   2.5390936718653720e+01	   1.4046443292683692e+01	   1.6286044752535503e+01	   3.7511120346674701e+01	   6.7460257200971128e+01	   6.5644215595982359e+01	   7.2298237447610077e+01	   6.8385558684064122e+01	   6.9489295110166609e+01	   6.4657136302855719e+01	   1.0883185078414245e+01	   5.6969978563222110e+00	   1.3965747538633952e+01	   1.2099557171922198e+01	   1.1200689853135877e+01	   1.5020128268349575e+01	
   3.5106125418029626e+00	   4.1522972142744372e+00	   1.6954055714511249e+01	   1.7642046780122506e+01	   2.0852658171505055e+01	   1.5380729498576402e+01	   1.6954055714511249e+01	   3.1287561723782751e+01	   6.7187048899375526e+01	   6.5825930057766982e+01	   7.2160492529445349e+01	   6.7673664480119044e+01	   6.8745266751405552e+01	   5.4914679183258883e+01	   9.7780582722028768e+00	   7.1429034111975724e+00	   1.2397753586768095e+01	   1.2891661681869682e+01	   1.2510470854132750e+01	   1.6059045686919976e+01	
   3.3863712011929379e+00	   1.4326597663918645e+00	   6.4792082392199418e+01	   3.0136291329806141e+01	   2.6725123008561212e+01	   2.2523483852192058e+01	   6.6364801771401261e+01	   2.6916162132732776e+01	   6.6582384715172964e+01	   6.5740014547068867e+01	   5.0214201070660529e+01	   3.4968642023947012e+01	   7.4320566248102665e+01	   5.9969721544886497e+01	   1.4763575394842155e+01	   8.7477416591910675e+00	   1.0368284787240102e+01	   1.3168028379091425e+01	   1.4838923462003748e+01	   1.4534350659223593e+01	
   3.4191506958555640e+00	   1.5407364190737178e+00	   6.5389574260445826e+01	   4.7577007585947584e+01	   2.3160502339488893e+01	   2.4169325996606155e+01	   6.6528937601035565e+01	   2.7672258553780427e+01	   6.7207485497598341e+01	   6.5985770100050829e+01	   5.2389188755134484e+01	   3.5475900482602320e+01	   7.0678021533999797e+01	   5.8065849745102838e+01	   1.4342278667495465e+01	   7.0843320541530819e+00	   1.1307211390176844e+01	   1.0539724595426586e+01	   1.4381405447591643e+01	   1.3678910776848722e+01	
   3.6811825561429492e+00	   1.6052441574089615e+00	   6.0007741258294416e+01	   2.1377797063402706e+01	   4.6651051134244867e+01	   1.4046443292683692e+01	   3.6107398323533076e+01	   5.3423718408123129e+01	   6.4772458144196548e+01	   6.8871830024537701e+01	   7.3742147924030064e+01	   2.2985558103696199e+01	   7.1297704445276594e+01	   6.4657136302855719e+01	   9.2721610153027232e+00	   5.6969978563222110e+00	   1.3965747538633952e+01	   6.1769509441746964e+00	   4.9656791932801498e+00	   1.2753523289724766e+01	
   3.6368533112915515e+00	   1.4398886266026889e+00	   6.6928032866658910e+01	   4.0800638975630740e+01	   2.3471746639244397e+01	   2.6547038048400736e+01	   6.7343153250869946e+01	   2.1511079240488133e+01	   6.7188855972253876e+01	   6.6080306652237184e+01	   5.2162860837722917e+01	   3.6932648522647661e+01	   7.4811735868425984e+01	   4.8254776742962335e+01	   1.6656819006452267e+01	   8.3503840675317704e+00	   6.6279691179170861e+00	   7.7470690102710966e+00	   1.5246216561164012e+01	   1.4255862590408379e+01	
   3.5384961131336548e+00	   1.4436459882517554e+00	   6.2060394283012123e+01	   4.4208509520736968e+01	   2.2420412462327636e+01	   2.2502308912539139e+01	   6.5587661461352809e+01	   2.6004753117143860e+01	   6.7355887591595788e+01	   6.5596811311646235e+01	   5.4606167281330606e+01	   3.5023788571482925e+01	   7.0619316817958904e+01	   5.8290777409476632e+01	   1.5186415234679956e+01	   8.5882413426857003e+00	   1.1600515434467715e+01	   1.2218453444890686e+01	   1.4531415677229292e+01	   1.6410248412024682e+01	
   3.4210357570915035e+00	   1.4951991732079661e+00	   6.3535888080107540e+01	   3.1863636286968042e+01	   2.7072198626159334e+01	   2.5035313277037311e+01	   6.6007599124813098e+01	   2.7235552055721641e+01	   6.6425956870580791e+01	   6.5767503258092631e+01	   5.2815014167974347e+01	   3.7586198757792573e+01	   7.1925461802217171e+01	   5.9610236097275788e+01	   1.4486394111478694e+01	   8.6391055738654678e+00	   1.1598820461121631e+01	   1.3000375713010955e+01	   1.4646360846575403e+01	   1.5000107625581894e+01	
   3.4208322597338814e+00	   1.4481857585668092e+00	   6.6696307068067100e+01	   3.4995897184772588e+01	   2.8050052698183102e+01	   2.4661030029664850e+01	   6.6908937806015601e+01	   2.7205320398783101e+01	   6.6525648027283012e+01	   6.5868075401650827e+01	   5.0143282151027165e+01	   3.5547682285105687e+01	   7.1500783861344075e+01	   6.0453465027225683e+01	   1.2660929841478962e+01	   8.6262057419066753e+00	   8.4640594094435979e+00	   7.2547230452682090e+00	   1.3776637817691729e+01	   1.4632971793547789e+01	
   3.4636228802610027e+00	   4.2711839309938453e+00	   1.5199437974656695e+01	   1.6963534053569305e+01	   1.8615923626179683e+01	   1.4866209860549480e+01	   1.4654695962097190e+01	   3.8938275700033635e+01	   7.4438021393351733e+01	   7.2240336201185187e+01	   7.2820160865276591e+01	   6.9481856366494341e+01	   6.9529973325742617e+01	   6.3765038847893535e+01	   7.8742213392569038e+00	   5.0862172394050837e+00	   1.2337594994899518e+01	   6.2529862655626749e+00	   7.2252579708832112e+00	   1.2530849448601959e+01	
   3.3586230185085646e+00	   1.4429624570416031e+00	   6.4462791456104881e+01	   3.2386786414107128e+01	   2.6276129093195337e+01	   2.0539879515599122e+01	   6.6269127547424461e+01	   2.6900409181727067e+01	   6.6571835422829579e+01	   6.5724114957211071e+01	   5.0798922371829811e+01	   3.4673568318888549e+01	   7.5184707689370995e+01	   5.9652362224821040e+01	   1.5970922464479751e+01	   8.4039037165396344e+00	   1.1511976148288189e+01	   1.7068439665574125e+01	   1.5424419977749634e+01	   1.3781520863885978e+01	
   3.1283106107447942e+00	   3.9988052222490058e+00	   1.7820766671664099e+01	   2.2341328452948520e+01	   2.8971881055015203e+01	   1.4254642592169033e+01	   1.7446823341375268e+01	   3.4215560284273607e+01	   7.1526927486976149e+01	   6.8272616253443601e+01	   7.2892075650957210e+01	   6.9579256714770736e+01	   6.9654255501407789e+01	   6.4921077159869782e+01	   9.8028541402762244e+00	   5.0010176639837294e+00	   1.3218589858517955e+01	   7.9992998236282471e+00	   6.8414598096249923e+00	   1.5429101703383095e+01	
   3.5072320317333481e+00	   4.1601578130539929e+00	   1.6311017526352739e+01	   1.8704514911164686e+01	   2.1169069686040437e+01	   1.6042492593503471e+01	   1.6228556861776301e+01	   3.1179425863636670e+01	   6.6965479316111725e+01	   6.5710947459758458e+01	   7.2402978121799222e+01	   6.9031308734834383e+01	   6.8966680372965158e+01	   5.5295187003683900e+01	   1.0161184984314097e+01	   7.2680572866596718e+00	   1.2382644659628124e+01	   1.3065493590150837e+01	   1.2213435636385370e+01	   1.5960969754496416e+01	
   3.0028601349748403e+00	   1.3927059992951203e+00	   6.0582063075354441e+01	   5.8705234855158729e+01	   5.0850741214365449e+01	   1.3149938145188916e+01	   6.5168924953190768e+01	   2.5106506590986495e+01	   6.8695796862164201e+01	   6.4243984141824797e+01	   5.6655203967515988e+01	   3.4107354685523319e+01	   7.4631136349377357e+01	   5.8352083213828656e+01	   1.2507752599673783e+01	   8.1543106007241182e+00	   1.1568496425286730e+01	   7.2092929078718297e+00	   1.3692732757973472e+01	   1.7400257141755848e+01	
   3.3182282181292662e+00	   4.0636771003539565e+00	   1.8017597062334151e+01	   2.0759052331943586e+01	   2.4854329008920562e+01	   1.5643938978464586e+01	   1.6314793073620297e+01	   3.2662615114056798e+01	   6.9137343377523365e+01	   6.6911995316833043e+01	   7.2617873177095291e+01	   6.8895162790213334e+01	   6.9099326628896861e+01	   6.0234749424894531e+01	   1.0106528656903610e+01	   6.1494058524312134e+00	   1.2821901265773370e+01	   1.0376018633304946e+01	   9.8279010970568272e+00	   1.5711338364350851e+01	
   3.2724831913407857e+00	   1.4211261859202549e+00	   6.5963879670517258e+01	   2.8825163722989217e+01	   2.7592798908258914e+01	   2.0521269820883905e+01	   6.6695944952019659e+01	   2.7322335343914403e+01	   6.6316302894110407e+01	   6.5823036943074854e+01	   5.0208834875401543e+01	   3.3835558755602953e+01	   7.5330719209742369e+01	   6.0409317562013250e+01	   1.5595013835773607e+01	   8.3520515945165510e+00	   1.0980294901621182e+01	   1.9118153728509320e+01	   1.5440883787429305e+01	   1.3596577804005875e+01	
   3.4327017306400354e+00	   1.4551380441748516e+00	   6.2599888241114670e+01	   3.5236141202075508e+01	   2.6208557373888219e+01	   2.3419181289547808e+01	   6.5741598857027370e+01	   2.6787723722708101e+01	   6.6703121249345401e+01	   6.5685736575956867e+01	   5.3500770517541739e+01	   3.5901823563360679e+01	   7.2457388078770038e+01	   5.9155432171137605e+01	   1.4574296185905551e+01	   8.6848297758929736e+00	   1.1589617712894601e+01	   1.4393122299204325e+01	   1.4859344440815232e+01	   1.4957948063705631e+01	
   3.3844348650023455e+00	   1.4392886383728964e+00	   6.0007741258294416e+01	   3.7511044796948426e+01	   2.8458084026210269e+01	   2.2928231338663373e+01	   1.7707168960875297e+01	   2.8288495831321232e+01	   6.7058699933105586e+01	   6.6052493472142316e+01	   4.8516161889153985e+01	   3.6375249859194383e+01	   7.1297704445276594e+01	   5.1860007305096339e+01	   6.1499407633190959e+00	   9.0192443807343814e+00	   1.1579737679784857e+01	   7.5422684498353414e+00	   1.3729797180162354e+01	   1.4166015181068282e+01	
   3.3671573312171850e+00	   1.4482428300436327e+00	   6.4028223047610780e+01	   2.9471796463555734e+01	   2.5630658943007184e+01	   2.1263073722739861e+01	   6.6145610377851170e+01	   2.6915641359448816e+01	   6.6625558099391057e+01	   6.5712870350091123e+01	   5.0260809721898475e+01	   3.4846701442159947e+01	   7.5085834408507921e+01	   5.9553475497641102e+01	   1.5697900203569738e+01	   8.5139852540916117e+00	   1.1527951019149667e+01	   1.7007385305303668e+01	   1.5323012240867516e+01	   1.4232991152396046e+01	
   2.9741194040061387e+00	   4.2976577534658773e+00	   1.2764235047926165e+01	   1.8627733633673859e+01	   2.2779020303240731e+01	   1.1480322706108565e+01	   1.4200919764780060e+01	   3.3565034425236043e+01	   7.5163821178548389e+01	   6.9613615696782077e+01	   7.2763052189109146e+01	   6.8880360370546299e+01	   7.0056761329543477e+01	   6.6368611074324377e+01	   8.2627628757481357e+00	   4.2579043488617936e+00	   1.3786429341711571e+01	   6.8182904949692471e+00	   5.1096729497737217e+00	   1.6070068320807888e+01	
   3.0929627914495343e+00	   3.9614899663469547e+00	   2.3452081738915112e+01	   2.2281377971255623e+01	   3.2639254228526632e+01	   1.4041019995496772e+01	   1.7501903650499205e+01	   3.5206011695280708e+01	   7.2509938861610081e+01	   6.9071592352011933e+01	   7.3028234114965002e+01	   6.9828373755319518e+01	   6.9718687977153635e+01	   6.5835816850233442e+01	   9.4988668620946033e+00	   4.8058502480641563e+00	   1.3228893897452430e+01	   6.8575910847249144e+00	   5.0160870449088213e+00	   1.5294099780682059e+01	
   4.1827364329142176e+00	   4.3019512252091596e+00	   1.3732607402703099e+01	   1.9329703457807121e+01	   9.7447810011309954e+00	   1.4557825875898098e+01	   1.9227621895185969e+01	   1.7579466345244541e+01	   6.6142100695352894e+01	   6.6569507211587577e+01	   7.0314220364552426e+01	   6.7699042285833656e+01	   7.1653818018181525e+01	   4.0189392575512422e+01	   1.2143292960681052e+01	   1.4889547797925054e+01	   9.5147227794256111e+00	   1.6658781352728692e+01	   1.5917501398752393e+01	   1.6073666102293519e+01	
   3.2391601872437095e+00	   4.2349645732749241e+00	   1.5883908361690011e+01	   1.7675657634650022e+01	   1.8961648502081861e+01	   1.6548276698752776e+01	   1.5883908361690011e+01	   5.3423718408123129e+01	   6.7460257200971128e+01	   6.4986249438228654e+01	   7.2264612064255147e+01	   6.8385558684064122e+01	   7.0452343570040355e+01	   6.4657136302855719e+01	   1.0262557048636969e+01	   5.6969978563222110e+00	   1.2146155136378205e+01	   1.4498723603467210e+01	   1.3733171623705843e+01	   1.6111435624755249e+01	
   3.4246805046234017e+00	   1.4976276547340985e+00	   6.1674225254812882e+01	   1.6362235611339329e+01	   2.2337010831251241e+01	   2.6506965829285626e+01	   6.5477415049998143e+01	   2.7075189072160953e+01	   6.6917878625446363e+01	   6.5692501920147592e+01	   4.8207813765750487e+01	   3.6475510248402202e+01	   7.2996942530515952e+01	   5.8907495856498969e+01	   1.3786489200701528e+01	   9.0404945483649293e+00	   1.1615480731952628e+01	   1.4767550855941099e+01	   1.4492442113711100e+01	   1.6787305386008512e+01	
   3.5439521821410422e+00	   1.4968308942956947e+00	   6.2174777317483667e+01	   4.3860314583096752e+01	   2.2929374110790608e+01	   2.3379732648550853e+01	   6.5620157685008891e+01	   2.6233586364232359e+01	   6.7164403112257602e+01	   6.5599761366393906e+01	   5.4638184086883214e+01	   3.5964612258197000e+01	   6.7477070353012024e+01	   5.8378391880961097e+01	   1.4016910392167645e+01	   8.5930636225069854e+00	   1.1600005785372725e+01	   8.8288435236807867e+00	   1.4038853966695717e+01	   1.6339264083468777e+01	
   3.3870659850385203e+00	   1.4409395893919239e+00	   6.4845456070169774e+01	   3.0872295586472116e+01	   2.6634996524897989e+01	   2.2565358012330009e+01	   6.6379794465187473e+01	   2.6971123509784199e+01	   6.6592715442982026e+01	   6.5753436728997201e+01	   5.0322207904008685e+01	   3.5061250272167975e+01	   7.4031578304726281e+01	   5.9899602953866619e+01	   1.4700037486671345e+01	   8.6527421243150506e+00	   1.0429377498692679e+01	   1.2921270719654744e+01	   1.4804415966520338e+01	   1.4463791067348078e+01	
   3.3302619198665977e+00	   1.4464491204524050e+00	   6.6153770210681472e+01	   1.7631908050478319e+01	   3.2222358075475753e+01	   2.6349750617746420e+01	   6.6750983752057806e+01	   2.8288495831321232e+01	   6.4910671074415134e+01	   6.5479565669161744e+01	   4.8516161889153985e+01	   3.6448311832286215e+01	   6.6857431692150115e+01	   5.8890877486174261e+01	   1.5287976608431014e+01	   8.9986838111719578e+00	   1.1579737679784857e+01	   1.4542588961191775e+01	   1.4480469997551003e+01	   1.2366803166235407e+01	
   3.4327562858039755e+00	   1.4552742752321874e+00	   6.2631804345576967e+01	   3.5260537405462230e+01	   2.6173287712864592e+01	   2.3373233762451335e+01	   6.5750617855609761e+01	   2.6783768815975034e+01	   6.6705884644071503e+01	   6.5685686469564601e+01	   5.3462949079636950e+01	   3.5895654717620523e+01	   7.2465846264437502e+01	   5.9159580045558755e+01	   1.4603536973923273e+01	   8.6809711903575355e+00	   1.1589226586664667e+01	   1.4390778855752705e+01	   1.4860950597849783e+01	   1.4958440848697174e+01	
   3.1034486758828055e+00	   3.9458381421058224e+00	   1.7143841646173861e+01	   2.2187817091537266e+01	   2.9775034370047479e+01	   1.4301338642669204e+01	   1.7707168960875297e+01	   3.3476414477920521e+01	   7.2439022011368223e+01	   6.8862127986378823e+01	   7.3025264853807442e+01	   6.9846985682455184e+01	   6.9691253698707058e+01	   6.4980275224506187e+01	   9.5605517493993251e+00	   4.8449195104889959e+00	   1.3051013344819136e+01	   7.0796722135789363e+00	   5.1109866367697858e+00	   1.5520828448971400e+01	
   3.4616907082593840e+00	   4.2381241115730415e+00	   1.5237517768539178e+01	   1.7639549670826195e+01	   1.8999583675906827e+01	   1.5327580703202962e+01	   1.5237517768539178e+01	   3.8407324715666341e+01	   7.4074515112722182e+01	   7.1946664648541912e+01	   7.2894114268845158e+01	   6.9024869467266512e+01	   6.9638656312992580e+01	   6.3576536010661734e+01	   8.1742147210474894e+00	   4.5706201823611545e+00	   1.2304076894510512e+01	   5.7136834292476433e+00	   6.2310887401680013e+00	   1.2642879357157625e+01	
   3.5673647663451673e+00	   4.0964257330059120e+00	   1.8071485339881754e+01	   1.9383390997472972e+01	   1.8544595318167069e+01	   1.6138493385447212e+01	   1.8071485339881754e+01	   2.2703095859234626e+01	   6.7535473831245824e+01	   6.6622724220662391e+01	   7.1328338295994158e+01	   6.6819471299704873e+01	   7.1961445387692407e+01	   5.0273747579816380e+01	   8.6113335767161612e+00	   1.1170143513467565e+01	   1.0022866926969389e+01	   1.3328685578183743e+01	   1.3446910947594128e+01	   1.4954298521711134e+01	
   4.2650785974703540e+00	   4.3175980602662802e+00	   1.3552097010755499e+01	   1.9349772076004442e+01	   8.5967030347461151e+00	   1.4353199143909400e+01	   1.9532457577350559e+01	   1.5350072876604766e+01	   6.6229707799774559e+01	   6.6598704595932148e+01	   7.0028817177367998e+01	   6.7664670173994196e+01	   7.1854954538030071e+01	   3.7582451100192529e+01	   1.2290051659110880e+01	   1.6879255610990050e+01	   9.2066007019600349e+00	   1.7400541577308502e+01	   1.7583061257789609e+01	   1.6085198722704394e+01	
   3.0463577562000310e+00	   1.4481829125491463e+00	   6.0007741258294416e+01	   2.8181073380898777e+01	   2.8458084026210269e+01	   1.4301338642669204e+01	   1.7707168960875297e+01	   2.9545049076559632e+01	   6.6451480181594405e+01	   6.6014416617388349e+01	   5.1914144472642555e+01	   3.6471657351930993e+01	   7.1297704445276594e+01	   5.4162508989337510e+01	   6.1499407633190959e+00	   8.5387915107436587e+00	   6.4073722662762060e+00	   8.4380761230817658e+00	   5.1109866367697858e+00	   1.3569733270940299e+01	
   3.4569569677227885e+00	   1.4215028595558103e+00	   6.6910910750698605e+01	   4.0921310360539387e+01	   2.4320595108658090e+01	   2.3859767333436832e+01	   6.7138998898620528e+01	   2.6389354078348486e+01	   6.7276283504433039e+01	   6.6052493472142316e+01	   5.3530289110724404e+01	   3.5015784710459734e+01	   7.1303177356707579e+01	   5.1860007305096339e+01	   1.6009165735098144e+01	   8.3754945546995252e+00	   1.1554617442872177e+01	   1.6442243944579669e+01	   1.4998792978505440e+01	   1.5530818596589517e+01	
