  -8.5813770264681391e+06	   3.0807077310153107e+02	
  -8.5358224708892629e+06	   3.0791485417572750e+02	
  -8.5217129737752415e+06	   3.0786657165334844e+02	
  -8.5318173757436331e+06	   3.0790114825909757e+02	
  -8.5233963984549940e+06	   3.0787233204983670e+02	
  -8.4949035281671472e+06	   3.0777484316787729e+02	
  -8.5341213789240532e+06	   3.0790903274005564e+02	
  -8.5626520799720585e+06	   3.0800667753553137e+02	
  -8.5106680701499879e+06	   3.0782877947140901e+02	
  -8.5785856078120768e+06	   3.0806121753214609e+02	
  -8.5382479984311536e+06	   3.0792315469318606e+02	
  -8.5440560331865847e+06	   3.0794303139012271e+02	
  -8.5117681667069346e+06	   3.0783254353470375e+02	
  -8.4922007786011733e+06	   3.0776559666394547e+02	
  -8.5179073803691138e+06	   3.0785354978289593e+02	
  -8.5418881975983568e+06	   3.2207954798047956e+02	
  -8.5848535318874866e+06	   3.0808267409531265e+02	
  -8.5236060613360517e+06	   3.0787304950349773e+02	
  -8.4911137534193117e+06	   3.0776187789019997e+02	
  -8.4955928844080605e+06	   3.0777720157828617e+02	
  -8.5262115540289320e+06	   3.0788196520137433e+02	
  -8.5695533108323142e+06	   3.0803029952518540e+02	
  -8.5284941046629343e+06	   3.0788977600128084e+02	
  -8.5676286145983282e+06	   3.0802371140899891e+02	
  -8.5276634998555034e+06	   3.0788693367139200e+02	
  -8.5422247119345032e+06	   3.0793676400516568e+02	
  -8.5525222285964675e+06	   3.0797200645985509e+02	
  -8.5524227401697375e+06	   3.0797166595078875e+02	
  -8.5195113794354461e+06	   3.0785903828367924e+02	
  -8.5070974673936702e+06	   3.0781656260390139e+02	
  -8.5003028142041825e+06	   3.0779331546803053e+02	
  -8.5797016526737418e+06	   3.0806503798367987e+02	
  -8.5860726392885055e+06	   3.0808684757262455e+02	
  -8.5774033561922051e+06	   3.0805717050700281e+02	
  -8.5634875874708947e+06	   3.0800953729606749e+02	
  -8.5676286145983282e+06	   3.0802371140899891e+02	
  -8.5246151074460242e+06	   3.0787650232462454e+02	
  -8.5145614544886760e+06	   3.0784210109474736e+02	
  -8.4911137534193117e+06	   3.0776187789019997e+02	
  -8.5744540156314969e+06	   3.0804707463450313e+02	
  -8.5571640605207011e+06	   3.0798789358917475e+02	
  -8.5505936038030200e+06	   3.0796540575285337e+02	
  -8.5878611347771008e+06	   3.0809297023821711e+02	
  -8.5715275983193703e+06	   3.0803705742234774e+02	
  -8.5524227401698176e+06	   3.0797166595078875e+02	
  -8.5202078225835338e+06	   3.0786142139880167e+02	
  -8.5659526385841221e+06	   5.7840113553950778e+02	
  -8.5133983620380200e+06	   3.0783812139658198e+02	
  -8.5037204589012191e+06	   3.0780500841011389e+02	
  -8.5217129737753198e+06	   3.0786657165334844e+02	
  -8.5006778425031528e+06	   3.2207954798047405e+02	
  -8.5231293033950552e+06	   3.0787141809288744e+02	
  -8.5343216901781149e+06	   3.0790971823310753e+02	
  -8.5191553513327204e+06	   3.0785782006689089e+02	
  -8.5091504009620883e+06	   3.0782358678474668e+02	
  -8.5604050183991473e+06	   3.0799898639400772e+02	
  -8.5542143468591943e+06	   3.0797779790774155e+02	
  -8.5170767054019552e+06	   3.0785070746633590e+02	
  -8.5382479984311499e+06	   3.0792315469318606e+02	
  -8.4960284041022807e+06	   3.0777869157985930e+02	
  -8.5550318997924384e+06	   3.0798059599322818e+02	
  -8.5238511086400710e+06	   3.0787388802186678e+02	
  -8.5406038585689552e+06	   3.0793121699513216e+02	
  -8.5734732630197927e+06	   3.0804371752317491e+02	
  -8.5626520799721144e+06	   3.0800667753553137e+02	
  -8.5054300165188648e+06	   3.0781085750313520e+02	
  -8.7350057141055372e+06	   3.0809307013468788e+02	
  -8.5340786108027976e+06	   3.0790888645991470e+02	
  -8.5704718505539242e+06	   3.0803344362139967e+02	
  -8.5658013442003839e+06	   3.0801745688357568e+02	
  -8.5753901653244905e+06	   3.0805027915179249e+02	
  -8.5372964663163163e+06	   3.0791989835336926e+02	
  -8.5006778425031733e+06	   3.0779459854628317e+02	
  -8.5515534296013489e+06	   3.0796869071422407e+02	
  -8.5626520799721908e+06	   3.0800667753553137e+02	
  -8.5479189502930976e+06	   3.0795625177841265e+02	
  -8.4952178509433195e+06	   3.0777591852741028e+02	
  -8.5302940273656137e+06	   3.0789593533424460e+02	
  -8.5550318997924384e+06	   3.0798059599322818e+02	
  -8.5582525927282386e+06	   3.0799161925720199e+02	
  -8.5199716761708446e+06	   3.0786061332134000e+02	
  -8.5164314755023625e+06	   3.0784849966996330e+02	
  -8.5554596653656866e+06	   3.0798206010413514e+02	
  -8.5819870369171128e+06	   3.0807286130645679e+02	
  -8.5331878130453881e+06	   3.0790583799212146e+02	
  -8.5494796061993241e+06	   3.0796159307017126e+02	
  -8.5204483079774249e+06	   3.0786224421914176e+02	
  -8.5725594268666841e+06	   3.0804058939938164e+02	
  -8.4980768995581940e+06	   3.0778570004286320e+02	
  -8.5460543263684511e+06	   3.0794987026866420e+02	
  -8.5074940433796942e+06	   3.0781791947870914e+02	
  -8.5024304883339405e+06	   3.0780059493102908e+02	
  -8.5833462124689650e+06	   3.0807751413238941e+02	
  -8.5608183558670226e+06	   3.0800040112425410e+02	
