   1.2510098463609012e+00	   2.2433542578763266e+02	   0.0000000000000000e+00	   4.6065822558248317e+02	   4.5395861816538650e+02	   2.7818849907121597e+02	   5.3234565322795356e+02	  -2.7354962969312369e-01	   2.0409684177952905e-01	   1.5850317508903433e+00	   2.5001187165197680e+00	   6.7408064424928114e+00	   1.2773732453579711e-01	   4.1079054004872173e+00	  -3.2916897930233366e+00	   6.8874740104243060e+00	   6.9721612285343610e+00	   1.1460136358282169e+00	   2.1159248453370729e+00	   2.9340802533939037e-01	
   1.3024475814261431e+00	  -4.9697107426763421e+02	   0.0000000000000000e+00	   4.6065822558248317e+02	   4.5395861816538650e+02	   3.6221763204605622e+02	   5.3234565322795356e+02	  -4.0760573173921005e-01	   2.5741476922469192e-01	   1.5850309013572577e+00	   2.5001187165197680e+00	   6.7408064424928114e+00	  -1.9187303719380999e-01	   4.2105035221324227e+00	  -2.7709428512421836e+00	   6.8874740104243060e+00	   7.7847721323821686e+00	   3.9621566450560897e+00	  -4.9530630968266358e+00	   2.9340802533939037e-01	
   1.2616060677363423e+00	  -2.7845199332087060e+02	   0.0000000000000000e+00	   4.6065822558248317e+02	   4.5395861816538650e+02	   3.8153621893865898e+02	   5.3234565322795356e+02	  -2.7354962969312369e-01	   3.5733713926580063e-01	   1.5850313672282712e+00	   2.5001187165197680e+00	   6.7408064424928114e+00	   1.2773732453579711e-01	   4.1630894646560446e+00	  -3.2916897930233366e+00	   6.8874740104243060e+00	   8.3375378878703774e+00	   1.1460136358282169e+00	   6.7789339828772910e+00	   2.9340802533939037e-01	
   1.2559256454516479e+00	  -3.6169362785584440e+02	   0.0000000000000000e+00	   4.6065822558248317e+02	   4.5395861816538650e+02	   3.4737575550457245e+02	   5.3234565322795356e+02	  -2.7354962969312369e-01	   3.0101343484148396e-01	   1.5850314520713173e+00	   2.5001187165197680e+00	   6.7408064424928114e+00	   3.6051571603843230e-02	   4.2652763777758631e+00	  -2.9724812320901663e+00	   6.8874740104243060e+00	   7.1142429660061755e+00	   2.8736365435376374e+00	   7.1854073264211387e+00	   2.9340802533939037e-01	
   1.2510098463609012e+00	  -3.2322693426231859e+02	   0.0000000000000000e+00	   4.6065822558248317e+02	   4.5395861816538650e+02	   2.7818849907121597e+02	   5.3234565322795356e+02	  -2.7354962969312369e-01	   3.5362471596712947e-01	   1.5850309013572577e+00	   2.5001187165197680e+00	   6.7408064424928114e+00	   1.2773732453579711e-01	   4.2218338308543473e+00	  -3.2916897930233366e+00	   6.8874740104243060e+00	   6.9721612285343610e+00	   1.1460136358282169e+00	   6.7789339828772910e+00	   2.9340802533939037e-01	
   1.2407444748499623e+00	  -4.2448524040962053e+02	   0.0000000000000000e+00	   4.6065822558248317e+02	   4.5395861816538650e+02	   3.6095621576990277e+02	   5.3234565322795356e+02	  -2.7354962969312369e-01	   2.8495390572679069e-01	   1.5850313672282712e+00	   2.5001187165197680e+00	   6.7408064424928114e+00	  -2.0234086719348574e-01	   4.4333085159731560e+00	  -2.9279806826503290e+00	   6.8874740104243060e+00	   7.8499088906104442e+00	   1.1460136358282169e+00	   6.8134895680403176e+00	   2.9340802533939037e-01	
   1.2615446259631284e+00	  -3.2773310064591954e+02	   0.0000000000000000e+00	   4.6065822558248317e+02	   4.5395861816538650e+02	   2.7818849907121597e+02	   5.3234565322795356e+02	  -2.7354962969312369e-01	   3.4157557227168656e-01	   1.5850311976873932e+00	   2.5001187165197680e+00	   6.7408064424928114e+00	   4.5912325852714480e+00	   4.3515245111579155e+00	  -3.2916897930233366e+00	   6.8874740104243060e+00	   8.1110324392564301e+00	   1.4938800873322713e+00	   7.6655167627722420e+00	   2.9340802533939037e-01	
   1.2510098463609012e+00	  -5.3616609297776586e+02	   0.0000000000000000e+00	   4.6065822558248317e+02	   4.5395861816538650e+02	   3.4996428720513450e+02	   5.3234565322795356e+02	  -2.7354962969312369e-01	   2.5741476922469192e-01	   1.5850309013572577e+00	   2.5001187165197680e+00	   6.7408064424928114e+00	  -1.9187303719380999e-01	   4.0926937794276803e+00	  -3.2916897930233366e+00	   6.8874740104243060e+00	   8.6720653044064164e+00	   2.1805718368741842e+00	   7.4258670126463606e+00	   2.9340802533939037e-01	
   1.2617923815476855e+00	  -5.2483653424977729e+02	   0.0000000000000000e+00	   4.6065822558248317e+02	   4.5395861816538650e+02	   3.4793331547839972e+02	   5.3234565322795356e+02	  -2.7354962969312369e-01	   3.5387228332969589e-01	   1.5850306131855365e+00	   2.5001187165197680e+00	   6.7408064424928114e+00	  -1.1566245443018985e-02	   4.4307690492790082e+00	  -2.8012887024229585e+00	   6.8874740104243060e+00	   7.8912297760354679e+00	   2.1466607675009906e+00	   6.7789339828772910e+00	   2.9340802533939037e-01	
   1.2616060677363423e+00	   2.7678491391863452e+02	   0.0000000000000000e+00	   4.6065822558248317e+02	   4.5395861816538650e+02	   2.7818849907121597e+02	   5.3234565322795356e+02	  -2.7354962969312369e-01	   2.5741476922469192e-01	   1.5850309013572577e+00	   2.5001187165197680e+00	   6.7408064424928114e+00	  -3.2574681561510743e-01	   4.1079054004872173e+00	  -3.2916897930233366e+00	   6.8874740104243060e+00	   8.2204926980099220e+00	   1.1460136358282169e+00	  -4.9530630968266358e+00	   2.9340802533939037e-01	
   1.2812888631779067e+00	  -4.3955218125584349e+02	   0.0000000000000000e+00	   4.6065822558248317e+02	   4.5395861816538650e+02	   2.7818849907121597e+02	   5.3234565322795356e+02	  -2.7354962969312369e-01	   1.6544126945310583e-01	   1.5850307619884636e+00	   2.5001187165197680e+00	   6.7408064424928114e+00	  -2.0234086719348574e-01	   4.4657422399010027e+00	  -3.2916897930233366e+00	   6.8874740104243060e+00	   7.8450819175605169e+00	   1.1460136358282169e+00	  -1.1880993449947381e+01	   2.9340802533939037e-01	
   1.2615446259631284e+00	  -7.5736925233739794e+02	   0.0000000000000000e+00	   4.6065822558248317e+02	   4.5395861816538650e+02	   3.2694714966368747e+02	   5.3234565322795356e+02	  -2.7354962969312369e-01	   3.2978661914569524e-01	   1.5850317589233531e+00	   2.5001187165197680e+00	   6.7408064424928114e+00	  -3.1157855056139949e-01	   3.9023726403974304e+00	  -3.2916897930233366e+00	   6.8874740104243060e+00	   6.9721612285343610e+00	   1.1460136358282169e+00	   8.1357077580225479e+00	   2.9340802533939037e-01	
   1.2617923815476855e+00	  -5.0901432410069447e+02	   0.0000000000000000e+00	   4.6065822558248317e+02	   4.5395861816538650e+02	   3.4793331547839972e+02	   5.3234565322795356e+02	  -2.7354962969312369e-01	   3.5387228332969589e-01	   1.5850321403924128e+00	   2.5001187165197680e+00	   6.7408313043168748e+00	  -1.8103589414594617e-01	   4.1079054004872173e+00	  -3.2916897930233366e+00	   6.8874740104243060e+00	   6.9721612285343610e+00	   1.1460136358282169e+00	   6.9951669033822839e+00	   2.9340802533939037e-01	
   1.3004289413000698e+00	  -6.9488431375990922e+02	   0.0000000000000000e+00	   4.6065822558248317e+02	   4.5395861816538650e+02	   3.5607114681443176e+02	   5.3234565322795356e+02	  -2.7354954347281496e-01	   3.6563847841883412e-01	   1.5850317500270228e+00	   2.5001187165197680e+00	   6.7408064424928114e+00	   1.2773732453579711e-01	   4.1079054004872173e+00	  -3.2916897930233366e+00	   6.8874740104243060e+00	   8.0596590947214128e+00	   1.1460136358282169e+00	   6.7789339828772910e+00	   2.9340802533939037e-01	
   1.3010936358418277e+00	  -3.5711480444019151e+02	   0.0000000000000000e+00	   4.6065822558248317e+02	   4.5395861816538650e+02	   3.3518255736973902e+02	   5.3234565322795356e+02	  -2.7354962969312369e-01	   2.5741476922469192e-01	   1.5850317221670573e+00	   2.5001187165197680e+00	   6.7408064424928114e+00	   1.2773732453579711e-01	   3.9023726403974304e+00	  -3.2916897930233366e+00	   6.8874740104243060e+00	   8.2204926980099220e+00	   1.1460136358282169e+00	   8.1357077580225479e+00	   2.9340802533939037e-01	
   1.2654997081160375e+00	  -4.3316730972875609e+02	   0.0000000000000000e+00	   4.6065822558248317e+02	   4.5395861816538650e+02	   3.6774795410630617e+02	   5.3234565322795356e+02	  -2.7354962969312369e-01	   3.1074358459752460e-01	   1.5850314691384764e+00	   2.5001187165197680e+00	   6.7408064424928114e+00	   1.1535260693511162e+00	   4.2545092116454271e+00	  -3.3591838912525422e+00	   6.8874740104243060e+00	   7.3182778676640190e+00	   1.0917942772207718e+00	   5.1999572237162770e+00	   2.9340802533939037e-01	
   1.2617923815476855e+00	   2.4273537694399567e+02	   0.0000000000000000e+00	   4.6065822558248317e+02	   4.5395861816538650e+02	   3.8146892187151332e+02	   5.3234565322795356e+02	  -2.7354962969312369e-01	   3.5362471596712947e-01	   1.5850315398286707e+00	   2.5001187165197680e+00	   6.7408064424928114e+00	   4.8725659177590810e+00	   4.0999178331226549e+00	  -3.2916897930233366e+00	   6.8874740104243060e+00	   7.8912297760354679e+00	   2.1466607675009906e+00	   6.7789339828772910e+00	   2.9340802533939037e-01	
   1.2576135235401020e+00	  -2.4995640708388294e+02	   0.0000000000000000e+00	   4.6065822558248317e+02	   4.5395861816538650e+02	   3.5079699752496231e+02	   5.3234565322795356e+02	  -2.7354962969312369e-01	   3.0121309703903176e-01	   1.5850316609943484e+00	   2.5001187165197680e+00	   6.7408064424928114e+00	  -1.9187303719380999e-01	   4.1964448551855664e+00	  -3.0513936924584497e+00	   6.8874740104243060e+00	   6.8816255365384071e+00	   3.4668293891368718e+00	   7.2606957337471396e+00	   2.9340802533939037e-01	
   1.2496224769439954e+00	  -1.7174693462327286e+02	   0.0000000000000000e+00	   4.6065822558248317e+02	   4.5395861816538650e+02	   3.5607114681443176e+02	   5.3234565322795356e+02	  -2.7354954347281496e-01	   3.6143201935239766e-01	   1.5850313672282712e+00	   2.5001187165197680e+00	   6.7408064424928114e+00	  -2.7927227368502172e-02	   4.2103329512371888e+00	  -3.2916897930233366e+00	   6.8874740104243060e+00	   8.3375378878703774e+00	   1.1460136358282169e+00	  -1.0566800936484395e+01	   2.9340802533939037e-01	
   1.2755871979393931e+00	  -1.4078247541332416e+03	   0.0000000000000000e+00	   4.6065822558248317e+02	   4.5395861816538650e+02	   3.5607114681443176e+02	   5.3234565322795356e+02	  -2.7354962969312369e-01	   2.5741476922469192e-01	   1.5850310456957140e+00	   2.5001187165197680e+00	   6.7408064424928114e+00	  -1.9187303719380999e-01	   4.2105035221324227e+00	  -3.2916897930233366e+00	   6.8874740104243060e+00	   6.9721612285343610e+00	   1.1460136358282169e+00	   3.5129830219683456e+00	   2.9340802533939037e-01	
   1.3204733023038444e+00	  -2.6011214739822896e+02	   0.0000000000000000e+00	   4.6065822558248317e+02	   4.5395861816538650e+02	   3.5474061175167185e+02	   5.3234565322795356e+02	  -2.7354962969312369e-01	   3.5362471596712947e-01	   1.5850309013572577e+00	   2.5001187165197680e+00	   6.7408064424928114e+00	   1.2773732453579711e-01	   4.3026989861638700e+00	  -1.8264123752827477e+00	   6.8874740104243060e+00	   8.0677702944688203e+00	   1.1460136358282169e+00	   7.4258670126463606e+00	   2.9340802533939037e-01	
   1.2496224769439954e+00	  -1.7619348797627481e+01	   0.0000000000000000e+00	   4.6065822558248317e+02	   4.5395861816538650e+02	   3.5607114681443176e+02	   5.3234565322795356e+02	  -2.7354962969312369e-01	   3.6143201935239766e-01	   1.5850310456957140e+00	   2.5001187165197680e+00	   6.7408064424928114e+00	  -1.9187303719380999e-01	   4.2103329512371888e+00	  -3.2916897930233366e+00	   6.8874740104243060e+00	   8.0596590947214128e+00	   1.1460136358282169e+00	   6.7789339828772910e+00	   2.9340802533939037e-01	
   1.2624908587356294e+00	  -1.2118043654885247e+02	   0.0000000000000000e+00	   4.6065822558248317e+02	   4.5395861816538650e+02	   3.3884436167762289e+02	   5.3234565322795356e+02	  -2.7354962969312369e-01	   1.6942255257284908e-01	   1.5850320542514778e+00	   2.5001187165197680e+00	   6.7416560266849146e+00	  -2.4893134332163802e+00	   4.1497586123042005e+00	  -4.2935830008255342e+00	   6.8874740104243060e+00	   7.3545013795110119e+00	   2.0410219487475015e-01	   1.0624991881696992e+01	   2.9340802533939037e-01	
   1.2510098463609012e+00	   1.4893303603943571e+02	   0.0000000000000000e+00	   4.6065822558248317e+02	   4.5395861816538650e+02	   3.8146892187151332e+02	   5.3234565322795356e+02	  -2.7354962969312369e-01	   2.8495390572679069e-01	   1.5850317221670573e+00	   2.5001187165197680e+00	   6.7408064424928114e+00	   1.2773732453579711e-01	   4.1391931358911194e+00	  -3.2916897930233366e+00	   6.8874740104243060e+00	   6.9721612285343610e+00	   1.1460136358282169e+00	   2.1159248453370729e+00	   2.9340802533939037e-01	
   1.2615446259631284e+00	  -6.0898773312496246e+02	   0.0000000000000000e+00	   4.6065822558248317e+02	   4.5395861816538650e+02	   3.4055235677853352e+02	   5.3234565322795356e+02	  -2.7354962969312369e-01	   3.5362471596712947e-01	   1.5850313672282712e+00	   2.5001187165197680e+00	   6.7408064424928114e+00	   2.0003976949242288e+00	   4.5507931001645403e+00	  -3.2916897930233366e+00	   6.8874740104243060e+00	   8.0677702944688203e+00	   7.9676728552914688e-01	   7.4258670126463606e+00	   2.9340802533939037e-01	
   1.2673587082697046e+00	  -6.1644083712383917e+02	   0.0000000000000000e+00	   4.6065822558248317e+02	   4.5395861816538650e+02	   3.5318433475703364e+02	   5.3234565322795356e+02	  -2.7354962969312369e-01	   3.4876371532552186e-01	   1.5850306401694383e+00	   2.5001187165197680e+00	   6.8668995817764475e+00	   7.3738173148479835e-01	   4.2077219209174066e+00	  -2.8340746956825211e+00	   6.8874740104243060e+00	   7.5726554003423017e+00	   1.7832196954169353e+00	   7.0174810902865463e+00	   2.9340802533939037e-01	
   1.3051182870130287e+00	  -3.8896332918444045e+02	   0.0000000000000000e+00	   4.6065822558248317e+02	   4.5395861816538650e+02	   3.5607114681443176e+02	   5.3234565322795356e+02	  -2.7354962969312369e-01	   3.6563847841883412e-01	   1.5850313672282712e+00	   2.5001187165197680e+00	   6.7408064424928114e+00	   5.4162924982883229e+00	   4.2105035221324227e+00	  -2.7709428512421836e+00	   6.8874740104243060e+00	   7.8499088906104442e+00	   2.0299133528598534e+00	  -1.0566800936484395e+01	   2.9340802533939037e-01	
   1.2616060677363423e+00	   1.3405334449404126e+02	   0.0000000000000000e+00	   4.6065822558248317e+02	   4.5395861816538650e+02	   2.7818849907121597e+02	   5.3234565322795356e+02	  -2.7354962969312369e-01	   2.5741476922469192e-01	   1.5850313672282712e+00	   2.5001187165197680e+00	   6.7408064424928114e+00	  -3.1157855056139949e-01	   4.1079054004872173e+00	  -3.0350501331915112e+00	   6.8874740104243060e+00	   8.2204926980099220e+00	   3.9621566450560897e+00	  -4.9530630968266358e+00	   2.9340802533939037e-01	
   1.2567756762050202e+00	  -4.5410839780142135e+02	   0.0000000000000000e+00	   4.6065822558248317e+02	   4.5395861816538650e+02	   3.4053428423497394e+02	   5.3234565322795356e+02	  -2.7354962969312369e-01	   2.7673752827103149e-01	   1.5850311730415583e+00	   2.5001187165197680e+00	   6.7403052146461997e+00	  -2.2283991418283622e-01	   4.2505456938064423e+00	  -2.9788090838188892e+00	   6.8874740104243060e+00	   7.1451284461227500e+00	   3.4987489637129645e+00	   2.9854791079905465e+00	   2.9340802533939037e-01	
   1.2618493422303494e+00	  -1.9303815169236282e+02	   0.0000000000000000e+00	   4.6065822558248317e+02	   4.5395861816538650e+02	   3.8153621893865898e+02	   5.3234565322795356e+02	  -2.7354962969312369e-01	   3.5733713926580063e-01	   1.5850309013572577e+00	   2.5001187165197680e+00	   6.7408064424928114e+00	  -1.9187303719380999e-01	   4.1079054004872173e+00	  -3.2916897930233366e+00	   6.8874740104243060e+00	   8.3375378878703774e+00	   1.1460136358282169e+00	   6.7789339828772910e+00	   2.9340802533939037e-01	
   1.2617923815476855e+00	  -2.4760520886953742e+02	   0.0000000000000000e+00	   4.6065822558248317e+02	   4.5395861816538650e+02	   3.5607114681443176e+02	   5.3234565322795356e+02	  -2.7354962969312369e-01	   2.5741476922469192e-01	   1.5850306131855365e+00	   2.5001187165197680e+00	   6.7408064424928114e+00	  -1.1566245443018985e-02	   4.4307690492790082e+00	  -3.0350501331915112e+00	   6.8874740104243060e+00	   7.8912297760354679e+00	   2.1466607675009906e+00	   6.7789339828772910e+00	   2.9340802533939037e-01	
   1.2778979499728633e+00	   2.1008159287422916e+02	   0.0000000000000000e+00	   4.6065822558248317e+02	   4.5395861816538650e+02	   2.7394059097568709e+02	   5.3234565322795356e+02	  -2.7354962969312369e-01	   1.6177844151577747e-01	   1.5850311648399125e+00	   2.5001187165197680e+00	   6.7408064424928114e+00	  -8.7997777778852393e-01	   4.1079054004872173e+00	  -3.9741284607795984e+00	   6.8874740104243060e+00	   7.7307292209160972e+00	   1.1460136358282169e+00	   1.3668710339889945e-01	   2.9340802533939037e-01	
   1.2615446259631284e+00	   2.9599221783157645e+02	   0.0000000000000000e+00	   4.6065822558248317e+02	   4.5395861816538650e+02	   2.7818849907121597e+02	   5.3234565322795356e+02	  -2.7354962969312369e-01	   3.5362471596712947e-01	   1.5850309013572577e+00	   2.5001187165197680e+00	   6.7408064424928114e+00	  -3.1157855056139949e-01	   3.9837049288818736e+00	  -1.8264123752827477e+00	   6.8874740104243060e+00	   8.0677702944688203e+00	   2.0299133528598534e+00	   5.1895073874316999e-01	   2.9340802533939037e-01	
   1.3069179659972290e+00	   1.6202066796163354e+02	   0.0000000000000000e+00	   4.6065822558248317e+02	   4.5395861816538650e+02	   3.4793331547839972e+02	   5.3234565322795356e+02	  -4.0760573173921005e-01	   3.5905932414866926e-01	   1.5850308459817106e+00	   2.5001187165197680e+00	   6.7408064424928114e+00	  -1.9187303719380999e-01	   4.2591771238161433e+00	  -4.4275014792760725e+00	   6.8874740104243060e+00	   7.7267811278949994e+00	   3.5523760887845079e+00	   6.7789339828772910e+00	   2.9340802533939037e-01	
   1.2811878437246280e+00	  -1.3277421932555808e+02	   0.0000000000000000e+00	   4.6065822558248317e+02	   4.5395861816538650e+02	   3.4996428720513450e+02	   5.3234565322795356e+02	  -2.7354962969312369e-01	   2.6737973712221141e-01	   1.5850308987938326e+00	   2.5001187165197680e+00	   6.7535640576199487e+00	  -1.0304010204312952e+00	   4.0926937794276803e+00	  -4.3681590631617855e+00	   6.8874740104243060e+00	   7.5934823614096887e+00	   2.1805718368741842e+00	   1.3042581408283018e+00	   2.9340802533939037e-01	
   1.2510098463609012e+00	   1.4893303603943571e+02	   0.0000000000000000e+00	   4.6065822558248317e+02	   4.5395861816538650e+02	   3.8146892187151332e+02	   5.3234565322795356e+02	  -2.7354962969312369e-01	   2.8495390572679069e-01	   1.5850309013572577e+00	   2.5001187165197680e+00	   6.7408064424928114e+00	   1.2773732453579711e-01	   4.1391931358911194e+00	  -3.2916897930233366e+00	   6.8874740104243060e+00	   8.1398687092130935e+00	   1.1460136358282169e+00	   2.1159248453370729e+00	   2.9340802533939037e-01	
   1.2545988317400538e+00	  -3.2094094303465624e+02	   0.0000000000000000e+00	   4.6065822558248317e+02	   4.5395861816538650e+02	   3.4055235677853352e+02	   5.3234565322795356e+02	  -2.7354962969312369e-01	   3.1119706282693083e-01	   1.5850315807052338e+00	   2.5001187165197680e+00	   6.7413510694377097e+00	  -5.8770040761750264e-01	   4.5507931001645403e+00	  -2.6284674685390272e+00	   6.8874740104243060e+00	   7.1474299348610568e+00	   7.9676728552914688e-01	   7.4258670126463606e+00	   2.9340802533939037e-01	
   1.2793869320424784e+00	  -4.8905704059150253e+02	   0.0000000000000000e+00	   4.6065822558248317e+02	   4.5395861816538650e+02	   3.3518255736973902e+02	   5.3234565322795356e+02	  -2.7354962969312369e-01	   2.1862026183835870e-01	   1.5850308890531548e+00	   2.5001187165197680e+00	   7.0700053078102441e+00	   1.2773732453579711e-01	   3.9676973084792979e+00	  -2.8278387912125322e+00	   6.8874740104243060e+00	   6.9721612285343610e+00	   1.1460136358282169e+00	   8.1357077580225479e+00	   2.9340802533939037e-01	
   1.2510098463609012e+00	  -1.7174693462327286e+02	   0.0000000000000000e+00	   4.6065822558248317e+02	   4.5395861816538650e+02	   3.5607114681443176e+02	   5.3234565322795356e+02	  -2.7354954347281496e-01	   3.6143201935239766e-01	   1.5850309013572577e+00	   2.5001187165197680e+00	   6.7408064424928114e+00	   1.2773732453579711e-01	   4.2103329512371888e+00	  -3.2916897930233366e+00	   6.8874740104243060e+00	   6.9721612285343610e+00	   1.1460136358282169e+00	  -1.0566800936484395e+01	   2.9340802533939037e-01	
   1.2615446259631284e+00	   2.8557942167886927e+02	   0.0000000000000000e+00	   4.6065822558248317e+02	   4.5395861816538650e+02	   3.9406448149129415e+02	   5.3234565322795356e+02	  -2.7354962969312369e-01	   3.2978661914569524e-01	   1.5850317508903433e+00	   2.5001187165197680e+00	   6.7408064424928114e+00	   4.7226198204338594e+00	   4.1079054004872173e+00	  -4.4452904378147160e+00	   6.8874740104243060e+00	   6.9721612285343610e+00	   1.1460136358282169e+00	   6.7789339828772910e+00	   2.9340802533939037e-01	
   1.2502217908380011e+00	  -4.4589580694249207e+02	   0.0000000000000000e+00	   4.6065822558248317e+02	   4.5395861816538650e+02	   3.5607114681443176e+02	   5.3234565322795356e+02	  -2.7354962969312369e-01	   2.8495390572679069e-01	   1.5850310510799026e+00	   2.5001187165197680e+00	   6.7408064424928114e+00	  -1.9187303719380999e-01	   4.4626419243345259e+00	  -3.2916897930233366e+00	   6.8874740104243060e+00	   8.2204926980099220e+00	   3.9621566450560897e+00	   6.7789339828772910e+00	   2.9340802533939037e-01	
   1.2764499043761053e+00	  -3.5010989121443049e+02	   0.0000000000000000e+00	   4.6065822558248317e+02	   4.5395861816538650e+02	   2.9385513115067988e+02	   5.3234565322795356e+02	  -2.7354962969312369e-01	   2.5592590114115321e-01	   1.5850309478472278e+00	   2.5001187165197680e+00	   6.7406773769858406e+00	  -2.0290223051450548e-01	   4.2209461294579285e+00	  -3.2556931136746052e+00	   6.8874740104243060e+00	   7.1206351307118423e+00	   1.9695208073836024e+00	   3.5047265244857186e+00	   2.9340802533939037e-01	
   1.2944216872858274e+00	   3.1260719997403118e+02	   0.0000000000000000e+00	   4.6065822558248317e+02	   4.5395861816538650e+02	   3.4793331547839972e+02	   5.3234565322795356e+02	  -2.7354962969312369e-01	   3.5488642731417430e-01	   1.5850310926225593e+00	   2.5001187165197680e+00	   6.7408064424928114e+00	  -1.1060591684608436e+00	   4.0557071844654056e+00	  -3.2916897930233366e+00	   6.8874740104243060e+00	   8.3360678858219774e+00	   3.5523760887845079e+00	   6.7789339828772910e+00	   2.9340802533939037e-01	
   1.2616060677363423e+00	  -1.5292490168644208e+03	   0.0000000000000000e+00	   4.6065822558248317e+02	   4.5395861816538650e+02	   3.6221763204605622e+02	   5.3234565322795356e+02	  -2.7354962969312369e-01	   2.5741476922469192e-01	   1.5850313672282712e+00	   2.5001187165197680e+00	   6.7408064424928114e+00	  -3.1157855056139949e-01	   3.9298598708027463e+00	  -3.0350501331915112e+00	   6.8874740104243060e+00	   8.2204926980099220e+00	   9.4958433264381104e-01	   2.6001025098470649e+01	   2.9340802533939037e-01	
   1.2616060677363423e+00	   1.3405334449404126e+02	   0.0000000000000000e+00	   4.6065822558248317e+02	   4.5395861816538650e+02	   3.6221763204605622e+02	   5.3234565322795356e+02	  -2.7354962969312369e-01	   2.5741476922469192e-01	   1.5850313672282712e+00	   2.5001187165197680e+00	   6.7408064424928114e+00	  -3.1157855056139949e-01	   4.2105035221324227e+00	  -3.0350501331915112e+00	   6.8874740104243060e+00	   8.2204926980099220e+00	   3.9621566450560897e+00	  -4.9530630968266358e+00	   2.9340802533939037e-01	
   1.2567275686032917e+00	  -4.4887817180225079e+02	   0.0000000000000000e+00	   4.6065822558248317e+02	   4.5395861816538650e+02	   3.4092147819680389e+02	   5.3234565322795356e+02	  -2.7354962969312369e-01	   2.7811142638031627e-01	   1.5850311888332842e+00	   2.5001187165197680e+00	   6.7403335817017727e+00	  -2.0818791666422748e-01	   4.2513793787934615e+00	  -2.9784509582221914e+00	   6.8874740104243060e+00	   7.1433804783336425e+00	   3.4633706444861696e+00	   3.2231745951472197e+00	   2.9340802533939037e-01	
   1.2407460540335771e+00	  -6.8408267486704972e+01	   0.0000000000000000e+00	   4.6065822558248317e+02	   4.5395861816538650e+02	   3.3959567694218981e+02	   5.3234565322795356e+02	  -2.6407861658640192e-01	   2.9486189665759982e-01	   1.5850307528390439e+00	   2.5001187165197680e+00	   6.7392805594209859e+00	  -3.1846936807093523e-02	   4.2574963839107083e+00	  -2.8593586613022293e+00	   6.8874740104243060e+00	   7.4913453955698941e+00	   3.2694838647748816e+00	   6.9256696297862756e+00	   2.9340802533939037e-01	
   1.2998119868181774e+00	  -5.0114113046874365e+02	   0.0000000000000000e+00	   4.6065822558248317e+02	   4.5395861816538650e+02	   3.5607114681443176e+02	   5.3234565322795356e+02	  -2.7354962969312369e-01	   2.8004484370036364e-01	   1.5850309013572577e+00	   2.5001187165197680e+00	   6.7401677760536565e+00	  -1.9187303719380999e-01	   4.1079054004872173e+00	  -2.8002784765240771e+00	   6.8874740104243060e+00	   8.3375378878703774e+00	   9.4740750145968811e-01	   6.7789339828772910e+00	   2.9340802533939037e-01	
   1.2510098463609012e+00	  -5.0170694058773887e+02	   0.0000000000000000e+00	   4.6065822558248317e+02	   4.5395861816538650e+02	   3.8146892187151332e+02	   5.3234565322795356e+02	  -2.7354962969312369e-01	   3.5382972102340310e-01	   1.5850317221670573e+00	   2.5001187165197680e+00	   6.7408064424928114e+00	   1.2773732453579711e-01	   4.3103414451758733e+00	  -2.8145776263254207e+00	   6.8874740104243060e+00	   6.9721612285343610e+00	   1.1460136358282169e+00	   2.9967962335952762e+00	   2.9340802533939037e-01	
   1.2616060677363423e+00	  -2.7845199332087060e+02	   0.0000000000000000e+00	   4.6065822558248317e+02	   4.5395861816538650e+02	   3.8153621893865898e+02	   5.3234565322795356e+02	  -2.7354962969312369e-01	   2.5741476922469192e-01	   1.5850313672282712e+00	   2.5001187165197680e+00	   6.7408064424928114e+00	   1.2773732453579711e-01	   3.9023726403974304e+00	  -3.2916897930233366e+00	   6.8874740104243060e+00	   8.2204926980099220e+00	   1.1460136358282169e+00	   6.7789339828772910e+00	   2.9340802533939037e-01	
   1.2616060677363423e+00	  -6.8711862864866373e+02	   0.0000000000000000e+00	   4.6065822558248317e+02	   4.5395861816538650e+02	   3.8153621893865898e+02	   5.3234565322795356e+02	  -2.7354962969312369e-01	   3.6143201935239766e-01	   1.5850313672282712e+00	   2.5001187165197680e+00	   6.7408064424928114e+00	  -1.9187303719380999e-01	   4.4011094796053243e+00	  -3.0350501331915112e+00	   6.8874740104243060e+00	   8.3375378878703774e+00	   3.9621566450560897e+00	   7.4258670126463606e+00	   2.9340802533939037e-01	
   1.3087826584229685e+00	  -4.4042658506794800e+02	   0.0000000000000000e+00	   4.6065822558248317e+02	   4.5395861816538650e+02	   3.5289373860161470e+02	   5.3234565322795356e+02	  -2.7354962969312369e-01	   2.6613093372136976e-01	   1.5850308978261347e+00	   2.5001187165197680e+00	   6.7562100543425396e+00	   1.9731547082370993e-01	   4.0982291742173134e+00	  -2.8097920139989676e+00	   6.8874740104243060e+00	   8.3183960780188961e+00	   1.5444345425293318e+00	   3.3572385277239576e+00	   2.9340802533939037e-01	
   1.2855575951983496e+00	  -4.2020905841242455e+02	   0.0000000000000000e+00	   4.6065822558248317e+02	   4.5395861816538650e+02	   3.5607114681443176e+02	   5.3234565322795356e+02	  -2.7354962969312369e-01	   2.8495390572679069e-01	   1.5850310510799026e+00	   2.5001187165197680e+00	   6.7408064424928114e+00	  -1.9187303719380999e-01	   4.1079054004872173e+00	  -1.8264123752827477e+00	   6.8874740104243060e+00	   8.2204926980099220e+00	   1.1460136358282169e+00	   6.7789339828772910e+00	   2.9340802533939037e-01	
   1.3054632960663937e+00	  -6.7264607026847887e+02	   0.0000000000000000e+00	   4.6065822558248317e+02	   4.5395861816538650e+02	   3.8146892187151332e+02	   5.3234565322795356e+02	  -2.7354962969312369e-01	   3.5382972102340310e-01	   1.5850317221670573e+00	   2.5001187165197680e+00	   6.7408064424928114e+00	   9.8669307496691783e-01	   4.3965755497834840e+00	  -3.2916897930233366e+00	   6.8874740104243060e+00	   8.2772338106335965e+00	   3.9621566450560897e+00	   1.6504731731331761e+00	   2.9340802533939037e-01	
   1.2615446259631284e+00	  -6.6740663351048988e+02	   0.0000000000000000e+00	   4.6065822558248317e+02	   4.5395861816538650e+02	   2.7818849907121597e+02	   5.3234565322795356e+02	  -2.7354962969312369e-01	   3.7468815740355743e-01	   1.5850311976873932e+00	   2.5001187165197680e+00	   6.7408064424928114e+00	  -1.9187303719380999e-01	   4.3515245111579155e+00	  -3.0303187590947145e+00	   6.8874740104243060e+00	   8.1110324392564301e+00	   1.1460136358282169e+00	   7.6655167627722420e+00	   2.9340802533939037e-01	
   1.2671515548845658e+00	   2.9897947398742872e+02	   0.0000000000000000e+00	   4.6065822558248317e+02	   4.5395861816538650e+02	   3.8572659639600926e+02	   5.3234565322795356e+02	  -2.7354962969312369e-01	   4.0524283333940858e-01	   1.5850310304735349e+00	   2.5001187165197680e+00	   6.7323994065048094e+00	  -2.5453840103030778e+00	   4.1507449694944700e+00	  -3.2746920179740582e+00	   6.8874740104243060e+00	   8.2369918121721106e+00	   3.8653319975285045e+00	   8.3512536760465501e+00	   2.9340802533939037e-01	
   1.2553335086684847e+00	   6.9283754537424556e+02	   0.0000000000000000e+00	   4.6065822558248317e+02	   4.5395861816538650e+02	   3.6766490685527128e+02	   5.3234565322795356e+02	  -2.7354962969312369e-01	   2.5110833669595228e-01	   1.5850317605119881e+00	   2.5001187165197680e+00	   6.6252983902187141e+00	   8.8660103892553632e-02	   4.3099011854897524e+00	  -2.7857646269180765e+00	   6.8874740104243060e+00	   8.4552675472848762e+00	   4.9530585833437071e+00	  -1.4940931653275030e+01	   2.9340802533939037e-01	
   1.2517333110720490e+00	  -8.7947449603631370e+01	   0.0000000000000000e+00	   4.6065822558248317e+02	   4.5395861816538650e+02	   3.1801448194894954e+02	   5.3234565322795356e+02	  -2.7354962969312369e-01	   3.2337018342421098e-01	   1.5850317682332244e+00	   2.5001187165197680e+00	   6.7408064424928114e+00	  -9.0264067701877848e-01	   4.0263740144299405e+00	  -3.1840793797995515e+00	   6.8874740104243060e+00	   6.9760595092133810e+00	   5.7535521595587014e-01	   8.4564484012297232e+00	   2.9340802533939037e-01	
   1.2812888631779067e+00	  -4.3955218125584349e+02	   0.0000000000000000e+00	   4.6065822558248317e+02	   4.5395861816538650e+02	   3.5607114681443176e+02	   5.3234565322795356e+02	  -2.7354962969312369e-01	   1.6544126945310583e-01	   1.5850307619884636e+00	   2.5001187165197680e+00	   6.7408064424928114e+00	  -2.0234086719348574e-01	   4.1079054004872173e+00	  -3.2916897930233366e+00	   6.8874740104243060e+00	   8.2204926980099220e+00	   1.1460136358282169e+00	  -1.1880993449947381e+01	   2.9340802533939037e-01	
   1.2510098463609012e+00	  -1.6903415321068712e+02	   0.0000000000000000e+00	   4.6065822558248317e+02	   4.5395861816538650e+02	   3.8146892187151332e+02	   5.3234565322795356e+02	  -2.7354962969312369e-01	   3.5362471596712947e-01	   1.5850309013572577e+00	   2.5001187165197680e+00	   6.7408064424928114e+00	   1.2773732453579711e-01	   4.3103414451758733e+00	  -3.2916897930233366e+00	   6.8874740104243060e+00	   6.9721612285343610e+00	   1.1460136358282169e+00	   7.4258670126463606e+00	   2.9340802533939037e-01	
   1.2616060677363423e+00	   9.1712685186687793e+01	   0.0000000000000000e+00	   4.6065822558248317e+02	   4.5395861816538650e+02	   2.7818849907121597e+02	   5.3234565322795356e+02	  -2.7354962969312369e-01	   3.5362471596712947e-01	   1.5850312246695211e+00	   2.5001187165197680e+00	   6.7408064424928114e+00	  -3.1157855056139949e-01	   3.9023726403974304e+00	  -3.0740601772778744e+00	   6.8874740104243060e+00	   6.9721612285343610e+00	   1.1460136358282169e+00	   7.4258670126463606e+00	   2.9340802533939037e-01	
   1.2599345204623176e+00	  -1.6558683546735861e+02	   0.0000000000000000e+00	   4.6065822558248317e+02	   4.5395861816538650e+02	   3.4683919078895116e+02	   5.3234565322795356e+02	  -2.7354962969312369e-01	   3.0806680088273292e-01	   1.5850318846277107e+00	   2.5001187165197680e+00	   6.7421035864618490e+00	  -2.0015885295200047e+00	   4.1841715835789035e+00	  -2.9737813003950158e+00	   6.8874740104243060e+00	   6.4747151296693328e+00	   3.3114186564239674e+00	   1.0645649535398544e+01	   2.9340802533939037e-01	
   1.2616060677363423e+00	  -4.8779846317391372e+02	   0.0000000000000000e+00	   4.6065822558248317e+02	   4.5395861816538650e+02	   2.7818849907121597e+02	   5.3234565322795356e+02	  -2.7354962969312369e-01	   2.5741476922469192e-01	   1.5850309013572577e+00	   2.5001187165197680e+00	   6.7408064424928114e+00	   9.6653331181448223e+00	   4.1079054004872173e+00	  -3.2916897930233366e+00	   6.8874740104243060e+00	   8.2204926980099220e+00	   3.9621566450560897e+00	   2.9967962335952762e+00	   2.9340802533939037e-01	
   1.2451951296472645e+00	   1.4493162012811300e+02	   0.0000000000000000e+00	   4.6065822558248317e+02	   4.5395861816538650e+02	   2.8316991521668393e+02	   5.3234565322795356e+02	  -2.7354962969312369e-01	   1.9425575796173822e-01	   1.5850317090177342e+00	   2.5001187165197680e+00	   6.7407407518413356e+00	  -1.3043197533733286e-02	   4.1132135599633894e+00	  -2.8272274001432161e+00	   6.8874740104243060e+00	   7.0096312045540685e+00	   1.0002330925713938e+00	   3.0628492984338571e+00	   2.9340802533939037e-01	
   1.3204733023038444e+00	  -5.3616609297776586e+02	   0.0000000000000000e+00	   4.6065822558248317e+02	   4.5395861816538650e+02	   3.8146892187151332e+02	   5.3234565322795356e+02	  -2.7354962969312369e-01	   3.5316446347855429e-01	   1.5850309013572577e+00	   2.5001187165197680e+00	   6.7408064424928114e+00	  -2.8519797749077530e-01	   4.1913680246643912e+00	  -3.2916897930233366e+00	   6.8874740104243060e+00	   7.7847721323821686e+00	   1.1460136358282169e+00	   7.4258670126463606e+00	   2.9340802533939037e-01	
   1.2615446259631284e+00	  -7.1085168186029932e+00	   0.0000000000000000e+00	   4.6065822558248317e+02	   4.5395861816538650e+02	   3.8153621893865898e+02	   5.3234565322795356e+02	  -2.7354962969312369e-01	   3.6143201935239766e-01	   1.5850317221670573e+00	   2.5001187165197680e+00	   6.7408064424928114e+00	  -3.1157855056139949e-01	   4.1079054004872173e+00	  -3.2916897930233366e+00	   6.8874740104243060e+00	   8.3375378878703774e+00	   1.1460136358282169e+00	   7.4258670126463606e+00	   2.9340802533939037e-01	
   1.3010936358418277e+00	   3.8417943419605649e+02	   0.0000000000000000e+00	   4.6065822558248317e+02	   4.5395861816538650e+02	   3.9406448149129415e+02	   5.3234565322795356e+02	  -2.7354962969312369e-01	   3.4182019984015471e-01	   1.5850317508903433e+00	   2.5001187165197680e+00	   6.7408064424928114e+00	   4.7226198204338594e+00	   4.2105035221324227e+00	  -4.4452904378147160e+00	   6.8874740104243060e+00	   7.9439272212024283e+00	   1.1460136358282169e+00	  -3.6254765358921563e+00	   2.9340802533939037e-01	
   1.2510098463609012e+00	  -4.6889003102570234e+02	   0.0000000000000000e+00	   4.6065822558248317e+02	   4.5395861816538650e+02	   3.5860526715465681e+02	   5.3234565322795356e+02	  -2.7354962969312369e-01	   2.8495390572679069e-01	   1.5850310100030409e+00	   2.5001187165197680e+00	   6.7401677760536565e+00	  -2.4993720673970460e-01	   4.2213092019592136e+00	  -3.2916897930233366e+00	   6.8874740104243060e+00	   8.1398687092130935e+00	   9.4740750145968811e-01	  -3.0236383520050580e+00	   2.9340802533939037e-01	
   1.2617923815476855e+00	   4.9652884194393209e+01	   0.0000000000000000e+00	   4.6065822558248317e+02	   4.5395861816538650e+02	   2.7818849907121597e+02	   5.3234565322795356e+02	  -2.7354962969312369e-01	   3.5387228332969589e-01	   1.5850318419251073e+00	   2.5001187165197680e+00	   8.9574921613137946e+00	  -1.9187303719380999e-01	   4.1079054004872173e+00	  -2.9360396507209776e+00	   6.8874740104243060e+00	   6.9721612285343610e+00	   1.8927723798425191e+00	   8.1357077580225479e+00	   2.9340802533939037e-01	
   1.2616060677363423e+00	  -2.1936058151892519e+02	   0.0000000000000000e+00	   4.6065822558248317e+02	   4.5395861816538650e+02	   3.5607114681443176e+02	   5.3234565322795356e+02	  -2.7354962969312369e-01	   2.8495390572679069e-01	   1.5850310510799026e+00	   2.5001187165197680e+00	   6.7408064424928114e+00	  -1.9187303719380999e-01	   4.4626419243345259e+00	  -3.2916897930233366e+00	   6.8874740104243060e+00	   8.2204926980099220e+00	   3.9621566450560897e+00	   6.7789339828772910e+00	   2.9340802533939037e-01	
   1.2510098463609012e+00	  -5.5654211662807938e+01	   0.0000000000000000e+00	   4.6065822558248317e+02	   4.5395861816538650e+02	   3.8146892187151332e+02	   5.3234565322795356e+02	  -2.7354962969312369e-01	   3.5846521017778843e-01	   1.5850309013572577e+00	   2.5001187165197680e+00	   6.7408064424928114e+00	   1.2773732453579711e-01	   4.0869558283206580e+00	  -3.1972904136036862e+00	   6.8874740104243060e+00	   7.7729890784417055e+00	   1.1460136358282169e+00	   6.9683557391349433e+00	   2.9340802533939037e-01	
   1.3004289413000698e+00	  -4.5221443710322967e+02	   0.0000000000000000e+00	   4.6065822558248317e+02	   4.5395861816538650e+02	   3.5607114681443176e+02	   5.3234565322795356e+02	  -2.7354962969312369e-01	   3.6563847841883412e-01	   1.5850313672282712e+00	   2.5001187165197680e+00	   6.7408064424928114e+00	   1.2773732453579711e-01	   4.1630894646560446e+00	  -3.2916897930233366e+00	   6.8874740104243060e+00	   8.3375378878703774e+00	   1.1460136358282169e+00	   6.7789339828772910e+00	   2.9340802533939037e-01	
   1.2615446259631284e+00	  -6.8711862864866373e+02	   0.0000000000000000e+00	   4.6065822558248317e+02	   4.5395861816538650e+02	   3.8153621893865898e+02	   5.3234565322795356e+02	  -2.7354962969312369e-01	   3.6143201935239766e-01	   1.5850317221670573e+00	   2.5001187165197680e+00	   6.7378887272644592e+00	  -1.9187303719380999e-01	   4.4011094796053243e+00	  -2.7426555097346661e+00	   6.8874740104243060e+00	   8.3375378878703774e+00	   1.1460136358282169e+00	   7.4258670126463606e+00	   2.9340802533939037e-01	
   1.3204733023038444e+00	  -8.5291537506396708e+01	   0.0000000000000000e+00	   4.6065822558248317e+02	   4.5395861816538650e+02	   3.8146892187151332e+02	   5.3234565322795356e+02	  -2.7354962969312369e-01	   3.5316446347855429e-01	   1.5850309013572577e+00	   2.5001187165197680e+00	   6.7408064424928114e+00	  -2.8519797749077530e-01	   4.1913680246643912e+00	  -1.8264123752827477e+00	   6.8874740104243060e+00	   7.7847721323821686e+00	   1.1460136358282169e+00	   7.4258670126463606e+00	   2.9340802533939037e-01	
   1.2510098463609012e+00	  -5.3616609297776586e+02	   0.0000000000000000e+00	   4.6065822558248317e+02	   4.5395861816538650e+02	   3.8146892187151332e+02	   5.3234565322795356e+02	  -2.7354962969312369e-01	   2.5741476922469192e-01	   1.5850309013572577e+00	   2.5001187165197680e+00	   6.7408064424928114e+00	  -1.9187303719380999e-01	   4.2105035221324227e+00	  -3.2916897930233366e+00	   6.8874740104243060e+00	   8.6720653044064164e+00	   1.1460136358282169e+00	   7.4258670126463606e+00	   2.9340802533939037e-01	
   1.2662265637042023e+00	  -4.0085545062741704e+02	   0.0000000000000000e+00	   4.6065822558248317e+02	   4.5395861816538650e+02	   3.7274589627967663e+02	   5.3234565322795356e+02	  -2.7354962969312369e-01	   3.0286299229683189e-01	   1.5850314878672913e+00	   2.5001187165197680e+00	   6.7408064424928114e+00	   9.9789001687286460e-01	   4.2000588635294243e+00	  -3.3715877960437370e+00	   6.8874740104243060e+00	   7.1805379326516690e+00	   1.1460136358282169e+00	   4.7908848185718345e+00	   2.9340802533939037e-01	
   1.2287255873435412e+00	  -7.9763655356936920e+02	   0.0000000000000000e+00	   4.6065822558248317e+02	   4.5395861816538650e+02	   3.3742207438056010e+02	   5.3234565322795356e+02	  -2.7354962969312369e-01	   2.9388540926586543e-01	   1.5850307129350103e+00	   2.5001187165197680e+00	   6.7366529752427651e+00	  -9.6035513961446745e-02	   4.3755332991636218e+00	  -2.7486097846499744e+00	   6.8874740104243060e+00	   7.4493285026573322e+00	   3.0599308397711251e+00	   6.9584163833463046e+00	   2.9340802533939037e-01	
   1.2565837599160232e+00	  -2.7126316504967247e+02	   0.0000000000000000e+00	   4.6065822558248317e+02	   4.5395861816538650e+02	   3.4060126529518726e+02	   5.3234565322795356e+02	  -2.7354962969312369e-01	   3.0557625296242047e-01	   1.5850315003808053e+00	   2.5001187165197680e+00	   6.7403601858104247e+00	  -5.2392919406376648e-01	   4.2597921904152294e+00	  -2.6601858155209470e+00	   6.8874740104243060e+00	   7.3560202062603111e+00	   3.3394357458114721e+00	   4.2473263909514856e+00	   2.9340802533939037e-01	
   1.2616060677363423e+00	   9.1712685186687793e+01	   0.0000000000000000e+00	   4.6065822558248317e+02	   4.5395861816538650e+02	   2.7818849907121597e+02	   5.3234565322795356e+02	  -2.7354962969312369e-01	   3.5362471596712947e-01	   1.5850312246695211e+00	   2.5001187165197680e+00	   6.7408064424928114e+00	  -3.1157855056139949e-01	   3.9023726403974304e+00	  -3.0740601772778744e+00	   6.8874740104243060e+00	   6.9721612285343610e+00	   1.1460136358282169e+00	   7.4258670126463606e+00	   2.9340802533939037e-01	
   1.2615446259631284e+00	  -7.9615594620364027e+02	   0.0000000000000000e+00	   4.6065822558248317e+02	   4.5395861816538650e+02	   3.9406448149129415e+02	   5.3234565322795356e+02	  -4.0760573173921005e-01	   3.7468815740355743e-01	   1.5850317508903433e+00	   2.5001187165197680e+00	   6.7408064424928114e+00	   4.7226198204338594e+00	   4.2105035221324227e+00	  -2.9433343909609402e+00	   6.8874740104243060e+00	   8.1110324392564301e+00	   1.1460136358282169e+00	   6.7789339828772910e+00	   2.9340802533939037e-01	
   1.2599052493976799e+00	  -1.7397815535150042e+02	   0.0000000000000000e+00	   4.6065822558248317e+02	   4.5395861816538650e+02	   3.4808723250651587e+02	   5.3234565322795356e+02	  -2.7354962969312369e-01	   3.0685565165556111e-01	   1.5850318869129649e+00	   2.5001187165197680e+00	   6.7421271680128365e+00	  -2.0323122251458736e+00	   4.1878159860136410e+00	  -2.9680018530035808e+00	   6.8874740104243060e+00	   6.4449675449846113e+00	   3.3347159028188691e+00	   1.0829748810193962e+01	   2.9340802533939037e-01	
   1.3086532937607389e+00	  -6.0692416644714638e+02	   0.0000000000000000e+00	   4.6065822558248317e+02	   4.5395861816538650e+02	   3.5607114681443176e+02	   5.3234565322795356e+02	  -2.7354962969312369e-01	   3.4339656452213135e-01	   1.5850313672282712e+00	   2.5001187165197680e+00	   6.7408064424928114e+00	   6.3071487916982880e+00	   4.1079054004872173e+00	  -3.2916897930233366e+00	   6.8874740104243060e+00	   8.3360678858219774e+00	   1.1460136358282169e+00	   6.7789339828772910e+00	   2.9340802533939037e-01	
   1.2538378142437043e+00	  -2.7110328401070944e+01	   0.0000000000000000e+00	   4.6065822558248317e+02	   4.5395861816538650e+02	   3.0985409571400697e+02	   5.3234565322795356e+02	  -2.7354962969312369e-01	   2.5558320100504245e-01	   1.5850316237924038e+00	   2.5001187165197680e+00	   6.7405800307351127e+00	  -2.0289069232752288e-01	   4.1849663307457696e+00	  -2.9712913963531942e+00	   6.8874740104243060e+00	   7.1669150311901308e+00	   2.2588632017786012e+00	   3.1973078012702953e+00	   2.9340802533939037e-01	
   1.3204733023038444e+00	   4.1342945839903274e+02	   0.0000000000000000e+00	   4.6065822558248317e+02	   4.5395861816538650e+02	   3.5474061175167185e+02	   5.3234565322795356e+02	  -2.7354962969312369e-01	   3.5316446347855429e-01	   1.5850309013572577e+00	   2.5001187165197680e+00	   6.7408064424928114e+00	  -1.9187303719380999e-01	   4.2105035221324227e+00	  -2.8730837171016455e+00	   6.8874740104243060e+00	   7.7847721323821686e+00	   1.1460136358282169e+00	   6.7789339828772910e+00	   2.9340802533939037e-01	
   1.2944216872858274e+00	  -3.7477861387349719e+01	   0.0000000000000000e+00	   4.6065822558248317e+02	   4.5395861816538650e+02	   3.8146892187151332e+02	   5.3234565322795356e+02	  -2.7354962969312369e-01	   3.5382972102340310e-01	   1.5850310926225593e+00	   2.5001187165197680e+00	   6.7408064424928114e+00	  -1.1060591684608436e+00	   4.1079054004872173e+00	  -3.2916897930233366e+00	   6.8874740104243060e+00	   6.9721612285343610e+00	   1.1460136358282169e+00	   2.9967962335952762e+00	   2.9340802533939037e-01	
   1.2615446259631284e+00	   2.6376857258817438e+01	   0.0000000000000000e+00	   4.6065822558248317e+02	   4.5395861816538650e+02	   3.5607114681443176e+02	   5.3234565322795356e+02	  -2.7354962969312369e-01	   2.5741476922469192e-01	   1.5850309013572577e+00	   2.5001187165197680e+00	   6.7408064424928114e+00	  -1.9187303719380999e-01	   4.1079054004872173e+00	  -3.2916897930233366e+00	   6.8874740104243060e+00	   8.3375378878703774e+00	   3.9621566450560897e+00	   6.7789339828772910e+00	   2.9340802533939037e-01	
   1.2510098463609012e+00	  -1.4583731224303392e+02	   0.0000000000000000e+00	   4.6065822558248317e+02	   4.5395861816538650e+02	   3.4793331547839972e+02	   5.3234565322795356e+02	  -4.0760573173921005e-01	   3.5905932414866926e-01	   1.5850317221670573e+00	   2.5001187165197680e+00	   6.7408064424928114e+00	  -1.9187303719380999e-01	   4.1079054004872173e+00	  -3.2916897930233366e+00	   6.8874740104243060e+00	   8.3360678858219774e+00	   3.5523760887845079e+00	   6.7789339828772910e+00	   2.9340802533939037e-01	
   1.2407444748499623e+00	  -9.9885945894310464e+02	   0.0000000000000000e+00	   4.6065822558248317e+02	   4.5395861816538650e+02	   3.6095621576990277e+02	   5.3234565322795356e+02	  -2.7354962969312369e-01	   2.8495390572679069e-01	   1.5850307619884636e+00	   2.5001187165197680e+00	   6.7408064424928114e+00	  -2.0234086719348574e-01	   4.4626419243345259e+00	  -2.9279806826503290e+00	   6.8874740104243060e+00	   7.1399939622178410e+00	   3.9621566450560897e+00	   6.8134895680403176e+00	   2.9340802533939037e-01	
   1.2615446259631284e+00	  -6.6603462828291254e+02	   0.0000000000000000e+00	   4.6065822558248317e+02	   4.5395861816538650e+02	   3.4055235677853352e+02	   5.3234565322795356e+02	  -2.7354962969312369e-01	   3.7468815740355743e-01	   1.5850310456957140e+00	   2.5001187165197680e+00	   6.7408064424928114e+00	  -1.9187303719380999e-01	   4.2103329512371888e+00	  -3.2916897930233366e+00	   6.8874740104243060e+00	   8.6720653044064164e+00	   1.1460136358282169e+00	   7.4258670126463606e+00	   2.9340802533939037e-01	
   1.3204733023038444e+00	  -3.3982419350534252e+02	   0.0000000000000000e+00	   4.6065822558248317e+02	   4.5395861816538650e+02	   3.8146892187151332e+02	   5.3234565322795356e+02	  -2.7354962969312369e-01	   2.5741476922469192e-01	   1.5850309013572577e+00	   2.5001187165197680e+00	   6.7408064424928114e+00	  -1.9187303719380999e-01	   4.4307690492790082e+00	  -2.8012887024229585e+00	   6.8874740104243060e+00	   6.9721612285343610e+00	   1.1460136358282169e+00	   6.7789339828772910e+00	   2.9340802533939037e-01	
   1.2617923815476855e+00	  -8.7952775750039351e+01	   0.0000000000000000e+00	   4.6065822558248317e+02	   4.5395861816538650e+02	   2.7818849907121597e+02	   5.3234565322795356e+02	  -2.7354962969312369e-01	   2.8495390572679069e-01	   1.5850317508903433e+00	   2.5001187165197680e+00	   6.7408064424928114e+00	  -1.9187303719380999e-01	   4.1079054004872173e+00	  -3.2916897930233366e+00	   6.8874740104243060e+00	   6.9721612285343610e+00	   3.9621566450560897e+00	   6.7789339828772910e+00	   2.9340802533939037e-01	
   1.2502217908380011e+00	  -1.4297021767521715e+03	   0.0000000000000000e+00	   4.6065822558248317e+02	   4.5395861816538650e+02	   3.5607114681443176e+02	   5.3234565322795356e+02	  -2.7354962969312369e-01	   2.5741476922469192e-01	   1.5850309013572577e+00	   2.5001187165197680e+00	   6.7408064424928114e+00	  -1.9187303719380999e-01	   4.4626419243345259e+00	  -3.2916897930233366e+00	   6.8874740104243060e+00	   8.2204926980099220e+00	   3.9621566450560897e+00	   6.7789339828772910e+00	   2.9340802533939037e-01	
   1.2616060677363423e+00	   5.0168552492869162e+02	   0.0000000000000000e+00	   4.6065822558248317e+02	   4.5395861816538650e+02	   3.8153621893865898e+02	   5.3234565322795356e+02	  -2.7354962969312369e-01	   3.5733713926580063e-01	   1.5850310510799026e+00	   2.5001187165197680e+00	   6.7408064424928114e+00	  -3.1157855056139949e-01	   4.4626419243345259e+00	  -3.2916897930233366e+00	   6.8874740104243060e+00	   8.3375378878703774e+00	   3.9621566450560897e+00	   6.7789339828772910e+00	   2.9340802533939037e-01	
   1.2873337288819851e+00	  -4.0456662307290799e+01	   0.0000000000000000e+00	   4.6065822558248317e+02	   4.5395861816538650e+02	   3.5286936048418676e+02	   5.3234565322795356e+02	  -3.5982583630437193e-01	   3.4541797996338475e-01	   1.5850310856869607e+00	   2.5001187165197680e+00	   6.7410714824215159e+00	  -3.8450041088371700e-01	   4.2880710381879537e+00	  -3.6999249354188133e+00	   6.8874740104243060e+00	   7.5431152682170390e+00	   3.3650830778442122e+00	   6.8687225968931616e+00	   2.9340802533939037e-01	
