   1.3943419903583266e+01	   4.4550096702902310e+03	   0.0000000000000000e+00	   3.6551785751317107e+03	   2.1335756157176997e+03	   1.0000000000000000e+03	   3.4042208833895411e+03	   5.8801095065394286e+01	   5.0973240824388810e+01	   4.9930103673914672e+01	   5.6236791690874199e+01	   5.9161226263074113e+01	   5.5394178606327579e+01	   6.3518273470847930e+01	   7.4637919763345963e+01	   6.4203056056322851e+01	   7.3396483544204969e+01	   7.5307650047228250e+01	   6.9351514654292188e+01	   1.9639403956515718e+01	
   1.3630827417668682e+01	   4.7283915466145281e+03	   0.0000000000000000e+00	   3.6551785751317079e+03	   2.1335756157176997e+03	   1.0000000000000000e+03	   3.4042208833895384e+03	   5.9412103475687559e+01	   5.1811936207441583e+01	   4.9930101693753649e+01	   5.7414953621780583e+01	   5.9161226263074113e+01	   5.5947798933211402e+01	   6.3743648292974534e+01	   7.7124868902193640e+01	   6.4203056056322538e+01	   7.3019273656866815e+01	   7.6103142886281177e+01	   7.7787171766476817e+01	   1.9639400729756598e+01	
   1.5692593217187760e+01	   4.8130656235449533e+03	   0.0000000000000000e+00	   3.6551785751317107e+03	   2.1335756157176997e+03	   1.0000000000000000e+03	   3.4042208833895379e+03	   5.8801095065394286e+01	   5.0729654877594982e+01	   4.9795364912259117e+01	   5.6236791690874199e+01	   5.9161226263074113e+01	   5.5394178606327579e+01	   6.3534021916967653e+01	   7.4637919763345963e+01	   6.4203056056322851e+01	   7.3445380828934319e+01	   7.5307650047228250e+01	   6.7350992233009592e+01	   1.9639399631266432e+01	
   1.5199516536269716e+01	   4.7524270821146392e+03	   0.0000000000000000e+00	   3.6551785751317107e+03	   2.1335756157176993e+03	   1.0000000000000000e+03	   3.4042208833895397e+03	   5.8801095065394286e+01	   5.0819258676569014e+01	   4.9930102977402903e+01	   5.6609192678603584e+01	   5.9161226263074113e+01	   5.5432979445540191e+01	   6.3656248478637409e+01	   6.8865287018278593e+01	   6.4203056056322851e+01	   7.2649807352451191e+01	   7.5795662071888685e+01	   6.4247537571219155e+01	   1.9639402199424143e+01	
   1.3943419903583266e+01	   4.8029630669677808e+03	   0.0000000000000000e+00	   3.6551785751317107e+03	   2.1335756157176997e+03	   1.0000000000000000e+03	   3.4042208833895384e+03	   5.8801095065394286e+01	   5.0743751489554555e+01	   4.9930101693753649e+01	   5.6236791690874199e+01	   5.9161226263074113e+01	   5.5394178606327579e+01	   6.3564184564997397e+01	   7.9977422343048062e+01	   6.4203056056322851e+01	   7.1423037818886655e+01	   7.5307650047228250e+01	   6.7350992233009592e+01	   1.9639399631266432e+01	
   1.2351982344035134e+01	   4.9739544756181758e+03	   0.0000000000000000e+00	   3.6551785751317116e+03	   2.1335756157176997e+03	   1.0000000000000000e+03	   3.4042208833895347e+03	   5.8801095065394286e+01	   5.0866722998876050e+01	   4.9930102779643789e+01	   5.6916601383627871e+01	   5.9161226263074113e+01	   5.5533865639866832e+01	   6.5101861711626540e+01	   7.4638064629273316e+01	   6.4203056056322851e+01	   7.2083251142819208e+01	   7.5307650047228250e+01	   6.7030977154268427e+01	   1.9639398642581821e+01	
   1.5504840190171048e+01	   4.7386003093601539e+03	   0.0000000000000000e+00	   3.6551785751317107e+03	   2.1335756157176997e+03	   1.0000000000000000e+03	   3.4042208833895384e+03	   5.8801095065394286e+01	   5.0847214903953535e+01	   4.9930102384464092e+01	   5.6914151840777215e+01	   5.9161226263074113e+01	   5.6480979289180851e+01	   6.3685628638493370e+01	   7.9977422343048062e+01	   6.4203056056322808e+01	   7.3047874796142892e+01	   6.8303960441263243e+01	   6.7415819468670747e+01	   1.9639399162924271e+01	
   1.3943419903583266e+01	   4.5673818157602509e+03	   0.0000000000000000e+00	   3.6551785751317116e+03	   2.1335756157176997e+03	   1.0000000000000000e+03	   3.4042208833895370e+03	   5.8801095065394286e+01	   5.0888207116211142e+01	   4.9930101693753649e+01	   5.6608821018492002e+01	   5.9161226263074113e+01	   5.5947798933211402e+01	   6.3578128707476061e+01	   7.9977422343048062e+01	   6.4203056056322836e+01	   7.1997296104441276e+01	   6.9092634068261390e+01	   6.2198257012102118e+01	   1.9639399659223901e+01	
   1.6261928707115075e+01	   4.8793483047538248e+03	   0.0000000000000000e+00	   3.6551785751317116e+03	   2.1335756157176997e+03	   1.0000000000000000e+03	   3.4042208833895370e+03	   5.8801095065394286e+01	   5.0734068442572095e+01	   4.9930101022059489e+01	   5.6236791690874199e+01	   5.9161226263074113e+01	   5.5276982726240028e+01	   6.3792946377896840e+01	   6.4444596481946505e+01	   6.4203056056322851e+01	   7.3562971579915597e+01	   7.2067077107928313e+01	   6.7350992233009592e+01	   1.9639398955877557e+01	
   1.5692593217187760e+01	   4.4717615450549711e+03	   0.0000000000000000e+00	   3.6551785751317107e+03	   2.1335756157176997e+03	   1.0000000000000000e+03	   3.4042208833895584e+03	   5.8801095065394286e+01	   5.1811936207441583e+01	   4.9930101693753649e+01	   5.6236791690874199e+01	   5.9161226263074113e+01	   5.6899973155503211e+01	   6.3518273470847930e+01	   7.9977422343048062e+01	   6.4203056056322836e+01	   7.3385558365200708e+01	   7.5307650047228250e+01	   7.7787171766476817e+01	   1.9639396671634621e+01	
   1.4164911814703238e+01	   4.7138356136675065e+03	   0.0000000000000000e+00	   3.6551785751317107e+03	   2.1335756157176984e+03	   1.0000000000000000e+03	   3.4042208833895324e+03	   5.8801095065394286e+01	   5.1178350131633124e+01	   4.9982857077769104e+01	   5.6916601383627871e+01	   5.9161226263074113e+01	   5.5533865639866832e+01	   6.3585892647380227e+01	   6.1261644527472207e+01	   6.4203056056322851e+01	   7.2090472964857199e+01	   7.5307650047228250e+01	   7.0024669583760470e+01	   1.9639399181721064e+01	
   1.5504840190171048e+01	   4.6789804207428169e+03	   0.0000000000000000e+00	   3.6551785751317107e+03	   2.1335756157176997e+03	   1.0000000000000000e+03	   3.4042208833895384e+03	   5.8801095065394286e+01	   5.0530410762367794e+01	   4.9930103692638674e+01	   5.6943578624146404e+01	   5.9161226263074113e+01	   5.6849975054562691e+01	   6.3268642221243212e+01	   7.9977422343048062e+01	   6.4203056056322765e+01	   7.3396483544204969e+01	   7.5307650047228250e+01	   6.4587031693037886e+01	   1.9639399882240234e+01	
   1.6261928707115075e+01	   4.8727463868036657e+03	   0.0000000000000000e+00	   3.6551785751317107e+03	   2.1335756157176997e+03	   1.0000000000000000e+03	   3.4042208833895406e+03	   5.8801095065394286e+01	   5.1259313387029124e+01	   4.9930104581797870e+01	   5.6236791690874199e+01	   5.9161227753116258e+01	   5.5873195378975453e+01	   6.3518273470847930e+01	   7.9977422343048062e+01	   6.4203056056322879e+01	   7.3396483544204969e+01	   7.5307650047228250e+01	   6.3867816776067230e+01	   1.9639399631266432e+01	
   1.4319659817999272e+01	   4.9901742002202191e+03	   0.0000000000000000e+00	   3.6551785751317107e+03	   2.1335756157176997e+03	   1.0000000000000000e+03	   3.4042208833895347e+03	   5.8749617087225431e+01	   5.0640715540413879e+01	   4.9930103671902380e+01	   5.5763332608618960e+01	   5.9161226263074113e+01	   5.5394178606327579e+01	   6.3518273470847930e+01	   7.7367312105313886e+01	   6.4203056056322851e+01	   7.3472218613559349e+01	   7.5307650047228250e+01	   6.7350992233009592e+01	   1.9639399883761694e+01	
   1.4250921042219098e+01	   4.8359037587471776e+03	   0.0000000000000000e+00	   3.6551785751317107e+03	   2.1335756157176993e+03	   1.0000000000000000e+03	   3.4042208833895384e+03	   5.8801095065394286e+01	   5.0888207116211142e+01	   4.9628801103594810e+01	   5.6236791690874199e+01	   5.9161226263074113e+01	   5.5394178606327579e+01	   6.3268642221243212e+01	   7.9977422343048062e+01	   6.4203056056322836e+01	   7.3385558365200708e+01	   7.5307650047228250e+01	   6.4587031693037886e+01	   1.9639399631266432e+01	
   1.5358415207793225e+01	   4.6919900734175417e+03	   0.0000000000000000e+00	   3.6551785751317143e+03	   2.1335756157176988e+03	   1.0000000000000000e+03	   3.4042208833895356e+03	   5.8918496293353570e+01	   5.0552590378425975e+01	   4.9859566321035551e+01	   5.7082447021178503e+01	   5.9164931011560917e+01	   5.5855971590991849e+01	   6.3785148048847674e+01	   6.9561513609264011e+01	   6.4203056056322865e+01	   7.3142051734026737e+01	   7.4267715911955150e+01	   6.5934473656904686e+01	   1.9639399420314021e+01	
   1.6261928707115075e+01	   4.4341464876559830e+03	   0.0000000000000000e+00	   3.6551785751317107e+03	   2.1335756157176997e+03	   1.0000000000000000e+03	   3.4042208833895265e+03	   5.8801095065394286e+01	   5.0743751489554555e+01	   4.9641947144225711e+01	   5.6236791690874199e+01	   5.9161226263074113e+01	   5.6522230647742560e+01	   6.3468430091874275e+01	   6.1261644527472207e+01	   6.4203056056322851e+01	   7.3562971579915597e+01	   7.2067077107928313e+01	   6.7350992233009592e+01	   1.9639398642581821e+01	
   1.5630807145213305e+01	   4.8017048017116376e+03	   0.0000000000000000e+00	   3.6551785751317107e+03	   2.1335756157176988e+03	   1.0000000000000000e+03	   3.4042208833895384e+03	   5.8801095065394286e+01	   5.0813701615430659e+01	   4.9930103464377744e+01	   5.6443058663802297e+01	   5.9161226263074113e+01	   5.5947798933211402e+01	   6.3680405703898607e+01	   7.0706842738026410e+01	   6.4203056056322836e+01	   7.3080055584167539e+01	   7.5963224819698496e+01	   6.3106791084664174e+01	   1.9639396671634621e+01	
   1.3895614735650904e+01	   4.9966975421138004e+03	   0.0000000000000000e+00	   3.6551785751317107e+03	   2.1335756157176997e+03	   1.0000000000000000e+03	   3.4042208833895361e+03	   5.8749617087225431e+01	   5.0438386175232736e+01	   4.9930102779643789e+01	   5.7704420982366898e+01	   5.9161226263074113e+01	   5.5362764871217230e+01	   6.3734826374166062e+01	   7.9977422343048062e+01	   6.4203056056322836e+01	   7.3445380828934319e+01	   7.5307650047228250e+01	   6.6702074170319676e+01	   1.9639399187339581e+01	
   1.5182148858231347e+01	   4.9698175286216247e+03	   0.0000000000000000e+00	   3.6551785751317107e+03	   2.1335756157176997e+03	   1.0000000000000000e+03	   3.4042208833895370e+03	   5.8801095065394286e+01	   5.1811936207441583e+01	   4.9930102030189495e+01	   5.6236791690874199e+01	   5.9161226263074113e+01	   5.5947798933211402e+01	   6.3743648292974534e+01	   6.1261644527472207e+01	   6.4203056056322851e+01	   7.3396483544204969e+01	   7.5307650047228250e+01	   6.3182030132252045e+01	   1.9639396671634621e+01	
   1.7605590809944580e+01	   4.7860687477260208e+03	   0.0000000000000000e+00	   3.6551785751317107e+03	   2.1335756157176997e+03	   1.0000000000000000e+03	   3.4042208833895384e+03	   5.8801095065394286e+01	   5.0743751489554555e+01	   4.9930101693753649e+01	   5.6236791690874199e+01	   5.9161226263074113e+01	   5.5394178606327579e+01	   6.3652087739759025e+01	   6.2954996378457238e+01	   6.4203056056322836e+01	   7.2971507975121995e+01	   7.5307650047228250e+01	   6.2198257012102118e+01	   1.9639399181721064e+01	
   1.3895614735650904e+01	   4.5259661219008540e+03	   0.0000000000000000e+00	   3.6551785751317107e+03	   2.1335756157176997e+03	   1.0000000000000000e+03	   3.4042208833895388e+03	   5.8801095065394286e+01	   5.0438386175232736e+01	   4.9930102030189495e+01	   5.6992330537542301e+01	   5.9161226263074113e+01	   5.5947798933211402e+01	   6.3734826374166062e+01	   7.9977422343048062e+01	   6.4203056056322836e+01	   7.3472218613559349e+01	   7.5307650047228250e+01	   6.7350992233009592e+01	   1.9639402308354732e+01	
   1.5993209419903561e+01	   4.7723706439570151e+03	   0.0000000000000000e+00	   3.6551785751317084e+03	   2.1335756157177002e+03	   1.0000000000000000e+03	   3.4042208833895406e+03	   5.8801095065394286e+01	   5.2472245705706435e+01	   4.9930104381013535e+01	   5.6922384495989270e+01	   5.9161468564703050e+01	   5.3936086392185992e+01	   6.3594829258845714e+01	   7.8309871112913285e+01	   6.4203056056322950e+01	   7.2712209541976563e+01	   7.5041582662210786e+01	   6.3653461130278203e+01	   1.9639398899512962e+01	
   1.3943419903583266e+01	   4.5375166701570934e+03	   0.0000000000000000e+00	   3.6551785751317138e+03	   2.1335756157177002e+03	   1.0000000000000000e+03	   3.4042208833895384e+03	   5.8801095065394286e+01	   5.0866722998876050e+01	   4.9628801103594810e+01	   5.6811922276960431e+01	   5.9161226263074113e+01	   5.5394178606327579e+01	   6.3587961110317359e+01	   7.9977422343048062e+01	   6.4203056056322851e+01	   7.1423037818886655e+01	   7.5307650047228250e+01	   6.9351514654292188e+01	   1.9639399631266432e+01	
   1.5504840190171048e+01	   4.7773553304547004e+03	   0.0000000000000000e+00	   3.6551785751317107e+03	   2.1335756157176997e+03	   1.0000000000000000e+03	   3.4042208833895384e+03	   5.8801095065394286e+01	   5.0743751489554555e+01	   4.9930102779643789e+01	   5.7704420982366898e+01	   5.9161226263074113e+01	   5.6950992681060129e+01	   6.3956136885176370e+01	   7.9977422343048062e+01	   6.4203056056322851e+01	   7.2971507975121995e+01	   7.5208996331909887e+01	   6.2198257012102118e+01	   1.9639399668029338e+01	
   1.4036671109535638e+01	   4.6899705768373733e+03	   0.0000000000000000e+00	   3.6551785751317111e+03	   2.1335756157176993e+03	   1.0000000000000000e+03	   3.4042208833895179e+03	   5.8801095065394286e+01	   4.9998127835586942e+01	   4.9930101084955773e+01	   5.6907525346626166e+01	   5.9168783395317867e+01	   5.6349080521474406e+01	   6.3599784006850498e+01	   6.3942034500742615e+01	   6.4203056056322851e+01	   7.3446448215904638e+01	   7.4905047499203491e+01	   6.7311446838749490e+01	   1.9639399881667980e+01	
   1.3227379110716873e+01	   4.6281730965967245e+03	   0.0000000000000000e+00	   3.6551785751317047e+03	   2.1335756157176988e+03	   1.0000000000000000e+03	   3.4042208833895384e+03	   5.8801095065394286e+01	   5.1417604713831587e+01	   4.9795364912259117e+01	   5.7163681977239762e+01	   5.9161226263074113e+01	   5.7041923355733630e+01	   6.3743648292974534e+01	   6.3557272028794621e+01	   6.4203056056322879e+01	   7.2083251142819208e+01	   6.9997701453130901e+01	   6.6702074170319676e+01	   1.9639398642581821e+01	
   1.5692593217187760e+01	   4.6287701588900272e+03	   0.0000000000000000e+00	   3.6551785751317107e+03	   2.1335756157176984e+03	   1.0000000000000000e+03	   3.4042208833895384e+03	   5.8801095065394286e+01	   5.1811936207441583e+01	   4.9930102779643789e+01	   5.6236791690874199e+01	   5.9161226263074113e+01	   5.6849975054562691e+01	   6.3518273470847930e+01	   6.1871326108004517e+01	   6.4203056056322836e+01	   7.3584147565515110e+01	   7.6103142886281177e+01	   7.7787171766476817e+01	   1.9639399631266432e+01	
   1.5132210106176048e+01	   4.8262777845412884e+03	   0.0000000000000000e+00	   3.6551785751317107e+03	   2.1335756157176988e+03	   1.0000000000000000e+03	   3.4042208833895329e+03	   5.8801095065394286e+01	   5.3359223893088640e+01	   4.9930102327017579e+01	   5.6422006203877245e+01	   5.9161304972728672e+01	   5.5877446551608735e+01	   6.3665983147076076e+01	   7.1427159635345078e+01	   6.4203056056322836e+01	   7.3203593432859961e+01	   7.5833196174042556e+01	   6.7346188802110348e+01	   1.9639399428381743e+01	
   1.6435988471859254e+01	   4.9007762197465290e+03	   0.0000000000000000e+00	   3.6551785751317107e+03	   2.1335756157176997e+03	   1.0000000000000000e+03	   3.4042208833895384e+03	   5.8801095065394286e+01	   5.0729654877594982e+01	   4.9930101693753649e+01	   5.6236791690874199e+01	   5.9161226263074113e+01	   5.5947798933211402e+01	   6.3518273470847930e+01	   7.9977422343048062e+01	   6.4203056056322851e+01	   7.3445380828934319e+01	   7.5307650047228250e+01	   6.7350992233009592e+01	   1.9639398642581821e+01	
   1.6261928707115075e+01	   4.9415522475037296e+03	   0.0000000000000000e+00	   3.6551785751317107e+03	   2.1335756157176997e+03	   1.0000000000000000e+03	   3.4042208833895370e+03	   5.8801095065394286e+01	   5.1811936207441583e+01	   4.9930101022059489e+01	   5.6236791690874199e+01	   5.9161226263074113e+01	   5.5276982726240028e+01	   6.3792946377896840e+01	   6.2546610006070296e+01	   6.4203056056322851e+01	   7.3562971579915597e+01	   7.2067077107928313e+01	   6.7350992233009592e+01	   1.9639398955877557e+01	
   1.4663298209704916e+01	   4.4650638577713880e+03	   0.0000000000000000e+00	   3.6551785751317107e+03	   2.1335756157177007e+03	   1.0000000000000000e+03	   3.4042208833895402e+03	   5.8801095065394286e+01	   5.2565518361326106e+01	   4.9930102307900526e+01	   5.8381428606207180e+01	   5.9161226263074113e+01	   5.6193125114567664e+01	   6.3518273470847930e+01	   7.8456252470834229e+01	   6.4203056056322566e+01	   7.2615593888510361e+01	   7.5307650047228250e+01	   6.9855370941952557e+01	   1.9639399834407090e+01	
   1.5504840190171048e+01	   4.4268302120409462e+03	   0.0000000000000000e+00	   3.6551785751317107e+03	   2.1335756157176997e+03	   1.0000000000000000e+03	   3.4042208833895384e+03	   5.8801095065394286e+01	   5.0743751489554555e+01	   4.9930101693753649e+01	   5.6236791690874199e+01	   5.9161226263074113e+01	   5.6849975054562691e+01	   6.3432953437087320e+01	   6.2954996378457238e+01	   6.4203056056322765e+01	   7.2971507975121995e+01	   6.9997701453130901e+01	   7.1921137392118993e+01	   1.9639399668029338e+01	
   1.4382799706452214e+01	   4.4788564858272966e+03	   0.0000000000000000e+00	   3.6551785751317116e+03	   2.1335756157176997e+03	   1.0000000000000000e+03	   3.4042208833895388e+03	   5.9412103475687559e+01	   5.0704042095557021e+01	   4.9930101564679802e+01	   5.6236791690874199e+01	   5.9161226263074113e+01	   5.5947798933211402e+01	   6.3812033421321672e+01	   6.6659255379847536e+01	   6.4203056056322851e+01	   7.3464205838078115e+01	   7.3811244233963919e+01	   6.7350992233009592e+01	   1.9639399631266432e+01	
   1.3800199808210081e+01	   4.5623677858678084e+03	   0.0000000000000000e+00	   3.6551785751317116e+03	   2.1335756157176997e+03	   1.0000000000000000e+03	   3.4042208833895384e+03	   5.8801095065394286e+01	   5.1743814861943946e+01	   4.9930101687778603e+01	   5.6608821018492002e+01	   5.9161990864424972e+01	   5.6066208795018930e+01	   6.3578128707476061e+01	   6.1177304396779078e+01	   6.4203056056323049e+01	   7.3412113473748178e+01	   6.9092634068261390e+01	   6.6759668633844569e+01	   1.9639399659223901e+01	
   1.3943419903583266e+01	   4.5375166701570934e+03	   0.0000000000000000e+00	   3.6551785751317138e+03	   2.1335756157176997e+03	   1.0000000000000000e+03	   3.4042208833895384e+03	   5.8801095065394286e+01	   5.0866722998876050e+01	   4.9930101693753649e+01	   5.6811922276960431e+01	   5.9161226263074113e+01	   5.5394178606327579e+01	   6.3587961110317359e+01	   7.9977422343048062e+01	   6.4203056056322822e+01	   7.3466978585869057e+01	   7.5307650047228250e+01	   6.9351514654292188e+01	   1.9639399631266432e+01	
   1.5084345362663102e+01	   4.7956493258774208e+03	   0.0000000000000000e+00	   3.6551785751317107e+03	   2.1335756157176997e+03	   1.0000000000000000e+03	   3.4042208833895402e+03	   5.8801095065394286e+01	   5.0803153934610535e+01	   4.9930103277233329e+01	   5.6696176834352336e+01	   5.9161381590818131e+01	   5.4925115020465562e+01	   6.3956136885176370e+01	   6.9711744786726243e+01	   6.4203056056322865e+01	   7.2936352006443769e+01	   7.5208996331909887e+01	   6.2198257012102118e+01	   1.9639402776474974e+01	
   1.6071698744086540e+01	   4.8559832885357082e+03	   0.0000000000000000e+00	   3.6551785751317107e+03	   2.1335756157176997e+03	   1.0000000000000000e+03	   3.4042208833895538e+03	   5.8801095065394286e+01	   5.0946140841621705e+01	   4.9930101665074247e+01	   5.6236791690874199e+01	   5.9167540502689754e+01	   5.5394178606327579e+01	   6.3413353986943051e+01	   6.3753026812891832e+01	   6.4203056056322851e+01	   7.3396483544204969e+01	   7.5307650047228250e+01	   6.4587031693037886e+01	   1.9639399115028777e+01	
   1.3943419903583266e+01	   4.9966975421138004e+03	   0.0000000000000000e+00	   3.6551785751317107e+03	   2.1335756157176997e+03	   1.0000000000000000e+03	   3.4042208833895384e+03	   5.8749617087225431e+01	   5.0438386175232736e+01	   4.9930101693753649e+01	   5.7704420982366898e+01	   5.9161226263074113e+01	   5.5394178606327579e+01	   6.3734826374166062e+01	   7.9977422343048062e+01	   6.4203056056322851e+01	   7.1423037818886655e+01	   7.5307650047228250e+01	   6.6702074170319676e+01	   1.9639399631266432e+01	
   1.5504840190171048e+01	   4.4965560575394147e+03	   0.0000000000000000e+00	   3.6551785751317107e+03	   2.1335756157176997e+03	   1.0000000000000000e+03	   3.4042208833895384e+03	   5.8801095065394286e+01	   5.0530410762367794e+01	   4.9930103673914672e+01	   5.5531073890629600e+01	   5.9161226263074113e+01	   5.7017835008407992e+01	   6.3518273470847930e+01	   6.5241389006879942e+01	   6.4203056056322851e+01	   7.1423037818886655e+01	   7.5307650047228250e+01	   6.7350992233009592e+01	   1.9639399181721064e+01	
   1.3900469523870886e+01	   4.6003165265381976e+03	   0.0000000000000000e+00	   3.6551785751317138e+03	   2.1335756157176997e+03	   1.0000000000000000e+03	   3.4042208833895384e+03	   5.8801095065394286e+01	   5.0866722998876050e+01	   4.9930102042739406e+01	   5.6236791690874199e+01	   5.9161226263074113e+01	   5.5947798933211402e+01	   6.3619508295006867e+01	   7.4637919763345963e+01	   6.4203056056322851e+01	   7.3385558365200708e+01	   7.6103142886281177e+01	   6.7350992233009592e+01	   1.9639399631266432e+01	
   1.5207661706330736e+01	   4.6397470528234762e+03	   0.0000000000000000e+00	   3.6551785751317107e+03	   2.1335756157176988e+03	   1.0000000000000000e+03	   3.4042208833895374e+03	   5.8801095065394286e+01	   5.1828981487947210e+01	   4.9930101802116262e+01	   5.6231741427033214e+01	   5.9161246530705967e+01	   5.8063610081371415e+01	   6.3808447234546179e+01	   6.5101590864419720e+01	   6.4203056056322851e+01	   7.3257432688634609e+01	   7.5491602317288226e+01	   6.3297369838699417e+01	   1.9639399886639527e+01	
   1.3836680541697678e+01	   4.4160970795059729e+03	   0.0000000000000000e+00	   3.6551785751317107e+03	   2.1335756157177002e+03	   1.0000000000000000e+03	   3.4042208833895388e+03	   5.8801095065394286e+01	   5.0721126272748684e+01	   4.9930102139570423e+01	   5.7041748682909613e+01	   5.9161226263074113e+01	   5.5811251997656314e+01	   6.3482415687897024e+01	   7.9977422343048062e+01	   6.4203056056322851e+01	   7.3445583144957624e+01	   7.3811244233963919e+01	   6.7350992233009592e+01	   1.9639399631266432e+01	
   1.5692593217187760e+01	   4.5141180865802762e+03	   0.0000000000000000e+00	   3.6551785751317020e+03	   2.1335756157176997e+03	   1.0000000000000000e+03	   3.4042208833895584e+03	   5.8801095065394286e+01	   5.1811936207441583e+01	   4.9930102779643789e+01	   5.6236791690874199e+01	   5.9161226263074113e+01	   5.6849975054562691e+01	   6.3359724922330493e+01	   6.1871326108004517e+01	   6.4203056056322950e+01	   7.3385558365200708e+01	   7.7618825682476881e+01	   6.1955158199844355e+01	   1.9639399631266432e+01	
   1.5692593217187760e+01	   4.6287701588900272e+03	   0.0000000000000000e+00	   3.6551785751317107e+03	   2.1335756157176984e+03	   1.0000000000000000e+03	   3.4042208833895384e+03	   5.8801095065394286e+01	   5.1811936207441583e+01	   4.9930102779643789e+01	   5.6236791690874199e+01	   5.9161226263074113e+01	   5.6849975054562691e+01	   6.3743648292974534e+01	   6.1871326108004517e+01	   6.4203056056322836e+01	   7.3385558365200708e+01	   7.6103142886281177e+01	   7.7787171766476817e+01	   1.9639399631266432e+01	
   1.5136019322395432e+01	   4.8220981943727866e+03	   0.0000000000000000e+00	   3.6551785751317107e+03	   2.1335756157176993e+03	   1.0000000000000000e+03	   3.4042208833895334e+03	   5.8801095065394286e+01	   5.3215474229260522e+01	   4.9930102363826215e+01	   5.6432600046911027e+01	   5.9161300518145474e+01	   5.5852291877574437e+01	   6.3665432212241839e+01	   7.1282170119316035e+01	   6.4203056056322851e+01	   7.3172251837166556e+01	   7.5831071926619160e+01	   6.7170820230184958e+01	   1.9639399585209251e+01	
   1.4198343773001024e+01	   4.5475743757847831e+03	   0.0000000000000000e+00	   3.6551785751317107e+03	   2.1335756157176993e+03	   1.0000000000000000e+03	   3.4042208833895393e+03	   5.8757927551391710e+01	   5.0845825729808666e+01	   4.9930101347575295e+01	   5.6470016782220220e+01	   5.9160791080831657e+01	   5.6361252197723580e+01	   6.3765950674433626e+01	   6.5088724404196256e+01	   6.4203056056322836e+01	   7.2972096156816775e+01	   7.4808036079871812e+01	   6.7434093911832917e+01	   1.9639399472449767e+01	
   1.4044583058753949e+01	   4.8629632876716751e+03	   0.0000000000000000e+00	   3.6551785751317107e+03	   2.1335756157176997e+03	   1.0000000000000000e+03	   3.4042208833895384e+03	   5.8801095065394286e+01	   5.0857503221078467e+01	   4.9930101693753649e+01	   5.6236791690874199e+01	   5.9161044115242277e+01	   5.5947798933211402e+01	   6.3518273470847930e+01	   6.3408810805770983e+01	   6.4203056056322851e+01	   7.3445380828934319e+01	   7.5251548578956076e+01	   6.7350992233009592e+01	   1.9639399110283819e+01	
   1.3943419903583266e+01	   4.9210423127957092e+03	   0.0000000000000000e+00	   3.6551785751317107e+03	   2.1335756157177002e+03	   1.0000000000000000e+03	   3.4042208833895347e+03	   5.8801095065394286e+01	   5.0735733172556060e+01	   4.9628801103594810e+01	   5.6236791690874199e+01	   5.9161226263074113e+01	   5.5394178606327579e+01	   6.3673797887740832e+01	   6.3873444923864305e+01	   6.4203056056322851e+01	   7.1423037818886655e+01	   7.5307650047228250e+01	   6.6598426673499588e+01	   1.9639399631266432e+01	
   1.5692593217187760e+01	   4.8130656235449533e+03	   0.0000000000000000e+00	   3.6551785751317107e+03	   2.1335756157176993e+03	   1.0000000000000000e+03	   3.4042208833895379e+03	   5.8801095065394286e+01	   5.0888207116211142e+01	   4.9795364912259117e+01	   5.6236791690874199e+01	   5.9161226263074113e+01	   5.5394178606327579e+01	   6.3268642221243212e+01	   7.9977422343048062e+01	   6.4203056056322836e+01	   7.3385558365200708e+01	   7.5307650047228250e+01	   6.7350992233009592e+01	   1.9639399631266432e+01	
   1.5692593217187760e+01	   4.9393016524273989e+03	   0.0000000000000000e+00	   3.6551785751317107e+03	   2.1335756157176997e+03	   1.0000000000000000e+03	   3.4042208833895384e+03	   5.8801095065394286e+01	   5.0438386175232736e+01	   4.9838602226687982e+01	   5.6236791690874199e+01	   5.9161226263074113e+01	   5.5947798933211402e+01	   6.3797433240245709e+01	   6.1871326108004517e+01	   6.4203056056322836e+01	   7.3445380828934319e+01	   7.6103142886281177e+01	   6.2198257012102118e+01	   1.9639399631266432e+01	
   1.4162294884491571e+01	   4.8045659520533636e+03	   0.0000000000000000e+00	   3.6551785751317111e+03	   2.1335756157176997e+03	   1.0000000000000000e+03	   3.4042208833895384e+03	   5.8801095065394286e+01	   5.0065837832132985e+01	   4.9930101685523006e+01	   5.6704791113339866e+01	   5.9162177863721915e+01	   5.5892841008881305e+01	   6.3556347835886712e+01	   6.3395270539995437e+01	   6.4203056056322950e+01	   7.3444524982341434e+01	   7.2269757425155788e+01	   6.6981412493466408e+01	   1.9639399513600939e+01	
   1.3874734088372700e+01	   4.7373981888137232e+03	   0.0000000000000000e+00	   3.6551785751317107e+03	   2.1335756157176997e+03	   1.0000000000000000e+03	   3.4042208833895384e+03	   5.8801095065394286e+01	   5.0866722998876050e+01	   4.9930102042739406e+01	   5.6236791690874199e+01	   5.9161226263074113e+01	   5.5947798933211402e+01	   6.3518273470847930e+01	   6.2954996378457238e+01	   6.4203056056322851e+01	   7.3385558365200708e+01	   7.5307650047228250e+01	   6.7350992233009592e+01	   1.9639399181721064e+01	
   1.3737263460130873e+01	   4.8284143270467539e+03	   0.0000000000000000e+00	   3.6551785751317107e+03	   2.1335756157176993e+03	   1.0000000000000000e+03	   3.4042208833895347e+03	   5.8801095065394286e+01	   5.0735733172556060e+01	   4.9628801103594810e+01	   5.6236791690874199e+01	   5.9161226263074113e+01	   5.6597967839430019e+01	   6.3793807151383682e+01	   6.1261644527472207e+01	   6.4203056056322865e+01	   7.2340139251783185e+01	   7.6103142886281177e+01	   6.6030503503461489e+01	   1.9639399325602596e+01	
   1.5504840190171048e+01	   4.8884559855575299e+03	   0.0000000000000000e+00	   3.6551785751317107e+03	   2.1335756157176997e+03	   1.0000000000000000e+03	   3.4042208833895384e+03	   5.8801095065394286e+01	   5.1010245617369492e+01	   4.9930102384464092e+01	   5.6236791690874199e+01	   5.9161226263074113e+01	   5.5947798933211402e+01	   6.3685628638493370e+01	   7.5406002326935706e+01	   6.4203056056322836e+01	   7.3047874796142892e+01	   7.5307650047228250e+01	   6.7415819468670747e+01	   1.9639399162924271e+01	
   1.6123216202996730e+01	   4.5808668772569408e+03	   0.0000000000000000e+00	   3.6551785751317120e+03	   2.1335756157176997e+03	   1.0000000000000000e+03	   3.4042208833895420e+03	   5.8801095065394286e+01	   5.1843963648556034e+01	   4.9930101994708401e+01	   5.6943578624146404e+01	   5.9162643704782155e+01	   5.5434198213837682e+01	   6.3636265738265934e+01	   6.2889101945939757e+01	   6.4203056056322851e+01	   7.2782049526943908e+01	   7.6944444232111536e+01	   6.8693123482779541e+01	   1.9639399882240234e+01	
   1.5456665320755455e+01	   4.6180182179071326e+03	   0.0000000000000000e+00	   3.6551785751317111e+03	   2.1335756157176979e+03	   1.0000000000000000e+03	   3.4042208833895334e+03	   5.8801095065394286e+01	   5.2339432824643261e+01	   4.9930103696341547e+01	   5.6106533428176036e+01	   5.9159010746568939e+01	   5.7303234846731897e+01	   6.3890739521343058e+01	   6.0106930055502048e+01	   6.4203056056322836e+01	   7.3204842452130904e+01	   7.5704908993448711e+01	   7.9893069944497952e+01	   1.9639400588960527e+01	
   1.4353965630342028e+01	   4.8408887703560149e+03	   0.0000000000000000e+00	   3.6551785751317107e+03	   2.1335756157176988e+03	   1.0000000000000000e+03	   3.4042208833895384e+03	   5.8801095065394286e+01	   5.0594026215246750e+01	   4.9930103714338884e+01	   5.6865869134320690e+01	   5.9161226263074113e+01	   5.5792689917237965e+01	   6.3442270449474385e+01	   6.7150032735436838e+01	   6.4203056056322779e+01	   7.3410108281319367e+01	   7.5146452734071147e+01	   6.5129622322263046e+01	   1.9639396375927220e+01	
   1.4164911814703238e+01	   4.7138356136675065e+03	   0.0000000000000000e+00	   3.6551785751317107e+03	   2.1335756157176984e+03	   1.0000000000000000e+03	   3.4042208833895324e+03	   5.8801095065394286e+01	   5.1178350131633124e+01	   4.9982857077769104e+01	   5.6236791690874199e+01	   5.9161226263074113e+01	   5.5533865639866832e+01	   6.3518273470847930e+01	   6.1261644527472207e+01	   6.4203056056322851e+01	   7.3385558365200708e+01	   7.5307650047228250e+01	   7.0024669583760470e+01	   1.9639399181721064e+01	
   1.3943419903583266e+01	   4.9672038877180348e+03	   0.0000000000000000e+00	   3.6551785751317107e+03	   2.1335756157176997e+03	   1.0000000000000000e+03	   3.4042208833895384e+03	   5.8801095065394286e+01	   5.0743751489554555e+01	   4.9930101693753649e+01	   5.6236791690874199e+01	   5.9161226263074113e+01	   5.5394178606327579e+01	   6.3673797887740832e+01	   7.9977422343048062e+01	   6.4203056056322851e+01	   7.1423037818886655e+01	   7.5307650047228250e+01	   6.2198257012102118e+01	   1.9639399728924808e+01	
   1.5692593217187760e+01	   4.6131120565083611e+03	   0.0000000000000000e+00	   3.6551785751317107e+03	   2.1335756157176997e+03	   1.0000000000000000e+03	   3.4042208833895384e+03	   5.8801095065394286e+01	   5.0743751489554555e+01	   4.9930102447356205e+01	   5.6236791690874199e+01	   5.9161226263074113e+01	   5.6849975054562691e+01	   6.3268642221243212e+01	   6.2695362929471699e+01	   6.4203056056322836e+01	   7.3396483544204969e+01	   7.5307650047228250e+01	   6.2198257012102118e+01	   1.9639399631266432e+01	
   1.6203689568948505e+01	   4.8002342242679515e+03	   0.0000000000000000e+00	   3.6551785751317111e+03	   2.1335756157176988e+03	   1.0000000000000000e+03	   3.4042208833895411e+03	   5.8801095065394286e+01	   5.0799139021350520e+01	   4.9930103985640621e+01	   5.6148019770324154e+01	   5.9161596208865930e+01	   5.4617598794966383e+01	   6.3660308665088564e+01	   6.5709537504002498e+01	   6.4203056056322851e+01	   7.2947601588039475e+01	   7.5820057852619584e+01	   6.4446683283802955e+01	   1.9639403847763369e+01	
   1.5692593217187760e+01	   4.6996976310486971e+03	   0.0000000000000000e+00	   3.6551785751317107e+03	   2.1335756157176997e+03	   1.0000000000000000e+03	   3.4042208833895265e+03	   5.8801095065394286e+01	   5.1811936207441583e+01	   4.9930101693753649e+01	   5.6236791690874199e+01	   5.9161226263074113e+01	   5.7046564036404035e+01	   6.3518273470847930e+01	   7.9977422343048062e+01	   6.4203056056322836e+01	   7.3385558365200708e+01	   7.6103142886281177e+01	   6.6598426673499588e+01	   1.9639396671634621e+01	
   1.4494287497054327e+01	   4.5024416367175845e+03	   0.0000000000000000e+00	   3.6551785751317107e+03	   2.1335756157176993e+03	   1.0000000000000000e+03	   3.4042208833895406e+03	   5.8801095065394286e+01	   5.2311871106665791e+01	   4.9930103576314572e+01	   5.8217721622036066e+01	   5.9161236578719027e+01	   5.8585238645522551e+01	   6.3522882426952066e+01	   7.0191512548450390e+01	   6.4203056056322794e+01	   7.3381048817938620e+01	   7.5275086078402055e+01	   6.7691316045418304e+01	   1.9639400042479792e+01	
   1.7605590809944580e+01	   4.5673818157602509e+03	   0.0000000000000000e+00	   3.6551785751317107e+03	   2.1335756157176997e+03	   1.0000000000000000e+03	   3.4042208833895384e+03	   5.8801095065394286e+01	   5.0688274151195913e+01	   4.9930101693753649e+01	   5.6236791690874199e+01	   5.9161226263074113e+01	   5.6197807314429042e+01	   6.3703759039554846e+01	   7.9977422343048062e+01	   6.4203056056322765e+01	   7.2121241399825692e+01	   7.5307650047228250e+01	   6.2198257012102118e+01	   1.9639399181721064e+01	
   1.5504840190171048e+01	   4.9107829271716018e+03	   0.0000000000000000e+00	   3.6551785751317107e+03	   2.1335756157176993e+03	   1.0000000000000000e+03	   3.4042208833895388e+03	   5.8801095065394286e+01	   5.0438386175232736e+01	   4.9628801103594810e+01	   5.6236791690874199e+01	   5.9161226263074113e+01	   5.6849975054562691e+01	   6.3518273470847930e+01	   7.9977422343048062e+01	   6.4203056056322836e+01	   7.3445380828934319e+01	   7.5307650047228250e+01	   6.2198257012102118e+01	   1.9639399631266432e+01	
   1.4250921042219098e+01	   4.4159219907471333e+03	   0.0000000000000000e+00	   3.6551785751317107e+03	   2.1335756157176997e+03	   1.0000000000000000e+03	   3.4042208833895347e+03	   5.8801095065394286e+01	   5.0712053458312340e+01	   4.9930103673914672e+01	   5.5531073890629600e+01	   5.9161226263074113e+01	   5.7017835008407992e+01	   6.3743648292974534e+01	   6.0733594957589460e+01	   6.4203056056322851e+01	   7.3549065238533558e+01	   7.5307650047228250e+01	   6.4976774021677613e+01	   1.9639398642581821e+01	
   1.3943419903583266e+01	   4.7388568073308097e+03	   0.0000000000000000e+00	   3.6551785751317107e+03	   2.1335756157176997e+03	   1.0000000000000000e+03	   3.4042208833895388e+03	   5.8801095065394286e+01	   5.0866722998876050e+01	   4.9930101946994107e+01	   5.7297872455417952e+01	   5.9161044115242277e+01	   5.5787244316425998e+01	   6.3726405912610147e+01	   7.9977422343048062e+01	   6.4203056056322822e+01	   7.3466978585869057e+01	   7.5251548578956076e+01	   7.3382658223644469e+01	   1.9639399110283819e+01	
   1.6261928707115075e+01	   4.5204538350150779e+03	   0.0000000000000000e+00	   3.6551785751317107e+03	   2.1335756157177002e+03	   1.0000000000000000e+03	   3.4042208833895324e+03	   5.8801095065394286e+01	   5.1259313387029124e+01	   4.9930103886105925e+01	   5.6236791690874199e+01	   5.9567083659733406e+01	   5.6254565676155003e+01	   6.3518273470847930e+01	   6.0378301282275800e+01	   6.4203056056322879e+01	   7.3396483544204969e+01	   6.7976378468556305e+01	   6.4587031693037886e+01	   1.9639398463565964e+01	
   1.5692593217187760e+01	   4.5484824858463398e+03	   0.0000000000000000e+00	   3.6551785751317138e+03	   2.1335756157176997e+03	   1.0000000000000000e+03	   3.4042208833895384e+03	   5.8801095065394286e+01	   5.0866722998876050e+01	   4.9930102042739406e+01	   5.6236791690874199e+01	   5.9161226263074113e+01	   5.5947798933211402e+01	   6.3619508295006867e+01	   7.4637919763345963e+01	   6.4203056056322851e+01	   7.3385558365200708e+01	   7.6103142886281177e+01	   6.7350992233009592e+01	   1.9639396671634621e+01	
   1.3943419903583266e+01	   4.4909380177190451e+03	   0.0000000000000000e+00	   3.6551785751317125e+03	   2.1335756157176984e+03	   1.0000000000000000e+03	   3.4042208833895384e+03	   5.8801095065394286e+01	   5.0719254254054093e+01	   4.9930101693753649e+01	   5.6756939831550184e+01	   5.9161226263074113e+01	   5.5394178606327579e+01	   6.3523046424300418e+01	   7.3346781993993275e+01	   6.4203056056322822e+01	   7.2288186085928075e+01	   7.5307650047228250e+01	   6.7413761083284001e+01	   1.9639398540652657e+01	
   1.4319659817999272e+01	   4.7195459731834453e+03	   0.0000000000000000e+00	   3.6551785751317107e+03	   2.1335756157176997e+03	   1.0000000000000000e+03	   3.4042208833895384e+03	   5.8801095065394286e+01	   5.0640715540413879e+01	   4.9795364912259117e+01	   5.6236791690874199e+01	   5.9161226263074113e+01	   5.5394178606327579e+01	   6.3534021916967653e+01	   7.4637919763345963e+01	   6.4203056056322851e+01	   7.3445380828934319e+01	   7.5307650047228250e+01	   6.7350992233009592e+01	   1.9639398642581821e+01	
   1.5504840190171048e+01	   4.9393016524273989e+03	   0.0000000000000000e+00	   3.6551785751317107e+03	   2.1335756157176997e+03	   1.0000000000000000e+03	   3.4042208833895388e+03	   5.8801095065394286e+01	   5.0438386175232736e+01	   4.9628801103594810e+01	   5.6236791690874199e+01	   5.9160394129944549e+01	   5.5947798933211402e+01	   6.3797433240245709e+01	   6.3501915104974898e+01	   6.4203056056322836e+01	   7.3445380828934319e+01	   7.5307650047228250e+01	   6.2198257012102118e+01	   1.9639399329769724e+01	
   1.7605590809944580e+01	   4.6339870541005967e+03	   0.0000000000000000e+00	   3.6551785751317107e+03	   2.1335756157176997e+03	   1.0000000000000000e+03	   3.4042208833895384e+03	   5.8801095065394286e+01	   5.0688274151195913e+01	   4.9930101693753649e+01	   5.6916601383627871e+01	   5.9161226263074113e+01	   5.6197807314429042e+01	   6.3703759039554846e+01	   6.2954996378457238e+01	   6.4203056056322765e+01	   7.2121241399825692e+01	   7.5307650047228250e+01	   6.2198257012102118e+01	   1.9639399181721064e+01	
   1.3943419903583266e+01	   4.5673818157602509e+03	   0.0000000000000000e+00	   3.6551785751317107e+03	   2.1335756157176997e+03	   1.0000000000000000e+03	   3.4042208833895370e+03	   5.8801095065394286e+01	   5.0888207116211142e+01	   4.9930101693753649e+01	   5.6236791690874199e+01	   5.9161226263074113e+01	   5.5947798933211402e+01	   6.3743648292974534e+01	   7.9977422343048062e+01	   6.4203056056322836e+01	   7.1997296104441276e+01	   7.5307650047228250e+01	   6.2198257012102118e+01	   1.9639399728924808e+01	
   1.5005579694168887e+01	   4.6557983166710283e+03	   0.0000000000000000e+00	   3.6551785751317102e+03	   2.1335756157176993e+03	   1.0000000000000000e+03	   3.4042208833895379e+03	   5.8801095065394286e+01	   5.0620435498869192e+01	   4.9912862460197609e+01	   5.6859633707774393e+01	   5.9161226263074113e+01	   5.5759102521450394e+01	   6.3686705397160615e+01	   6.8892930902700073e+01	   6.4203056056322851e+01	   7.2723610456324977e+01	   7.5307650047228250e+01	   6.4744878370558013e+01	   1.9639399738164524e+01	
   1.4125803299979978e+01	   4.9720681558448860e+03	   0.0000000000000000e+00	   3.6551785751317107e+03	   2.1335756157176997e+03	   1.0000000000000000e+03	   3.4042208833895425e+03	   5.8801095065394286e+01	   5.0848041865986872e+01	   4.9930101254563716e+01	   5.6631740221028572e+01	   5.9160041693151818e+01	   5.6195410646222136e+01	   6.3760514376646753e+01	   6.4822978896785173e+01	   6.4203056056322865e+01	   7.2774021669894154e+01	   7.5408822607309176e+01	   6.8372541131262750e+01	   1.9639398275589866e+01	
   1.5117214397159124e+01	   4.7615689409603701e+03	   0.0000000000000000e+00	   3.6551785751317107e+03	   2.1335756157176993e+03	   1.0000000000000000e+03	   3.4042208833895384e+03	   5.8801095065394286e+01	   5.2667635299942752e+01	   4.9930103090006597e+01	   5.6645267526269862e+01	   5.9161296340404320e+01	   5.5193414128120793e+01	   6.3650153372105386e+01	   6.8509811702464802e+01	   6.4203056056322865e+01	   7.3036986565353075e+01	   7.5797609321740850e+01	   6.5883275227537482e+01	   1.9639402157099379e+01	
   1.5692593217187760e+01	   4.6131120565083611e+03	   0.0000000000000000e+00	   3.6551785751317107e+03	   2.1335756157176997e+03	   1.0000000000000000e+03	   3.4042208833895384e+03	   5.8801095065394286e+01	   5.0743751489554555e+01	   4.9930102447356205e+01	   5.6236791690874199e+01	   5.9161226263074113e+01	   5.6849975054562691e+01	   6.3268642221243212e+01	   6.2695362929471699e+01	   6.4203056056322836e+01	   7.3396483544204969e+01	   7.5307650047228250e+01	   6.2198257012102118e+01	   1.9639399631266432e+01	
   1.5504840190171048e+01	   4.5937840566922468e+03	   0.0000000000000000e+00	   3.6551785751317107e+03	   2.1335756157176997e+03	   1.0000000000000000e+03	   3.4042208833895406e+03	   5.9412103475687559e+01	   5.1010245617369492e+01	   4.9930103673914672e+01	   5.5531073890629600e+01	   5.9161226263074113e+01	   5.7017835008407992e+01	   6.3743648292974534e+01	   6.0569682058526119e+01	   6.4203056056322851e+01	   7.3047874796142892e+01	   7.5307650047228250e+01	   6.7350992233009592e+01	   1.9639399181721064e+01	
   1.6216394367067579e+01	   4.8235154338656594e+03	   0.0000000000000000e+00	   3.6551785751317111e+03	   2.1335756157176984e+03	   1.0000000000000000e+03	   3.4042208833895411e+03	   5.8801095065394286e+01	   5.0795301189100144e+01	   4.9930103990967282e+01	   5.6146405932831442e+01	   5.9161602934330311e+01	   5.4577015100446118e+01	   6.3664441890874819e+01	   6.7136815616847898e+01	   6.4203056056322836e+01	   7.2945778661806173e+01	   7.5925905929299844e+01	   6.1416474872042457e+01	   1.9639403923749239e+01	
   1.3794745487161023e+01	   4.8447609539626383e+03	   0.0000000000000000e+00	   3.6551785751317107e+03	   2.1335756157176997e+03	   1.0000000000000000e+03	   3.4042208833895406e+03	   5.8801095065394286e+01	   5.0747412508383718e+01	   4.9930102779643789e+01	   5.4914830645046337e+01	   5.9161226263074113e+01	   5.7088100933544673e+01	   6.3518273470847930e+01	   7.9977422343048062e+01	   6.4203056056322851e+01	   7.3445583144957624e+01	   7.5307650047228250e+01	   6.7350992233009592e+01	   1.9639398642581821e+01	
   1.4538953561580730e+01	   4.6105448724524522e+03	   0.0000000000000000e+00	   3.6551785751317107e+03	   2.1335756157176993e+03	   1.0000000000000000e+03	   3.4042208833895397e+03	   5.8801095065394286e+01	   5.1832904884528752e+01	   4.9930103377664423e+01	   5.6444035045471715e+01	   5.9161261817346201e+01	   5.8061396626231264e+01	   6.3585183752368280e+01	   7.1528777038555646e+01	   6.4203056056322851e+01	   7.3214089988922140e+01	   7.5556234650936318e+01	   6.7591876724543482e+01	   1.9639403043568009e+01	
   1.7605590809944580e+01	   4.4513488811754178e+03	   0.0000000000000000e+00	   3.6551785751317107e+03	   2.1335756157176997e+03	   1.0000000000000000e+03	   3.4042208833895384e+03	   5.8801095065394286e+01	   5.0688274151195913e+01	   4.9930101693753649e+01	   5.6916601383627871e+01	   5.9161226263074113e+01	   5.5947798933211402e+01	   6.3743648292974534e+01	   6.3039931933811701e+01	   6.4203056056322836e+01	   7.2121241399825692e+01	   7.5307650047228250e+01	   6.7350992233009592e+01	   1.9639400729756598e+01	
   1.3836680541697678e+01	   4.7442028126532668e+03	   0.0000000000000000e+00	   3.6551785751317107e+03	   2.1335756157177002e+03	   1.0000000000000000e+03	   3.4042208833895384e+03	   5.8801095065394286e+01	   5.0735733172556060e+01	   4.9930102139570423e+01	   5.6236791690874199e+01	   5.9161226263074113e+01	   5.5811251997656314e+01	   6.3518273470847930e+01	   7.9977422343048062e+01	   6.4203056056322851e+01	   7.1423037818886655e+01	   7.5307650047228250e+01	   6.6598426673499588e+01	   1.9639399631266432e+01	
   1.5504840190171048e+01	   4.6464324656289245e+03	   0.0000000000000000e+00	   3.6551785751317107e+03	   2.1335756157176997e+03	   1.0000000000000000e+03	   3.4042208833895384e+03	   5.8801095065394286e+01	   5.1811936207441583e+01	   4.9930101693753649e+01	   5.6236791690874199e+01	   5.9161226263074113e+01	   5.5947798933211402e+01	   6.3518273470847930e+01	   7.9977422343048062e+01	   6.4203056056322851e+01	   7.3445380828934319e+01	   7.6103142886281177e+01	   6.7350992233009592e+01	   1.9639396671634621e+01	
   1.3943419903583266e+01	   4.8206551369916251e+03	   0.0000000000000000e+00	   3.6551785751317079e+03	   2.1335756157176988e+03	   1.0000000000000000e+03	   3.4042208833895388e+03	   5.9412103475687559e+01	   5.0704042095557021e+01	   4.9628801103594810e+01	   5.6236791690874199e+01	   5.9161226263074113e+01	   5.5947798933211402e+01	   6.3518273470847930e+01	   7.9977422343048062e+01	   6.4203056056322851e+01	   7.3445583144957624e+01	   7.3811244233963919e+01	   6.7350992233009592e+01	   1.9639399631266432e+01	
   1.2351982344035134e+01	   4.5079258289685677e+03	   0.0000000000000000e+00	   3.6551785751317116e+03	   2.1335756157176997e+03	   1.0000000000000000e+03	   3.4042208833895384e+03	   5.8801095065394286e+01	   5.0866722998876050e+01	   4.9982857077769104e+01	   5.6236791690874199e+01	   5.9161226263074113e+01	   5.5533865639866832e+01	   6.3619508295006867e+01	   7.4638064629273316e+01	   6.4203056056322851e+01	   7.1222559385075300e+01	   7.6103142886281177e+01	   6.7030977154268427e+01	   1.9639397630804346e+01	
   1.5504840190171048e+01	   4.9549102817902076e+03	   0.0000000000000000e+00	   3.6551785751317107e+03	   2.1335756157176997e+03	   1.0000000000000000e+03	   3.4042208833895384e+03	   5.8801095065394286e+01	   5.1010245617369492e+01	   4.9930102030189495e+01	   5.6236791690874199e+01	   5.9161226263074113e+01	   5.5947798933211402e+01	   6.3734826374166062e+01	   7.9977422343048062e+01	   6.4203056056322836e+01	   7.1997296104441276e+01	   7.5307650047228250e+01	   6.2198257012102118e+01	   1.9639399668029338e+01	
   1.7605590809944580e+01	   4.6669882931343109e+03	   0.0000000000000000e+00	   3.6551785751317116e+03	   2.1335756157176997e+03	   1.0000000000000000e+03	   3.4042208833895475e+03	   5.8801095065394286e+01	   5.1811936207441583e+01	   4.9930101693753649e+01	   5.6236791690874199e+01	   5.9161226263074113e+01	   5.5947798933211402e+01	   6.3792946377896840e+01	   6.4444596481946505e+01	   6.4203056056322822e+01	   7.1423037818886655e+01	   7.5307650047228250e+01	   6.7350992233009592e+01	   1.9639399631266432e+01	
   1.6261928707115075e+01	   4.8983962877681861e+03	   0.0000000000000000e+00	   3.6551785751317107e+03	   2.1335756157176997e+03	   1.0000000000000000e+03	   3.4042208833895384e+03	   5.8801095065394286e+01	   5.0866722998876050e+01	   4.9930103673914672e+01	   5.6236791690874199e+01	   5.9161226263074113e+01	   5.5947798933211402e+01	   6.3518273470847930e+01	   7.4637919763345963e+01	   6.4203056056322851e+01	   7.3396483544204969e+01	   7.6103142886281177e+01	   6.7350992233009592e+01	   1.9639403956515718e+01	
   1.3900469523870886e+01	   4.9287836968413549e+03	   0.0000000000000000e+00	   3.6551785751317107e+03	   2.1335756157176997e+03	   1.0000000000000000e+03	   3.4042208833895384e+03	   5.8801095065394286e+01	   5.1811936207441583e+01	   4.9930101693753649e+01	   5.6236791690874199e+01	   5.9161226263074113e+01	   5.5947798933211402e+01	   6.3619508295006867e+01	   7.4637919763345963e+01	   6.4203056056322851e+01	   7.3385558365200708e+01	   7.6103142886281177e+01	   6.7350992233009592e+01	   1.9639396671634621e+01	
   1.5692593217187760e+01	   4.4431921537478074e+03	   0.0000000000000000e+00	   3.6551785751317107e+03	   2.1335756157176997e+03	   1.0000000000000000e+03	   3.4042208833895384e+03	   5.8801095065394286e+01	   5.0729654877594982e+01	   4.9930102042739406e+01	   5.6236791690874199e+01	   5.9161226263074113e+01	   5.6849975054562691e+01	   6.3619508295006867e+01	   7.4637919763345963e+01	   6.4203056056322851e+01	   7.3445380828934319e+01	   7.6103142886281177e+01	   6.7350992233009592e+01	   1.9639399631266432e+01	
   1.4479488595211258e+01	   4.5783863856971420e+03	   0.0000000000000000e+00	   3.6551785751317111e+03	   2.1335756157176993e+03	   1.0000000000000000e+03	   3.4042208833895393e+03	   5.9194329592156450e+01	   5.0731088800084279e+01	   4.9930102123404353e+01	   5.6460349131092727e+01	   5.9161301852529583e+01	   5.5450115016062661e+01	   6.3764542530845446e+01	   6.7105690334506662e+01	   6.4203056056322851e+01	   7.3216147781099679e+01	   7.4533954046245057e+01	   6.5802121918781552e+01	   1.9639400598598691e+01	
