  -8.2938451823497377e+06	   3.0791827318798488e+02	
  -8.3899307314630356e+06	   3.0824720363044469e+02	
  -8.3855328628935646e+06	   3.0823214359802148e+02	
  -8.2907573924900964e+06	   3.0790770635676552e+02	
  -8.3130157826784942e+06	   3.0798388262895094e+02	
  -8.2593890285350829e+06	   3.0780037231590615e+02	
  -8.3565110351084322e+06	   3.0813277294524863e+02	
  -8.3304175015916377e+06	   3.0804344578390612e+02	
  -8.3276902530949730e+06	   3.0803411040253047e+02	
  -8.3719987293161247e+06	   3.0818580028435019e+02	
  -8.2510905559029281e+06	   3.0777198106784579e+02	
  -8.3238583676137859e+06	   3.0802099414924680e+02	
  -8.3608392881075796e+06	   3.0814759160651204e+02	
  -8.4058733714663479e+06	   3.0830180139486936e+02	
  -8.3303710492122620e+06	   3.0804328682140442e+02	
  -8.4047233209136799e+06	   3.0829786262143517e+02	
  -8.3499922877176162e+06	   3.0811045552201483e+02	
  -8.3396831302060029e+06	   3.0807516345266367e+02	
  -8.3368063669681326e+06	   3.0806531558809382e+02	
  -8.3657775447228029e+06	   3.0816449928413027e+02	
  -8.3644983951458428e+06	   3.0816011972637421e+02	
  -8.3680479997808924e+06	   3.0817227309749620e+02	
  -8.3917223168337774e+06	   3.0825333885537890e+02	
  -8.3788768508009370e+06	   3.0820935167534549e+02	
  -8.2605541619162653e+06	   3.0780435865671399e+02	
  -8.2825417507851142e+06	   3.0787959239893144e+02	
  -8.2639313075441103e+06	   3.0781591333021697e+02	
  -8.3179721266760733e+06	   3.0800084662312662e+02	
  -8.2750781556086652e+06	   3.0785405333717659e+02	
  -8.3667236347611230e+06	   3.0816773858961227e+02	
  -8.2781830817046110e+06	   3.0786467767276741e+02	
  -8.3080182274239063e+06	   3.0796677818662090e+02	
  -8.3425740579648428e+06	   3.0808505985993793e+02	
  -8.3644983951458093e+06	   3.0816011972637421e+02	
  -8.3792965019981284e+06	   3.0821078867404043e+02	
  -8.4056808693239018e+06	   3.0830114205560494e+02	
  -8.3991700731815174e+06	   3.0827884424166467e+02	
  -8.2568347347689662e+06	   3.0779163322687873e+02	
  -8.2993065582991876e+06	   3.0793696331105423e+02	
  -8.4030581187564023e+06	   3.0829215967393236e+02	
  -8.3817141177854296e+06	   3.0821906708542144e+02	
  -8.3468247016583029e+06	   3.0809961140803836e+02	
  -8.2666118370571807e+06	   3.0782508473802437e+02	
  -8.3368063669681326e+06	   3.0806531558809382e+02	
  -8.2855229254755564e+06	   3.0788979380181263e+02	
  -8.3882469170240909e+06	   3.0824143756681559e+02	
  -8.2750781556086652e+06	   3.0785405333717659e+02	
  -8.3432856109178904e+06	   3.0808749582229399e+02	
  -8.2538134930912778e+06	   3.0778129679167569e+02	
  -8.3353658173617460e+06	   3.0806038433777093e+02	
  -8.3058996891397778e+06	   3.0795952750377171e+02	
  -8.3768980068974067e+06	   3.0820257579282514e+02	
  -8.3607792867780719e+06	   3.0814738618520960e+02	
  -8.3681360290021580e+06	   3.0817257449748672e+02	
  -8.3313222209078819e+06	   3.0804654268117804e+02	
  -8.2734110388327520e+06	   3.0784834895372319e+02	
  -8.2743633351198100e+06	   3.0785160749243829e+02	
  -8.3193827414385173e+06	   3.0800567482083568e+02	
  -8.3517316266999673e+06	   3.0811641024411887e+02	
  -8.3817141177854277e+06	   3.0821906708542144e+02	
  -8.3236470852246173e+06	   3.0802027092945713e+02	
  -8.2555106881737467e+06	   3.0778710336635925e+02	
  -8.3105621420938894e+06	   3.0797548488130769e+02	
  -8.3011060487558842e+06	   3.0794312174544581e+02	
  -8.2511730203982331e+06	   3.0777226322657179e+02	
  -8.4004906457930133e+06	   3.0828336678098020e+02	
  -8.2969924596404135e+06	   3.0792904382514342e+02	
  -8.3154168156083152e+06	   3.0799210055083182e+02	
  -8.2816137921190541e+06	   3.0787641701944835e+02	
  -8.3448501762240669e+06	   3.0809285180918454e+02	
  -8.2568347347689681e+06	   3.0779163322687873e+02	
  -8.3338891194883715e+06	   3.0805532939386688e+02	
  -8.3882469170240890e+06	   3.0824143756681559e+02	
  -8.3895512028998993e+06	   3.0824590395490878e+02	
  -8.3080182274239063e+06	   3.0796677818662090e+02	
  -8.2543857296019830e+06	   3.0778325451792176e+02	
  -8.2849930304978732e+06	   3.0788798051444968e+02	
  -8.3103827629964035e+06	   3.0797487086473740e+02	
  -8.3840969718546551e+06	   3.0822722664306406e+02	
  -8.4056808693239018e+06	   3.0830114205560494e+02	
  -8.2703559740925375e+06	   3.0783789558316943e+02	
  -8.2896547217805833e+06	   3.0790393291934686e+02	
  -8.3961937758463826e+06	   3.0826865154605497e+02	
  -8.2743633351198118e+06	   3.0785160749243829e+02	
  -8.3253389393839203e+06	   3.0802606196882948e+02	
  -8.3030828900609557e+06	   3.0794988722278691e+02	
