   4.0000000000000000e+01	   0.0000000000000000e+00	   0.0000000000000000e+00	   0.0000000000000000e+00	   0.0000000000000000e+00	
   3.5000000000000000e+01	   1.9000000000000000e+01	   0.0000000000000000e+00	   0.0000000000000000e+00	   0.0000000000000000e+00	
   2.4000000000000000e+01	   5.7000000000000000e+01	   0.0000000000000000e+00	   0.0000000000000000e+00	   0.0000000000000000e+00	
   1.1300000000000000e+02	   8.1000000000000000e+01	   0.0000000000000000e+00	   0.0000000000000000e+00	   0.0000000000000000e+00	
   1.0300000000000000e+02	   1.8000000000000000e+01	   0.0000000000000000e+00	   0.0000000000000000e+00	   0.0000000000000000e+00	
   4.4000000000000000e+01	   5.3000000000000000e+01	   0.0000000000000000e+00	   0.0000000000000000e+00	   0.0000000000000000e+00	
   8.8000000000000000e+01	   0.0000000000000000e+00	   0.0000000000000000e+00	   0.0000000000000000e+00	   0.0000000000000000e+00	
   3.5000000000000000e+01	   8.0000000000000000e+00	   0.0000000000000000e+00	   0.0000000000000000e+00	   0.0000000000000000e+00	
   1.5000000000000000e+01	   2.0000000000000000e+00	   0.0000000000000000e+00	   0.0000000000000000e+00	   0.0000000000000000e+00	
   3.5000000000000000e+01	   1.8000000000000000e+01	   0.0000000000000000e+00	   0.0000000000000000e+00	   0.0000000000000000e+00	
   5.6000000000000000e+01	   8.0000000000000000e+01	   0.0000000000000000e+00	   0.0000000000000000e+00	   0.0000000000000000e+00	
   2.4000000000000000e+01	   5.2000000000000000e+01	   0.0000000000000000e+00	   0.0000000000000000e+00	   0.0000000000000000e+00	
   4.3000000000000000e+01	   6.6000000000000000e+01	   0.0000000000000000e+00	   0.0000000000000000e+00	   0.0000000000000000e+00	
   6.4000000000000000e+01	   9.7000000000000000e+01	   0.0000000000000000e+00	   0.0000000000000000e+00	   0.0000000000000000e+00	
   4.1000000000000000e+01	   9.9000000000000000e+01	   0.0000000000000000e+00	   0.0000000000000000e+00	   0.0000000000000000e+00	
   4.0000000000000000e+00	   0.0000000000000000e+00	   0.0000000000000000e+00	   0.0000000000000000e+00	   0.0000000000000000e+00	
   5.0000000000000000e+00	   7.6000000000000000e+01	   0.0000000000000000e+00	   0.0000000000000000e+00	   0.0000000000000000e+00	
   1.2000000000000000e+02	   4.0000000000000000e+01	   0.0000000000000000e+00	   0.0000000000000000e+00	   0.0000000000000000e+00	
   5.2000000000000000e+01	   7.4000000000000000e+01	   0.0000000000000000e+00	   0.0000000000000000e+00	   0.0000000000000000e+00	
   1.3000000000000000e+01	   9.7000000000000000e+01	   0.0000000000000000e+00	   0.0000000000000000e+00	   0.0000000000000000e+00	
   1.0400000000000000e+02	   4.1000000000000000e+01	   0.0000000000000000e+00	   0.0000000000000000e+00	   0.0000000000000000e+00	
   7.3000000000000000e+01	   9.0000000000000000e+00	   0.0000000000000000e+00	   0.0000000000000000e+00	   0.0000000000000000e+00	
   4.2000000000000000e+01	   7.2000000000000000e+01	   0.0000000000000000e+00	   0.0000000000000000e+00	   0.0000000000000000e+00	
   4.3000000000000000e+01	   2.1000000000000000e+01	   0.0000000000000000e+00	   0.0000000000000000e+00	   0.0000000000000000e+00	
   7.8000000000000000e+01	   1.2000000000000000e+01	   0.0000000000000000e+00	   0.0000000000000000e+00	   0.0000000000000000e+00	
   1.5000000000000000e+01	   4.0000000000000000e+01	   0.0000000000000000e+00	   0.0000000000000000e+00	   0.0000000000000000e+00	
   8.7000000000000000e+01	   8.6000000000000000e+01	   0.0000000000000000e+00	   0.0000000000000000e+00	   0.0000000000000000e+00	
   1.0700000000000000e+02	   4.8000000000000000e+01	   0.0000000000000000e+00	   0.0000000000000000e+00	   0.0000000000000000e+00	
   5.5000000000000000e+01	   6.9000000000000000e+01	   0.0000000000000000e+00	   0.0000000000000000e+00	   0.0000000000000000e+00	
   1.0200000000000000e+02	   4.5000000000000000e+01	   0.0000000000000000e+00	   0.0000000000000000e+00	   0.0000000000000000e+00	
   5.9000000000000000e+01	   1.0200000000000000e+02	   0.0000000000000000e+00	   0.0000000000000000e+00	   0.0000000000000000e+00	
   9.5000000000000000e+01	   1.0100000000000000e+02	   0.0000000000000000e+00	   0.0000000000000000e+00	   0.0000000000000000e+00	
   2.6000000000000000e+01	   1.6000000000000000e+01	   0.0000000000000000e+00	   0.0000000000000000e+00	   0.0000000000000000e+00	
   7.3000000000000000e+01	   7.4000000000000000e+01	   0.0000000000000000e+00	   0.0000000000000000e+00	   0.0000000000000000e+00	
   3.3000000000000000e+01	   5.0000000000000000e+00	   0.0000000000000000e+00	   0.0000000000000000e+00	   0.0000000000000000e+00	
   1.1200000000000000e+02	   1.2100000000000000e+02	   0.0000000000000000e+00	   0.0000000000000000e+00	   0.0000000000000000e+00	
   1.4000000000000000e+01	   8.7000000000000000e+01	   0.0000000000000000e+00	   0.0000000000000000e+00	   0.0000000000000000e+00	
   9.7000000000000000e+01	   5.0000000000000000e+01	   0.0000000000000000e+00	   0.0000000000000000e+00	   0.0000000000000000e+00	
   7.4000000000000000e+01	   5.6000000000000000e+01	   0.0000000000000000e+00	   0.0000000000000000e+00	   0.0000000000000000e+00	
   4.3000000000000000e+01	   0.0000000000000000e+00	   0.0000000000000000e+00	   0.0000000000000000e+00	   0.0000000000000000e+00	
   8.4000000000000000e+01	   9.5000000000000000e+01	   0.0000000000000000e+00	   0.0000000000000000e+00	   0.0000000000000000e+00	
   5.2000000000000000e+01	   7.0000000000000000e+00	   0.0000000000000000e+00	   0.0000000000000000e+00	   0.0000000000000000e+00	
   5.0000000000000000e+01	   6.5000000000000000e+01	   0.0000000000000000e+00	   0.0000000000000000e+00	   0.0000000000000000e+00	
   8.5000000000000000e+01	   7.4000000000000000e+01	   0.0000000000000000e+00	   0.0000000000000000e+00	   0.0000000000000000e+00	
   5.4000000000000000e+01	   1.2300000000000000e+02	   0.0000000000000000e+00	   0.0000000000000000e+00	   0.0000000000000000e+00	
   9.9000000000000000e+01	   5.5000000000000000e+01	   0.0000000000000000e+00	   0.0000000000000000e+00	   0.0000000000000000e+00	
   1.0100000000000000e+02	   5.6000000000000000e+01	   0.0000000000000000e+00	   0.0000000000000000e+00	   0.0000000000000000e+00	
   1.1300000000000000e+02	   4.0000000000000000e+01	   0.0000000000000000e+00	   0.0000000000000000e+00	   0.0000000000000000e+00	
   1.2300000000000000e+02	   9.9000000000000000e+01	   0.0000000000000000e+00	   0.0000000000000000e+00	   0.0000000000000000e+00	
   3.0000000000000000e+01	   1.6000000000000000e+01	   0.0000000000000000e+00	   0.0000000000000000e+00	   0.0000000000000000e+00	
   1.0900000000000000e+02	   0.0000000000000000e+00	   0.0000000000000000e+00	   0.0000000000000000e+00	   0.0000000000000000e+00	
   8.5000000000000000e+01	   1.1200000000000000e+02	   0.0000000000000000e+00	   0.0000000000000000e+00	   0.0000000000000000e+00	
   4.3000000000000000e+01	   6.5000000000000000e+01	   0.0000000000000000e+00	   0.0000000000000000e+00	   0.0000000000000000e+00	
   6.2000000000000000e+01	   1.0000000000000000e+02	   0.0000000000000000e+00	   0.0000000000000000e+00	   0.0000000000000000e+00	
   8.0000000000000000e+00	   8.0000000000000000e+01	   0.0000000000000000e+00	   0.0000000000000000e+00	   0.0000000000000000e+00	
   9.4000000000000000e+01	   8.5000000000000000e+01	   0.0000000000000000e+00	   0.0000000000000000e+00	   0.0000000000000000e+00	
   1.1800000000000000e+02	   8.2000000000000000e+01	   0.0000000000000000e+00	   0.0000000000000000e+00	   0.0000000000000000e+00	
   1.1600000000000000e+02	   4.2000000000000000e+01	   0.0000000000000000e+00	   0.0000000000000000e+00	   0.0000000000000000e+00	
   6.0000000000000000e+01	   5.9000000000000000e+01	   0.0000000000000000e+00	   0.0000000000000000e+00	   0.0000000000000000e+00	
   4.9000000000000000e+01	   1.1200000000000000e+02	   0.0000000000000000e+00	   0.0000000000000000e+00	   0.0000000000000000e+00	
   3.9000000000000000e+01	   1.0700000000000000e+02	   0.0000000000000000e+00	   0.0000000000000000e+00	   0.0000000000000000e+00	
   4.7000000000000000e+01	   9.0000000000000000e+00	   0.0000000000000000e+00	   0.0000000000000000e+00	   0.0000000000000000e+00	
   9.7000000000000000e+01	   5.1000000000000000e+01	   0.0000000000000000e+00	   0.0000000000000000e+00	   0.0000000000000000e+00	
   3.3000000000000000e+01	   3.0000000000000000e+01	   0.0000000000000000e+00	   0.0000000000000000e+00	   0.0000000000000000e+00	
   1.4000000000000000e+01	   5.0000000000000000e+01	   0.0000000000000000e+00	   0.0000000000000000e+00	   0.0000000000000000e+00	
   1.4000000000000000e+01	   4.7000000000000000e+01	   0.0000000000000000e+00	   0.0000000000000000e+00	   0.0000000000000000e+00	
   1.4000000000000000e+01	   1.0700000000000000e+02	   0.0000000000000000e+00	   0.0000000000000000e+00	   0.0000000000000000e+00	
   3.2000000000000000e+01	   5.0000000000000000e+00	   0.0000000000000000e+00	   0.0000000000000000e+00	   0.0000000000000000e+00	
   1.0300000000000000e+02	   2.8000000000000000e+01	   0.0000000000000000e+00	   0.0000000000000000e+00	   0.0000000000000000e+00	
   8.5000000000000000e+01	   8.6000000000000000e+01	   0.0000000000000000e+00	   0.0000000000000000e+00	   0.0000000000000000e+00	
   1.8000000000000000e+01	   7.2000000000000000e+01	   0.0000000000000000e+00	   0.0000000000000000e+00	   0.0000000000000000e+00	
   3.0000000000000000e+00	   5.6000000000000000e+01	   0.0000000000000000e+00	   0.0000000000000000e+00	   0.0000000000000000e+00	
   5.0000000000000000e+00	   4.6000000000000000e+01	   0.0000000000000000e+00	   0.0000000000000000e+00	   0.0000000000000000e+00	
   1.0300000000000000e+02	   2.2000000000000000e+01	   0.0000000000000000e+00	   0.0000000000000000e+00	   0.0000000000000000e+00	
   4.8000000000000000e+01	   1.2100000000000000e+02	   0.0000000000000000e+00	   0.0000000000000000e+00	   0.0000000000000000e+00	
   7.2000000000000000e+01	   9.0000000000000000e+01	   0.0000000000000000e+00	   0.0000000000000000e+00	   0.0000000000000000e+00	
   8.9000000000000000e+01	   9.2000000000000000e+01	   0.0000000000000000e+00	   0.0000000000000000e+00	   0.0000000000000000e+00	
   8.5000000000000000e+01	   5.5000000000000000e+01	   0.0000000000000000e+00	   0.0000000000000000e+00	   0.0000000000000000e+00	
   2.8000000000000000e+01	   1.0700000000000000e+02	   0.0000000000000000e+00	   0.0000000000000000e+00	   0.0000000000000000e+00	
   9.1000000000000000e+01	   6.3000000000000000e+01	   0.0000000000000000e+00	   0.0000000000000000e+00	   0.0000000000000000e+00	
   1.6000000000000000e+01	   9.9000000000000000e+01	   0.0000000000000000e+00	   0.0000000000000000e+00	   0.0000000000000000e+00	
   3.2000000000000000e+01	   6.8000000000000000e+01	   0.0000000000000000e+00	   0.0000000000000000e+00	   0.0000000000000000e+00	
   8.0000000000000000e+01	   0.0000000000000000e+00	   0.0000000000000000e+00	   0.0000000000000000e+00	   0.0000000000000000e+00	
   3.5000000000000000e+01	   5.8000000000000000e+01	   0.0000000000000000e+00	   0.0000000000000000e+00	   0.0000000000000000e+00	
   7.3000000000000000e+01	   2.8000000000000000e+01	   0.0000000000000000e+00	   0.0000000000000000e+00	   0.0000000000000000e+00	
   7.9000000000000000e+01	   6.9000000000000000e+01	   0.0000000000000000e+00	   0.0000000000000000e+00	   0.0000000000000000e+00	
