   1.0078297991956525e+01	   5.1273524944196220e+02	   0.0000000000000000e+00	   9.8400357881592811e+01	   3.9546264186864005e+02	   4.4921139844763354e+02	   2.7772383821563710e+02	   6.0181887054071694e+00	   2.6195006240090537e+00	   1.6513030380172999e+00	   2.5007515092287758e+00	   4.8524199941290114e-01	   1.8435623948725530e+00	   1.7038862916243427e+00	   4.6814727802263123e-01	   8.2562906078019327e-01	   5.1308990161248271e+00	   3.2275402484057949e+00	  -2.4546299394150948e+00	   1.8713617445402375e-01	
   1.0078297991956525e+01	   5.2519280016719756e+02	   0.0000000000000000e+00	   9.8400357881592811e+01	   3.9546264186864005e+02	   4.4921139844763354e+02	   6.5664249731272776e+02	   6.0181887054071694e+00	   1.0738114323135859e+00	   1.6513030380172999e+00	   2.5007515092287758e+00	   6.0645207649320598e-01	   2.0219706102355057e+00	   1.7038862916243427e+00	   5.4528364969311527e-01	   8.0831200601044173e-01	   3.1403327302244826e+00	   3.1456433591606836e+00	  -2.2399336407570165e+00	   1.8713617445402375e-01	
   1.0078297991956525e+01	   7.9248863681013404e+02	   0.0000000000000000e+00	   9.8400357881592811e+01	   3.9546264186864005e+02	   4.4921139844763354e+02	   2.8022184852819174e+02	   6.0181887054071694e+00	   2.6195006240090537e+00	   1.6513030380172999e+00	   2.5007515092287758e+00	   5.4073783883562498e-01	   2.1020938463416092e+00	   2.0463160213322515e+00	   4.6814727802263123e-01	   8.2562906078019327e-01	   5.1308990161248271e+00	   3.1414547919736835e+00	   1.3174417630131323e+00	   1.8713617445402375e-01	
   1.0078297991956525e+01	   9.3381504134842385e+02	   0.0000000000000000e+00	   9.8400357881592811e+01	   3.9546264186864005e+02	   4.4921139844763354e+02	   4.0410062020670046e+02	   6.0181887054071694e+00	   2.6195006240090537e+00	   1.6513030380172999e+00	   2.5007515092287758e+00	   5.4073783883562498e-01	   2.0219706102355057e+00	   2.0463160213322515e+00	   4.8725222993325040e-01	   8.2562906078019327e-01	   3.1403327302244826e+00	   3.1458456169047562e+00	  -2.4546299394150948e+00	   1.8713617445402375e-01	
   1.0078297991956525e+01	  -2.8978157831009537e+02	   0.0000000000000000e+00	   9.8400357881592811e+01	   3.9546264186864005e+02	   4.4921139844763354e+02	   6.5664249731272776e+02	   6.0181887054071694e+00	   1.0738114323135859e+00	   1.6513030380172999e+00	   2.5007515092287758e+00	   7.4478453212242002e-01	   1.5634904221999912e+00	   2.0230570163331563e+00	   5.5169079556566714e-01	   8.0831200601044173e-01	   3.1403327302244826e+00	   3.1456433591606836e+00	  -2.2399336407570165e+00	   1.8713617445402375e-01	
   1.0078297991956525e+01	   1.3550927661925664e+02	   0.0000000000000000e+00	   9.8400357881592811e+01	   3.9546264186864005e+02	   4.4921139844763354e+02	   2.8022184852819174e+02	   6.0181887054071694e+00	   1.3302166218023661e+00	   1.6513030380172999e+00	   2.5007515092287758e+00	   5.4073783883562498e-01	   1.5899643392296676e+00	   2.0463160213322515e+00	   5.5972513807370361e-01	   8.0831200601044173e-01	   5.1308990161248271e+00	   3.1458456169047562e+00	  -1.7091308166838313e+00	   1.8713617445402375e-01	
   1.0085600575534562e+01	   1.1905970439844396e+03	   0.0000000000000000e+00	   9.8400357881592811e+01	   3.9546264186864005e+02	   4.4921139844763354e+02	   2.8022184852819174e+02	   6.0181887054071694e+00	   1.0738114323135859e+00	   1.6513030380172999e+00	   2.5007515092287758e+00	   5.4073783883562498e-01	   1.8435623948725530e+00	   1.7038862916243427e+00	   5.1234467177873566e-01	   8.1886221896023825e-01	   5.1308990161248271e+00	   3.1458456169047562e+00	   2.1363373470056968e-01	   1.8711403424521234e-01	
   1.0078297991956525e+01	   7.4289350903118816e+01	   0.0000000000000000e+00	   9.8400357881592811e+01	   3.9546264186864005e+02	   4.4921139844763354e+02	   6.5664249731272776e+02	   6.0181887054071694e+00	   3.0833861898055759e-01	   1.6513030380172999e+00	   2.5007515092287758e+00	   5.4073783883562498e-01	   2.0219706102355057e+00	   1.7038862916243427e+00	   5.5169079556566714e-01	   8.0754368083275607e-01	   3.1403327302244826e+00	   3.1365551870399613e+00	   7.0622735098206668e-01	   1.8713617445402375e-01	
   1.0078297991956525e+01	   6.1473345454215848e+02	   0.0000000000000000e+00	   9.8400357881592811e+01	   3.9546264186864005e+02	   4.4921139844763354e+02	   2.8022184852819174e+02	   6.0181887054071694e+00	   1.0738114323135859e+00	   1.6513030380172999e+00	   2.5007515092287758e+00	   5.4073783883562498e-01	   1.5899643392296676e+00	   1.7038862916243427e+00	   4.7091611227157909e-01	   8.2562906078019327e-01	   5.1308990161248271e+00	   3.1458456169047562e+00	  -1.5253905184216539e+00	   1.8713617445402375e-01	
   1.0078297991956525e+01	   6.2995897287812375e+02	   0.0000000000000000e+00	   9.8400357881592811e+01	   3.9546264186864005e+02	   4.4921139844763354e+02	   6.5664249731272776e+02	   6.0181887054071694e+00	   1.0738114323135859e+00	   1.6513030380172999e+00	   2.5007515092287758e+00	   9.1732264100201766e-01	   2.0219706102355057e+00	   1.7038862916243427e+00	   5.5169079556566714e-01	   8.0831200601044173e-01	   5.1308990161248271e+00	   3.1458456169047562e+00	  -2.2399336407570165e+00	   1.8713617445402375e-01	
   1.0078297991956525e+01	  -2.2390908006196639e+02	   0.0000000000000000e+00	   9.8400357881592811e+01	   3.9546264186864005e+02	   4.4921139844763354e+02	   2.9242568858578636e+02	   6.0181887054071694e+00	   1.0738114323135859e+00	   1.6513030380172999e+00	   2.5007515092287758e+00	   5.0385660699719081e-01	   2.1302687610083475e+00	   1.7038862916243427e+00	   4.6814727802263123e-01	   8.0868198073617226e-01	   5.0879200232846369e+00	   3.1458456169047562e+00	   1.1722625129811988e+00	   1.8713617445402375e-01	
   1.0078297991956525e+01	   1.2075785657374809e+02	   0.0000000000000000e+00	   9.8400357881592811e+01	   3.9546264186864005e+02	   4.4921139844763354e+02	   3.1403442103454381e+02	   6.0181887054071694e+00	   2.6195006240090537e+00	   1.6513030380172999e+00	   2.5007746656947591e+00	   6.8707875151992792e-01	   1.5899643392296676e+00	   1.7332742817823406e+00	   5.5972513807370361e-01	   8.0754368083275607e-01	   5.0763009250739515e+00	   3.1478152601987697e+00	   1.2990105987485872e+00	   1.8713617445402375e-01	
   1.0078297991956525e+01	   7.3247063548340009e+02	   0.0000000000000000e+00	   9.8400357881592811e+01	   3.9546264186864005e+02	   4.4921139844763354e+02	   8.3718073612957755e+02	   6.0181887054071694e+00	   2.6195006240090537e+00	   1.6513030380172999e+00	   2.5007515092287758e+00	   5.4073783883562498e-01	   2.0219706102355057e+00	   1.7038862916243427e+00	   5.1234467177873566e-01	   8.2562906078019327e-01	   3.1403327302244826e+00	   3.1458456169047562e+00	   1.7335516435229543e+00	   1.8713617445402375e-01	
   1.0078297991956525e+01	   7.4084277779872104e+02	   0.0000000000000000e+00	   9.8400357881592811e+01	   3.9546264186864005e+02	   4.4921139844763354e+02	   6.5664249731272776e+02	   6.0181887054071694e+00	   1.0738114323135859e+00	   1.6513030380172999e+00	   2.5007515092287758e+00	   9.1732264100201766e-01	   2.1079326862002326e+00	   2.0463160213322515e+00	   4.7091611227157909e-01	   8.0831200601044173e-01	   5.1308990161248271e+00	   3.1458456169047562e+00	   1.3174417630131323e+00	   1.8713617445402375e-01	
   1.0078297991956525e+01	   9.8856856734957637e+02	   0.0000000000000000e+00	   9.8400357881592811e+01	   3.9546264186864005e+02	   4.4921139844763354e+02	  -1.5100826809455728e+02	   6.0181887054071694e+00	  -8.8581731525598228e-01	   1.6513030380172999e+00	   2.5003015249643989e+00	   3.9903459376694156e-01	   2.0341678980770936e+00	   1.6882225414912617e+00	   7.4013622356377995e-01	   8.5974416946213483e-01	   6.1918675532057312e+00	   3.1458456169047562e+00	   6.7478500815816043e+00	   1.8713617445402375e-01	
   1.0078297991956525e+01	   7.3498019506952642e+02	   0.0000000000000000e+00	   9.8400357881592811e+01	   3.9546264186864005e+02	   4.4921139844763354e+02	   3.1633898733892210e+02	   6.0181887054071694e+00	   2.5522269339412862e-01	   1.6513030380172999e+00	   2.5007515092287758e+00	   4.2945374118093049e-01	   2.0219706102355057e+00	   2.0463160213322515e+00	   5.5972513807370361e-01	   8.2562906078019327e-01	   5.1308990161248271e+00	   3.2275402484057949e+00	  -1.7091308166838313e+00	   1.8713617445402375e-01	
   1.0078297991956525e+01	   5.2519280016719756e+02	   0.0000000000000000e+00	   9.8400357881592811e+01	   3.9546264186864005e+02	   4.4921139844763354e+02	   2.8022184852819174e+02	   6.0181887054071694e+00	   1.0738114323135859e+00	   1.6513030380172999e+00	   2.5007515092287758e+00	   6.0645207649320598e-01	   2.4544655346281887e+00	   1.7038862916243427e+00	   4.6814727802263123e-01	   8.2562906078019327e-01	   5.1308990161248271e+00	   3.1458456169047562e+00	  -1.7091308166838313e+00	   1.8713617445402375e-01	
   1.0078297991956525e+01	  -3.3378534911824715e+01	   0.0000000000000000e+00	   9.8400357881592811e+01	   3.9546264186864005e+02	   4.4921139844763354e+02	   3.5683121290573621e+02	   6.0181887054071694e+00	  -2.8368337499861829e-01	   1.6513030380172999e+00	   2.5007515092287758e+00	   5.3250211874745590e-01	   1.7213188872696958e+00	   1.6626481704300435e+00	   5.5142638217284301e-01	   8.0048651458055398e-01	   1.7642698753739436e+00	   3.1100862964635425e+00	  -2.3750175284398822e+00	   1.8713617445402375e-01	
   1.0078297991956525e+01	   3.0347664258507149e+02	   0.0000000000000000e+00	   9.8400357881592811e+01	   3.9546264186864005e+02	   4.4921139844763354e+02	   6.5664249731272776e+02	   6.0181887054071694e+00	   2.6195006240090537e+00	   1.6513030380172999e+00	   2.5007515092287758e+00	   9.1732264100201766e-01	   2.1020938463416092e+00	   2.0230570163331563e+00	   5.5972513807370361e-01	   8.0831200601044173e-01	   5.1308990161248271e+00	   3.1458456169047562e+00	   1.2990105987485872e+00	   1.8713617445402375e-01	
   1.0078297991956525e+01	   5.9945527940932527e+02	   0.0000000000000000e+00	   9.8400357881592811e+01	   3.9546264186864005e+02	   4.4921139844763354e+02	   2.8022184852819174e+02	   6.0181887054071694e+00	   1.0738114323135859e+00	   1.6513030380172999e+00	   2.5007515092287758e+00	   5.4073783883562498e-01	   2.0219706102355057e+00	   1.7038862916243427e+00	   4.6814727802263123e-01	   8.0831200601044173e-01	   5.1308990161248271e+00	   3.1469589332431700e+00	  -1.7091308166838313e+00	   1.8713617445402375e-01	
   1.0078297991956525e+01	   9.8856856734957637e+02	   0.0000000000000000e+00	   9.8400357881592811e+01	   3.9546264186864005e+02	   4.4921139844763354e+02	   2.8022184852819174e+02	   6.0181887054071694e+00	   1.0738114323135859e+00	   1.6513030380172999e+00	   2.5005668647837203e+00	   6.3491845399078950e-01	   2.1079326862002326e+00	   1.6974589014247852e+00	   5.7975395382545192e-01	   8.2562906078019327e-01	   5.1308990161248271e+00	   3.1458456169047562e+00	   7.0622735098206668e-01	   1.8713617445402375e-01	
   1.0078297991956525e+01	   1.2406920029353073e+03	   0.0000000000000000e+00	   9.8400357881592811e+01	   3.9546264186864005e+02	   4.4921139844763354e+02	   3.0395838207250154e+02	   6.0181887054071694e+00	   1.0738114323135859e+00	   1.6513030380172999e+00	   2.5007515092287758e+00	   6.3491845399078950e-01	   1.8435623948725530e+00	   1.7038862916243427e+00	   4.7091611227157909e-01	   8.1807512564169504e-01	   5.1308990161248271e+00	   3.2275402484057949e+00	   7.0622735098206668e-01	   1.8713617445402375e-01	
   1.0078297991956525e+01	   1.2276995923724071e+03	   0.0000000000000000e+00	   9.8400357881592811e+01	   3.9546264186864005e+02	   4.4921139844763354e+02	   4.7594369666730063e+02	   6.0181887054071694e+00	   2.6195006240090537e+00	   1.6513030380172999e+00	   2.5006160974014398e+00	   5.0047121932796723e-01	   1.8628482826049697e+00	   2.0463160213322515e+00	   6.1088214187884449e-01	   8.1273116650437116e-01	   5.1308990161248271e+00	   3.1477385341647230e+00	   2.2277088948417649e+00	   1.8713617445402375e-01	
   1.0078297991956525e+01	   7.5468916523079133e+02	   0.0000000000000000e+00	   9.8400357881592811e+01	   3.9546264186864005e+02	   4.4921139844763354e+02	   2.8022184852819174e+02	   6.0181887054071694e+00	   1.0738114323135859e+00	   1.6513030380172999e+00	   2.5007515092287758e+00	   4.8524199941290114e-01	   2.0219706102355057e+00	   1.7038862916243427e+00	   4.8725222993325040e-01	   8.2562906078019327e-01	   3.1403327302244826e+00	   3.2275402484057949e+00	  -1.7091308166838313e+00	   1.8713617445402375e-01	
   1.0078297991956525e+01	  -1.5968292615089040e+03	   0.0000000000000000e+00	   9.8400357881592811e+01	   3.9546264186864005e+02	   4.4921139844763354e+02	   2.8022184852819174e+02	   6.0181887054071694e+00	   1.0738114323135859e+00	   1.6513030380172999e+00	   2.5007515092287758e+00	   5.4073783883562498e-01	   1.5899643392296676e+00	   1.7038862916243427e+00	   4.7091611227157909e-01	   8.2562906078019327e-01	   3.1403327302244826e+00	   3.1458456169047562e+00	  -1.5253905184216539e+00	   1.8713617445402375e-01	
   1.0078297991956525e+01	   1.3550927661925664e+02	   0.0000000000000000e+00	   9.8400357881592811e+01	   3.9546264186864005e+02	   4.4921139844763354e+02	   2.7772383821563710e+02	   6.0181887054071694e+00	   1.0738114323135859e+00	   1.6513030380172999e+00	   2.5007515092287758e+00	   4.8524199941290114e-01	   1.8435623948725530e+00	   1.7038862916243427e+00	   4.7091611227157909e-01	   8.2562906078019327e-01	   5.1308990161248271e+00	   3.1458456169047562e+00	  -1.5253905184216539e+00	   1.8713617445402375e-01	
   1.0078297991956525e+01	   4.6431968664175542e+02	   0.0000000000000000e+00	   9.8400357881592811e+01	   3.9546264186864005e+02	   4.4921139844763354e+02	   2.8022184852819174e+02	   6.0181887054071694e+00	   1.0738114323135859e+00	   1.6513030380172999e+00	   2.5007515092287758e+00	   6.3491845399078950e-01	   2.1079326862002326e+00	   1.7038862916243427e+00	   4.6814727802263123e-01	   8.2562906078019327e-01	   3.1403327302244826e+00	   3.2275402484057949e+00	  -1.7091308166838313e+00	   1.8713617445402375e-01	
   1.0078297991956525e+01	   6.9327585758200473e+02	   0.0000000000000000e+00	   9.8400357881592811e+01	   3.9546264186864005e+02	   4.4921139844763354e+02	   3.0395838207250154e+02	   6.0181887054071694e+00	   1.0738114323135859e+00	   1.6513030380172999e+00	   2.5007515092287758e+00	   5.4073783883562498e-01	   2.1079326862002326e+00	   1.7038862916243427e+00	   4.6814727802263123e-01	   8.2562906078019327e-01	   3.1403327302244826e+00	   3.1458456169047562e+00	  -1.7091308166838313e+00	   1.8713617445402375e-01	
   1.0078297991956525e+01	  -1.0272565287783473e+03	   0.0000000000000000e+00	   9.8400357881592811e+01	   3.9546264186864005e+02	   4.4921139844763354e+02	   3.1633898733892210e+02	   6.0181887054071694e+00	   1.0738114323135859e+00	   1.6513030380172999e+00	   2.5007515092287758e+00	   7.4478453212242002e-01	   2.2176045633810615e+00	   1.7038862916243427e+00	   5.5972513807370361e-01	   8.0831200601044173e-01	   5.1308990161248271e+00	   3.1458456169047562e+00	  -2.4546299394150948e+00	   1.8713617445402375e-01	
   1.0078297991956525e+01	   1.0412536661387464e+03	   0.0000000000000000e+00	   9.8400357881592811e+01	   3.9546264186864005e+02	   4.4921139844763354e+02	   3.1633898733892210e+02	   6.0181887054071694e+00	   1.0738114323135859e+00	   1.6513030380172999e+00	   2.5007515092287758e+00	   5.4073783883562498e-01	   1.3611761258631347e+00	   1.7038862916243427e+00	   5.1234467177873566e-01	   8.2562906078019327e-01	   5.1308990161248271e+00	   3.1458456169047562e+00	   1.3174417630131323e+00	   1.8713617445402375e-01	
   1.0078297991956525e+01	   4.3539389411332513e+02	   0.0000000000000000e+00	   9.8400357881592811e+01	   3.9546264186864005e+02	   4.4921139844763354e+02	   4.0410062020670046e+02	   6.0181887054071694e+00	   1.0738114323135859e+00	   1.6513030380172999e+00	   2.5007515092287758e+00	   5.4073783883562498e-01	   1.3611761258631347e+00	   2.0463160213322515e+00	   5.1234467177873566e-01	   8.2562906078019327e-01	   5.1308990161248271e+00	   3.1458456169047562e+00	  -2.4546299394150948e+00	   1.8713617445402375e-01	
   1.0078297991956525e+01	   3.4758501027651857e+02	   0.0000000000000000e+00	   9.8400357881592811e+01	   3.9546264186864005e+02	   4.4921139844763354e+02	   3.0395838207250154e+02	   6.0181887054071694e+00	   2.5522269339412862e-01	   1.6513030380172999e+00	   2.5007515092287758e+00	   6.3491845399078950e-01	   1.5899643392296676e+00	   1.7038862916243427e+00	   4.6814727802263123e-01	   8.0754368083275607e-01	   5.1308990161248271e+00	   3.1426623516978691e+00	   7.0622735098206668e-01	   1.8713617445402375e-01	
   1.0078297991956525e+01	   7.1331373594736942e+02	   0.0000000000000000e+00	   9.8400357881592811e+01	   3.9546264186864005e+02	   4.4921139844763354e+02	   8.3718073612957755e+02	   6.0181887054071694e+00	   2.6195006240090537e+00	   1.6513030380172999e+00	   2.5007515092287758e+00	   5.4073783883562498e-01	   1.5899643392296676e+00	   1.7038862916243427e+00	   5.5972513807370361e-01	   8.0754368083275607e-01	   5.1308990161248271e+00	   3.1478152601987697e+00	   7.0622735098206668e-01	   1.8713617445402375e-01	
   1.0078297991956525e+01	   9.8856856734957637e+02	   0.0000000000000000e+00	   9.8400357881592811e+01	   3.9546264186864005e+02	   4.4921139844763354e+02	   1.7631982709895343e+02	   6.0181887054071694e+00	   1.1811448038671728e+00	   1.6513030380172999e+00	   2.5005668647837203e+00	   4.6461247205613843e-01	   1.9217745683859222e+00	   1.6974589014247852e+00	   5.7975395382545192e-01	   8.2941644016591876e-01	   5.5662518990127356e+00	   3.1458456169047562e+00	   1.3214728071207245e+00	   1.8713617445402375e-01	
   1.0078297991956525e+01	   1.0570118991121919e+03	   0.0000000000000000e+00	   9.8400357881592811e+01	   3.9546264186864005e+02	   4.4921139844763354e+02	   4.6503860840495247e+02	   6.0181887054071694e+00	   2.6195006240090537e+00	   1.6513030380172999e+00	   2.5005683973269899e+00	   5.0194013543473381e-01	   1.7458220631876116e+00	   2.0463160213322515e+00	   5.9767646635416671e-01	   8.0187599663571840e-01	   5.1308990161248271e+00	   3.1458456169047562e+00	  -2.6431766503079976e+00	   1.8713617445402375e-01	
   1.0078297991956525e+01	   8.7237276428097164e+02	   0.0000000000000000e+00	   9.8400357881592811e+01	   3.9546264186864005e+02	   4.4921139844763354e+02	   3.1633898733892210e+02	   6.0181887054071694e+00	   1.8098998697761433e+00	   1.6513030380172999e+00	   2.5007515092287758e+00	   9.1732264100201766e-01	   2.0219706102355057e+00	   2.0463160213322515e+00	   5.5972513807370361e-01	   8.2562906078019327e-01	   5.1308990161248271e+00	   3.2275402484057949e+00	   1.1424020627495628e+00	   1.8713617445402375e-01	
   1.0078297991956525e+01	   7.3987870225925121e+02	   0.0000000000000000e+00	   9.8400357881592811e+01	   3.9546264186864005e+02	   4.4921139844763354e+02	   4.0410062020670046e+02	   6.0181887054071694e+00	   2.6195006240090537e+00	   1.6513030380172999e+00	   2.5007515092287758e+00	   5.4073783883562498e-01	   2.0219706102355057e+00	   2.0463160213322515e+00	   4.6814727802263123e-01	   8.0754368083275607e-01	   5.1308990161248271e+00	   3.1478152601987697e+00	  -2.4546299394150948e+00	   1.8713617445402375e-01	
   1.0078297991956525e+01	  -4.6745476399317067e+02	   0.0000000000000000e+00	   9.8400357881592811e+01	   3.9546264186864005e+02	   4.4921139844763354e+02	   3.0395838207250154e+02	   6.0181887054071694e+00	   1.0524631989456159e+00	   1.6513030380172999e+00	   2.5007515092287758e+00	   9.1732264100201766e-01	   1.8435623948725530e+00	   2.0463160213322515e+00	   4.8725222993325040e-01	   8.0831200601044173e-01	   5.1308990161248271e+00	   3.1456433591606836e+00	   1.0651613271840539e+00	   1.8713617445402375e-01	
   1.0078297991956525e+01	   1.6161625404840277e+02	   0.0000000000000000e+00	   9.8400357881592811e+01	   3.9546264186864005e+02	   4.4921139844763354e+02	   3.1403442103454381e+02	   6.0181887054071694e+00	   1.0738114323135859e+00	   1.6513030380172999e+00	   2.5007515092287758e+00	   5.4073783883562498e-01	   2.1079326862002326e+00	   1.7038862916243427e+00	   5.5972513807370361e-01	   8.0754368083275607e-01	   5.1308990161248271e+00	   3.1414547919736835e+00	  -1.7091308166838313e+00	   1.8713617445402375e-01	
   1.0078297991956525e+01	   7.3643327401122826e+02	   0.0000000000000000e+00	   9.8400357881592811e+01	   3.9546264186864005e+02	   4.4921139844763354e+02	   2.8022184852819174e+02	   6.0181887054071694e+00	   1.0738114323135859e+00	   1.6513030380172999e+00	   2.5015957600001681e+00	   5.4073783883562498e-01	   2.0219706102355057e+00	   1.7038862916243427e+00	   4.6814727802263123e-01	   8.0831200601044173e-01	   3.1403327302244826e+00	   3.1458456169047562e+00	  -1.7091308166838313e+00	   1.8713617445402375e-01	
   1.0078297991956525e+01	   1.0385246306380984e+03	   0.0000000000000000e+00	   9.8400357881592811e+01	   3.9546264186864005e+02	   4.4921139844763354e+02	   2.8022184852819174e+02	   6.0181887054071694e+00	   2.6195006240090537e+00	   1.6513030380172999e+00	   2.5007515092287758e+00	   4.2945374118093049e-01	   1.5899643392296676e+00	   2.0463160213322515e+00	   4.7910791562533989e-01	   8.2562906078019327e-01	   5.1308990161248271e+00	   3.1458456169047562e+00	   1.2654807457584951e+00	   1.8713617445402375e-01	
   1.0078297991956525e+01	   3.0290693973002266e+02	   0.0000000000000000e+00	   9.8400357881592811e+01	   3.9546264186864005e+02	   4.4921139844763354e+02	   3.0395838207250154e+02	   6.0181887054071694e+00	   1.0738114323135859e+00	   1.6513030380172999e+00	   2.5007515092287758e+00	   7.4478453212242002e-01	   1.5899643392296676e+00	   1.7038862916243427e+00	   4.8725222993325040e-01	   8.0831200601044173e-01	   5.1308990161248271e+00	   3.1456433591606836e+00	   1.0651613271840539e+00	   1.8713617445402375e-01	
   1.0078297991956525e+01	  -7.2408472799384708e+02	   0.0000000000000000e+00	   9.8400357881592811e+01	   3.9546264186864005e+02	   4.4921139844763354e+02	   2.8122724492612150e+02	   6.0181887054071694e+00	   1.0517538158646866e+00	   1.6513030380172999e+00	   2.5007515092287758e+00	   7.0865758137447155e-01	   1.7849701810487217e+00	   1.8180358969837873e+00	   5.5777850571943377e-01	   8.2562906078019327e-01	   5.1308990161248271e+00	   3.1458456169047562e+00	   1.1424020627495628e+00	   1.8713617445402375e-01	
   1.0078297991956525e+01	   3.0347664258507149e+02	   0.0000000000000000e+00	   9.8400357881592811e+01	   3.9546264186864005e+02	   4.4921139844763354e+02	   3.1403442103454381e+02	   6.0181887054071694e+00	   2.6195006240090537e+00	   1.6513030380172999e+00	   2.5007515092287758e+00	   8.8880625544482317e-01	   1.5899643392296676e+00	   1.7332742817823406e+00	   5.5972513807370361e-01	   8.0754368083275607e-01	   5.1308990161248271e+00	   3.1414547919736835e+00	   1.2990105987485872e+00	   1.8713617445402375e-01	
   1.0078297991956525e+01	   2.0527288399741002e+02	   0.0000000000000000e+00	   9.8400357881592811e+01	   3.9546264186864005e+02	   4.4921139844763354e+02	   2.8022184852819174e+02	   6.0181887054071694e+00	   7.1203515696842479e-01	   1.6513030380172999e+00	   2.5007515092287758e+00	   5.4073783883562498e-01	   2.4544655346281887e+00	   2.0463160213322515e+00	   5.5972513807370361e-01	   8.0831200601044173e-01	   5.1308990161248271e+00	   3.1458456169047562e+00	  -1.7091308166838313e+00	   1.8713617445402375e-01	
   1.0078297991956525e+01	   9.8856856734957637e+02	   0.0000000000000000e+00	   9.8400357881592811e+01	   3.9546264186864005e+02	   4.4921139844763354e+02	   4.0410062020670046e+02	   6.0181887054071694e+00	   1.0738114323135859e+00	   1.6513030380172999e+00	   2.5007515092287758e+00	   9.1732264100201766e-01	   1.8435623948725530e+00	   1.7038862916243427e+00	   4.7091611227157909e-01	   8.0831200601044173e-01	   5.1308990161248271e+00	   3.1458456169047562e+00	  -2.4546299394150948e+00	   1.8713617445402375e-01	
   1.0078297991956525e+01	  -1.0272565287783473e+03	   0.0000000000000000e+00	   9.8400357881592811e+01	   3.9546264186864005e+02	   4.4921139844763354e+02	   3.1633898733892210e+02	   6.0181887054071694e+00	   1.0738114323135859e+00	   1.6513030380172999e+00	   2.5007515092287758e+00	   9.1732264100201766e-01	   2.1079326862002326e+00	   1.7038862916243427e+00	   4.7091611227157909e-01	   8.2562906078019327e-01	   5.1308990161248271e+00	   3.1458456169047562e+00	   7.0622735098206668e-01	   1.8713617445402375e-01	
   1.0078297991956525e+01	   4.2119370854431952e+02	   0.0000000000000000e+00	   9.8400357881592811e+01	   3.9546264186864005e+02	   4.4921139844763354e+02	   4.0410062020670046e+02	   6.0181887054071694e+00	   2.6195006240090537e+00	   1.6513030380172999e+00	   2.5007515092287758e+00	   5.1024674954828542e-01	   1.7178439414664033e+00	   2.0463160213322515e+00	   5.1234467177873566e-01	   8.2562906078019327e-01	   3.1403327302244826e+00	   3.1458552780509508e+00	  -2.3963662092878719e+00	   1.8713617445402375e-01	
   1.0078297991956525e+01	   5.8826366656981395e+02	   0.0000000000000000e+00	   9.8400357881592811e+01	   3.9546264186864005e+02	   4.4921139844763354e+02	   2.8022184852819174e+02	   6.0181887054071694e+00	   2.6195006240090537e+00	   1.6513030380172999e+00	   2.5007515092287758e+00	   7.4478453212242002e-01	   1.8435623948725530e+00	   2.0463160213322515e+00	   5.5972513807370361e-01	   8.0831200601044173e-01	   5.1308990161248271e+00	   3.1458456169047562e+00	  -2.4546299394150948e+00	   1.8713617445402375e-01	
   1.0078297991956525e+01	   4.5638188339651066e+02	   0.0000000000000000e+00	   9.8400357881592811e+01	   3.9546264186864005e+02	   4.4921139844763354e+02	   4.0410062020670046e+02	   6.0181887054071694e+00	   2.6195006240090537e+00	   1.6513030380172999e+00	   2.5007515092287758e+00	   5.1024674954828542e-01	   1.8435623948725530e+00	   2.0463160213322515e+00	   5.1234467177873566e-01	   8.0831200601044173e-01	   5.1308990161248271e+00	   3.1458456169047562e+00	  -2.4546299394150948e+00	   1.8713617445402375e-01	
   7.5875952434422302e+00	  -2.8039413652643032e+02	   0.0000000000000000e+00	   9.8400357881592811e+01	   3.9546264186864005e+02	   4.4921139844763354e+02	   3.2086596925050492e+02	   6.0181887054071694e+00	   1.0738114323135859e+00	  -1.5036870048496626e-01	   2.5007515092287758e+00	   5.4073783883562498e-01	   1.5426348239912242e+00	   1.7038862916243427e+00	   4.6814727802263123e-01	   8.2562906078019327e-01	   5.1308990161248271e+00	   3.1458456169047562e+00	  -2.4546299394150948e+00	   1.9228722868375328e-01	
   1.0078297991956525e+01	   1.2821460216076607e+03	   0.0000000000000000e+00	   9.8400357881592811e+01	   3.9546264186864005e+02	   4.4921139844763354e+02	   2.7189327332349222e+02	   6.0181887054071694e+00	   2.6195006240090537e+00	   1.6513030380172999e+00	   2.5007515092287758e+00	   8.8880625544482317e-01	   2.1442055062074568e+00	   1.7332742817823406e+00	   4.6814727802263123e-01	   8.2562906078019327e-01	   5.1308990161248271e+00	   3.1458456169047562e+00	   1.1424020627495628e+00	   1.8713617445402375e-01	
   1.0078297991956525e+01	   1.5522423390544461e+03	   0.0000000000000000e+00	   9.8400357881592811e+01	   3.9546264186864005e+02	   4.4921139844763354e+02	   2.8122724492612150e+02	   6.0181887054071694e+00	   1.0517538158646866e+00	   1.6513030380172999e+00	   2.5007515092287758e+00	   5.4073783883562498e-01	   2.0219706102355057e+00	   1.8180358969837873e+00	   4.8725222993325040e-01	   8.2562906078019327e-01	   3.1403327302244826e+00	   3.1458456169047562e+00	   1.1424020627495628e+00	   1.8713617445402375e-01	
   1.0078297991956525e+01	   5.6981708649111283e+02	   0.0000000000000000e+00	   9.8400357881592811e+01	   3.9546264186864005e+02	   4.4921139844763354e+02	   2.8022184852819174e+02	   6.0181887054071694e+00	   1.0738114323135859e+00	   1.6513030380172999e+00	   2.5007515092287758e+00	   4.8524199941290114e-01	   2.1442055062074568e+00	   2.0463160213322515e+00	   4.6814727802263123e-01	   8.2562906078019327e-01	   5.1308990161248271e+00	   3.1456433591606836e+00	  -9.8157255454278403e-01	   1.8713617445402375e-01	
   1.0078297991956525e+01	  -5.0665815174482901e+01	   0.0000000000000000e+00	   9.8400357881592811e+01	   3.9546264186864005e+02	   4.4921139844763354e+02	   3.7702444111315754e+02	   6.0181887054071694e+00	   1.0738114323135859e+00	   1.6513030380172999e+00	   2.5007515092287758e+00	   5.1024674954828542e-01	   2.0219706102355057e+00	   2.0463160213322515e+00	   4.6814727802263123e-01	   8.0831200601044173e-01	   3.1403327302244826e+00	   3.1365551870399613e+00	   7.0622735098206668e-01	   1.8713617445402375e-01	
   1.0078297991956525e+01	   7.4004838311719971e+02	   0.0000000000000000e+00	   9.8400357881592811e+01	   3.9546264186864005e+02	   4.4921139844763354e+02	   2.8022184852819174e+02	   6.0181887054071694e+00	   1.0738114323135859e+00	   1.6513030380172999e+00	   2.5007515092287758e+00	   8.8880625544482317e-01	   2.0219706102355057e+00	   1.7038862916243427e+00	   4.6814727802263123e-01	   8.0831200601044173e-01	   5.1308990161248271e+00	   3.2275402484057949e+00	  -1.7091308166838313e+00	   1.8713617445402375e-01	
   1.0078297991956525e+01	   1.6473272304861848e+02	   0.0000000000000000e+00	   9.8400357881592811e+01	   3.9546264186864005e+02	   4.4921139844763354e+02	   2.8022184852819174e+02	   6.0181887054071694e+00	   7.1203515696842479e-01	   1.6513030380172999e+00	   2.5007515092287758e+00	   7.4478453212242002e-01	   1.8435623948725530e+00	   1.7038862916243427e+00	   4.4370534916031035e-01	   8.2562906078019327e-01	   5.1308990161248271e+00	   3.1458456169047562e+00	  -2.4546299394150948e+00	   1.8713617445402375e-01	
   1.0078297991956525e+01	   2.3400333255188434e+02	   0.0000000000000000e+00	   9.8400357881592811e+01	   3.9546264186864005e+02	   4.4921139844763354e+02	   5.4019332465944876e+02	   6.0181887054071694e+00	   2.6195006240090537e+00	   1.6513030380172999e+00	   2.5007515092287758e+00	   4.8524199941290114e-01	   1.8435623948725530e+00	   2.0463160213322515e+00	   4.7091611227157909e-01	   8.2562906078019327e-01	   5.1308990161248271e+00	   3.1414547919736835e+00	   7.0622735098206668e-01	   1.8713617445402375e-01	
   1.0078297991956525e+01	   6.9492038340365514e+02	   0.0000000000000000e+00	   9.8400357881592811e+01	   3.9546264186864005e+02	   4.4921139844763354e+02	   4.0410062020670046e+02	   6.0181887054071694e+00	   1.0738114323135859e+00	   1.6513030380172999e+00	   2.5007515092287758e+00	   5.4073783883562498e-01	   1.8435623948725530e+00	   1.7038862916243427e+00	   4.7091611227157909e-01	   8.2562906078019327e-01	   5.1308990161248271e+00	   3.1458456169047562e+00	   7.0622735098206668e-01	   1.8713617445402375e-01	
   1.0078297991956525e+01	   1.0385246306380984e+03	   0.0000000000000000e+00	   9.8400357881592811e+01	   3.9546264186864005e+02	   4.4921139844763354e+02	   3.1633898733892210e+02	   6.0181887054071694e+00	   2.6195006240090537e+00	   1.6513030380172999e+00	   2.5007515092287758e+00	   9.1732264100201766e-01	   2.1442055062074568e+00	   2.0463160213322515e+00	   5.5972513807370361e-01	   8.2562906078019327e-01	   5.1308990161248271e+00	   3.1458456169047562e+00	   1.2654807457584951e+00	   1.8713617445402375e-01	
   1.0078297991956525e+01	   6.0803761942411643e+02	   0.0000000000000000e+00	   9.8400357881592811e+01	   3.9546264186864005e+02	   4.4921139844763354e+02	   2.8022184852819174e+02	   6.0181887054071694e+00	   7.1203515696842479e-01	   1.6513030380172999e+00	   2.5007515092287758e+00	   5.4073783883562498e-01	   2.4544655346281887e+00	   1.7038862916243427e+00	   4.6814727802263123e-01	   8.2562906078019327e-01	   5.1308990161248271e+00	   3.1458456169047562e+00	  -1.7091308166838313e+00	   1.8713617445402375e-01	
   1.0078297991956525e+01	   1.2822774760326612e+02	   0.0000000000000000e+00	   9.8400357881592811e+01	   3.9546264186864005e+02	   4.4921139844763354e+02	   2.6448954445796863e+02	   6.0181887054071694e+00	   1.1094185186445056e+00	   1.6513030380172999e+00	   2.5007515092287758e+00	   5.4073783883562498e-01	   1.6470292856664135e+00	   2.0658549957621624e+00	   5.5972513807370361e-01	   8.0777119290598010e-01	   5.1308990161248271e+00	   3.1467885617617855e+00	  -1.7091308166838313e+00	   1.8713617445402375e-01	
   1.0078297991956525e+01	  -7.2408472799384708e+02	   0.0000000000000000e+00	   9.8400357881592811e+01	   3.9546264186864005e+02	   4.4921139844763354e+02	   2.8122724492612150e+02	   6.0181887054071694e+00	   1.0517538158646866e+00	   1.6513030380172999e+00	   2.5007515092287758e+00	   9.1732264100201766e-01	   1.8435623948725530e+00	   2.0463160213322515e+00	   4.7091611227157909e-01	   8.0831200601044173e-01	   5.1308990161248271e+00	   3.1458456169047562e+00	   1.1424020627495628e+00	   1.8713617445402375e-01	
   1.0078297991956525e+01	   2.7703349822355210e+02	   0.0000000000000000e+00	   9.8400357881592811e+01	   3.9546264186864005e+02	   4.4921139844763354e+02	   2.8022184852819174e+02	   6.0181887054071694e+00	   2.6195006240090537e+00	   1.6513030380172999e+00	   2.5007515092287758e+00	   6.3491845399078950e-01	   2.0219706102355057e+00	   2.0463160213322515e+00	   4.6814727802263123e-01	   8.2562906078019327e-01	   5.1308990161248271e+00	   3.1426623516978691e+00	  -1.7091308166838313e+00	   1.8713617445402375e-01	
   1.0078297991956525e+01	   8.9868804039296310e+02	   0.0000000000000000e+00	   9.8400357881592811e+01	   3.9546264186864005e+02	   4.4921139844763354e+02	   2.8022184852819174e+02	   6.0181887054071694e+00	   7.1203515696842479e-01	   1.6513030380172999e+00	   2.5007515092287758e+00	   5.4073783883562498e-01	   1.8435623948725530e+00	   1.7038862916243427e+00	   4.4370534916031035e-01	   8.2562906078019327e-01	   5.1308990161248271e+00	   3.1458456169047562e+00	  -2.4546299394150948e+00	   1.8713617445402375e-01	
   1.0078297991956525e+01	   8.1119208990620689e+02	   0.0000000000000000e+00	   9.8400357881592811e+01	   3.9546264186864005e+02	   4.4921139844763354e+02	   2.8022184852819174e+02	   6.0181887054071694e+00	   1.0738114323135859e+00	   1.6513030380172999e+00	   2.5007515092287758e+00	   5.4073783883562498e-01	   1.8435623948725530e+00	   1.7038862916243427e+00	   5.5169079556566714e-01	   8.0831200601044173e-01	   5.1308990161248271e+00	   3.1458456169047562e+00	  -2.2399336407570165e+00	   1.8713617445402375e-01	
   1.0078297991956525e+01	   7.0026958130985304e+02	   0.0000000000000000e+00	   9.8400357881592811e+01	   3.9546264186864005e+02	   4.4921139844763354e+02	   2.8022184852819174e+02	   6.0181887054071694e+00	   2.6195006240090537e+00	   1.6513030380172999e+00	   2.5007515092287758e+00	   5.4073783883562498e-01	   2.1079326862002326e+00	   1.7038862916243427e+00	   4.6814727802263123e-01	   8.2562906078019327e-01	   5.1308990161248271e+00	   3.1478152601987697e+00	  -1.7091308166838313e+00	   1.8713617445402375e-01	
   1.0078297991956525e+01	   3.7473757459919852e+02	   0.0000000000000000e+00	   9.8400357881592811e+01	   3.9546264186864005e+02	   4.4921139844763354e+02	   2.8022184852819174e+02	   6.0181887054071694e+00	   2.5522269339412862e-01	   1.6513030380172999e+00	   2.5007515092287758e+00	   4.2945374118093049e-01	   2.0219706102355057e+00	   2.0463160213322515e+00	   4.8725222993325040e-01	   8.2562906078019327e-01	   5.1308990161248271e+00	   3.2275402484057949e+00	   1.2654807457584951e+00	   1.8713617445402375e-01	
   1.0078297991956525e+01	   7.5468916523079133e+02	   0.0000000000000000e+00	   9.8400357881592811e+01	   3.9546264186864005e+02	   4.4921139844763354e+02	   2.8022184852819174e+02	   6.0181887054071694e+00	   2.5522269339412862e-01	   1.6513030380172999e+00	   2.5007515092287758e+00	   4.2945374118093049e-01	   1.5899643392296676e+00	   2.0463160213322515e+00	   4.7910791562533989e-01	   8.2562906078019327e-01	   5.1308990161248271e+00	   3.1458456169047562e+00	   1.2654807457584951e+00	   1.8713617445402375e-01	
   1.0078297991956525e+01	   7.6293492216334425e+02	   0.0000000000000000e+00	   9.8400357881592811e+01	   3.9546264186864005e+02	   4.4921139844763354e+02	   2.8022184852819174e+02	   6.0181887054071694e+00	   1.0738114323135859e+00	   1.6513030380172999e+00	   2.5007515092287758e+00	   5.4073783883562498e-01	   2.0219706102355057e+00	   2.0463160213322515e+00	   4.7091611227157909e-01	   8.0754368083275607e-01	   3.1403327302244826e+00	   3.1458456169047562e+00	   7.0622735098206668e-01	   1.8713617445402375e-01	
   1.0078297991956525e+01	  -4.6745476399317067e+02	   0.0000000000000000e+00	   9.8400357881592811e+01	   3.9546264186864005e+02	   4.4921139844763354e+02	   6.5664249731272776e+02	   6.0181887054071694e+00	   1.0524631989456159e+00	   1.6513030380172999e+00	   2.5007515092287758e+00	   9.1732264100201766e-01	   1.8435623948725530e+00	   2.0463160213322515e+00	   4.7091611227157909e-01	   8.0831200601044173e-01	   5.1308990161248271e+00	   3.1469589332431700e+00	  -2.2399336407570165e+00	   1.8713617445402375e-01	
   1.0078297991956525e+01	   5.9805272698945544e+02	   0.0000000000000000e+00	   9.8400357881592811e+01	   3.9546264186864005e+02	   4.4921139844763354e+02	   8.3718073612957755e+02	   6.0181887054071694e+00	   2.6195006240090537e+00	   1.6513030380172999e+00	   2.5007515092287758e+00	   5.4073783883562498e-01	   2.1079326862002326e+00	   2.0463160213322515e+00	   4.8725222993325040e-01	   8.0831200601044173e-01	   3.1403327302244826e+00	   3.1458456169047562e+00	   1.6187667225621296e+00	   1.8713617445402375e-01	
   1.0078297991956525e+01	   9.8856856734957637e+02	   0.0000000000000000e+00	   9.8400357881592811e+01	   3.9546264186864005e+02	   4.4921139844763354e+02	   4.0410062020670046e+02	   6.0181887054071694e+00	   2.6195006240090537e+00	   1.6513030380172999e+00	   2.5007515092287758e+00	   5.1024674954828542e-01	   1.8435623948725530e+00	   1.7038862916243427e+00	   4.6814727802263123e-01	   8.0831200601044173e-01	   5.1308990161248271e+00	   3.1458456169047562e+00	  -2.4546299394150948e+00	   1.8713617445402375e-01	
   1.0078297991956525e+01	   7.4509639988773097e+02	   0.0000000000000000e+00	   9.8400357881592811e+01	   3.9546264186864005e+02	   4.4921139844763354e+02	   2.8022184852819174e+02	   6.0181887054071694e+00	   1.0738114323135859e+00	   1.6513030380172999e+00	   2.5007515092287758e+00	   5.4073783883562498e-01	   2.1079326862002326e+00	   2.0463160213322515e+00	   4.6814727802263123e-01	   8.2562906078019327e-01	   5.1308990161248271e+00	   3.1456433591606836e+00	  -9.8157255454278403e-01	   1.8713617445402375e-01	
   1.0078297991956525e+01	   3.4758501027651857e+02	   0.0000000000000000e+00	   9.8400357881592811e+01	   3.9546264186864005e+02	   4.4921139844763354e+02	   3.0395838207250154e+02	   6.0181887054071694e+00	   2.5522269339412862e-01	   1.6513030380172999e+00	   2.5007515092287758e+00	   6.3491845399078950e-01	   2.0219706102355057e+00	   1.7038862916243427e+00	   4.6814727802263123e-01	   8.0754368083275607e-01	   5.1308990161248271e+00	   3.1426623516978691e+00	   7.0622735098206668e-01	   1.8713617445402375e-01	
   1.0078297991956525e+01	   1.0767644867040548e+01	   0.0000000000000000e+00	   9.8400357881592811e+01	   3.9546264186864005e+02	   4.4921139844763354e+02	   2.7426014814116240e+02	   6.0181887054071694e+00	   1.0524631989456159e+00	   1.6513030380172999e+00	   2.5007515092287758e+00	   5.4073783883562498e-01	   1.9197903465145787e+00	   2.0463160213322515e+00	   4.7091611227157909e-01	   8.0754368083275607e-01	   5.1308990161248271e+00	   3.1469589332431700e+00	   7.0622735098206668e-01	   1.8713617445402375e-01	
   1.0078297991956525e+01	   7.3351226407087745e+02	   0.0000000000000000e+00	   9.8400357881592811e+01	   3.9546264186864005e+02	   4.4921139844763354e+02	   2.8022184852819174e+02	   6.0181887054071694e+00	   2.5522269339412862e-01	   1.6513030380172999e+00	   2.5007515092287758e+00	   4.2945374118093049e-01	   2.0219706102355057e+00	   2.0463160213322515e+00	   4.7910791562533989e-01	   8.2562906078019327e-01	   5.1308990161248271e+00	   3.2275402484057949e+00	   1.2654807457584951e+00	   1.8713617445402375e-01	
   1.0078297991956525e+01	   3.1557281207833739e+02	   0.0000000000000000e+00	   9.8400357881592811e+01	   3.9546264186864005e+02	   4.4921139844763354e+02	   2.8022184852819174e+02	   6.0181887054071694e+00	   1.0738114323135859e+00	   1.6513030380172999e+00	   2.5007515092287758e+00	   6.3491845399078950e-01	   2.1079326862002326e+00	   1.7038862916243427e+00	   4.7091611227157909e-01	   8.2562906078019327e-01	   5.1308990161248271e+00	   3.1458456169047562e+00	   7.0622735098206668e-01	   1.8713617445402375e-01	
   1.0078297991956525e+01	   1.0307980534206185e+03	   0.0000000000000000e+00	   9.8400357881592811e+01	   3.9546264186864005e+02	   4.4921139844763354e+02	   2.8022184852819174e+02	   6.0181887054071694e+00	   1.0738114323135859e+00	   1.6513030380172999e+00	   2.5007515092287758e+00	   2.8678883193256660e-01	   2.1079326862002326e+00	   1.7038862916243427e+00	   4.8725222993325040e-01	   8.2562906078019327e-01	   5.1308990161248271e+00	   3.1458456169047562e+00	  -1.7091308166838313e+00	   1.8713617445402375e-01	
   1.0078297991956525e+01	   8.7237276428097164e+02	   0.0000000000000000e+00	   9.8400357881592811e+01	   3.9546264186864005e+02	   4.4921139844763354e+02	   3.1633898733892210e+02	   6.0181887054071694e+00	   1.0738114323135859e+00	   1.6513030380172999e+00	   2.5007515092287758e+00	   9.1732264100201766e-01	   2.1442055062074568e+00	   2.0463160213322515e+00	   5.5972513807370361e-01	   8.2562906078019327e-01	   5.1308990161248271e+00	   3.2275402484057949e+00	   1.1424020627495628e+00	   1.8713617445402375e-01	
   1.0078297991956525e+01	  -1.6134183405497382e+02	   0.0000000000000000e+00	   9.8400357881592811e+01	   3.9546264186864005e+02	   4.4921139844763354e+02	   4.0410062020670046e+02	   6.0181887054071694e+00	   2.6195006240090537e+00	   1.6513030380172999e+00	   2.5007515092287758e+00	   5.1024674954828542e-01	   1.8435623948725530e+00	   2.0463160213322515e+00	   5.1234467177873566e-01	   8.2562906078019327e-01	   3.1403327302244826e+00	   3.1458456169047562e+00	   7.0622735098206668e-01	   1.8713617445402375e-01	
   1.0078297991956525e+01	  -6.3943339122182579e+01	   0.0000000000000000e+00	   9.8400357881592811e+01	   3.9546264186864005e+02	   4.4921139844763354e+02	   2.7772383821563710e+02	   6.0181887054071694e+00	   2.6195006240090537e+00	   1.6513030380172999e+00	   2.5007515092287758e+00	   5.4073783883562498e-01	   2.0219706102355057e+00	   1.7038862916243427e+00	   4.7091611227157909e-01	   8.0831200601044173e-01	   5.1308990161248271e+00	   3.1458456169047562e+00	   1.7335516435229543e+00	   1.8713617445402375e-01	
   1.0078297991956525e+01	   9.3630669467497034e+02	   0.0000000000000000e+00	   9.8400357881592811e+01	   3.9546264186864005e+02	   4.4921139844763354e+02	   2.8022184852819174e+02	   6.0181887054071694e+00	   1.0738114323135859e+00	   1.6513030380172999e+00	   2.5007515092287758e+00	   5.1024674954828542e-01	   2.0219706102355057e+00	   1.7038862916243427e+00	   4.6814727802263123e-01	   8.0831200601044173e-01	   3.1403327302244826e+00	   3.1458456169047562e+00	   1.3174417630131323e+00	   1.8713617445402375e-01	
   1.0078297991956525e+01	   1.6473272304861848e+02	   0.0000000000000000e+00	   9.8400357881592811e+01	   3.9546264186864005e+02	   4.4921139844763354e+02	   6.5664249731272776e+02	   6.0181887054071694e+00	   2.6195006240090537e+00	   1.6513030380172999e+00	   2.5007515092287758e+00	   7.4478453212242002e-01	   2.0219706102355057e+00	   2.1963471602378708e+00	   4.6653924946686737e-01	   8.2562906078019327e-01	   3.1403327302244826e+00	   3.1456433591606836e+00	   1.3340923640877864e+00	   1.8713617445402375e-01	
   1.0078297991956525e+01	   1.3538978322521729e+02	   0.0000000000000000e+00	   9.8400357881592811e+01	   3.9546264186864005e+02	   4.4921139844763354e+02	   3.3238425888042667e+02	   6.0181887054071694e+00	   6.1350233023801048e-01	   1.6513030380172999e+00	   2.5007515092287758e+00	   5.1789708389288491e-01	   1.7590964196674896e+00	   1.6753921965954492e+00	   5.2569021739168509e-01	   8.0825644340741387e-01	   2.8046763879984251e+00	   3.1463836881349478e+00	  -2.3996205563949822e+00	   1.8713617445402375e-01	
   1.0078297991956525e+01	   7.4004838311719971e+02	   0.0000000000000000e+00	   9.8400357881592811e+01	   3.9546264186864005e+02	   4.4921139844763354e+02	   2.8022184852819174e+02	   6.0181887054071694e+00	   1.8098998697761433e+00	   1.6513030380172999e+00	   2.5007515092287758e+00	   5.1024674954828542e-01	   2.0219706102355057e+00	   2.0463160213322515e+00	   4.6814727802263123e-01	   8.2562906078019327e-01	   5.1308990161248271e+00	   3.1426623516978691e+00	   7.0622735098206668e-01	   1.8713617445402375e-01	
