   2.4452272310471248e+01	   4.7223958932689675e+03	   0.0000000000000000e+00	   3.5699486604682756e+03	   2.0151306217811127e+03	   1.0000000000000000e+03	   2.1849511552226909e+03	   5.8984753886495930e+01	   5.6428349419609404e+01	   5.4052974361186550e+01	   5.6815809827105603e+01	   5.1780232924535646e+01	   5.2604598331971090e+01	   6.8302341795822514e+01	   6.8885490523185723e+01	   7.5904685803578730e+01	   6.7064692278110442e+01	   6.5505161530839757e+01	   6.0564897953729897e+01	   1.7707551864454324e+01	
   2.4452272310471248e+01	   4.1457672491699523e+03	   0.0000000000000000e+00	   3.5699486604682761e+03	   2.0151306217811123e+03	   1.0000000000000000e+03	   1.9881103099436104e+03	   5.8984753886495810e+01	   5.4297954133071400e+01	   5.4052974361186550e+01	   5.6815809827105603e+01	   5.1932110874243975e+01	   5.2692755142417262e+01	   6.8302341795822514e+01	   6.7516499221247116e+01	   7.5812325360485730e+01	   6.5491787672601717e+01	   6.5913420258325473e+01	   6.2487876175242064e+01	   1.7707551864454324e+01	
   2.4452272310471248e+01	   4.1721597518313238e+03	   0.0000000000000000e+00	   3.5699486604682761e+03	   2.0151306217811127e+03	   1.0000000000000000e+03	   3.5091094823941712e+03	   5.8984753886495810e+01	   5.6428349419609404e+01	   5.4052974361186550e+01	   5.6815809827105603e+01	   5.1719051594191178e+01	   5.3824162743315277e+01	   6.4131856804685043e+01	   6.8885490523185723e+01	   7.5904685803578730e+01	   6.7064692278110442e+01	   6.5783727093312621e+01	   6.1856077358875531e+01	   1.7707551864454324e+01	
   2.4452272310471248e+01	   4.7409263268515515e+03	   0.0000000000000000e+00	   3.5699486604682761e+03	   2.0151306217811127e+03	   1.0000000000000000e+03	   3.0085537615121966e+03	   5.8984753886495760e+01	   5.6428349419609404e+01	   5.4052974361186550e+01	   5.6815809827105603e+01	   5.1719051594191178e+01	   5.2692755142417262e+01	   6.4131856804685043e+01	   6.9302015723573660e+01	   7.5904685803578730e+01	   6.5491787672601717e+01	   6.5919682888434053e+01	   6.0564897953729897e+01	   1.7707551864454324e+01	
   2.4452272310471248e+01	   4.6073492826850606e+03	   0.0000000000000000e+00	   3.5699486604682761e+03	   2.0151306217811123e+03	   1.0000000000000000e+03	   1.9881103099436104e+03	   5.8984753886495916e+01	   5.4297954133071400e+01	   5.4052974361186550e+01	   5.6815809827105603e+01	   5.2104306508319908e+01	   5.1808452576154068e+01	   6.4415130489304246e+01	   6.7388753995985780e+01	   7.5812325360485730e+01	   6.4837786258562829e+01	   6.5913420258325473e+01	   6.2487876175242064e+01	   1.7707551864454324e+01	
   2.4452272310471248e+01	   4.9291741680003151e+03	   0.0000000000000000e+00	   3.5699486604682761e+03	   2.0151306217811127e+03	   1.0000000000000000e+03	   3.5091094823941712e+03	   5.8984753886495760e+01	   5.5795368036458150e+01	   5.4052974361186550e+01	   5.6815809827105603e+01	   5.1719051594191178e+01	   5.2479287983031462e+01	   6.4131856804685043e+01	   6.7260196370180566e+01	   7.5812325360485730e+01	   6.7064692278110442e+01	   6.5820169680337685e+01	   6.0941892030020561e+01	   1.7707551864454324e+01	
   2.4559412202847430e+01	   4.3463255651775362e+03	   0.0000000000000000e+00	   3.5699486604682756e+03	   2.0151306217811127e+03	   1.0000000000000000e+03	   3.5091094823941712e+03	   5.8984753886495938e+01	   5.5640696441963719e+01	   5.4052974361186550e+01	   5.6815809827105603e+01	   5.1719051594191178e+01	   5.2604598331971090e+01	   6.7061306874120902e+01	   6.8595072471279849e+01	   7.5864858905020014e+01	   6.7064692278110442e+01	   6.5820169680337685e+01	   6.1671109075677400e+01	   1.7707578406025888e+01	
   2.4452272310471248e+01	   4.5029180605536567e+03	   0.0000000000000000e+00	   3.5699486604682756e+03	   2.0151306217811127e+03	   1.0000000000000000e+03	   1.9881103099436104e+03	   5.8984753886495938e+01	   5.3611856870312785e+01	   5.4052974361186550e+01	   5.6815809827105603e+01	   5.1719051594191178e+01	   5.2692755142417262e+01	   6.8302341795822514e+01	   6.7388753995985780e+01	   7.5901825817210451e+01	   6.5491787672601717e+01	   6.5632017632106127e+01	   6.6029171526113743e+01	   1.7707551864454324e+01	
   2.4452272310471248e+01	   4.5192848197780504e+03	   0.0000000000000000e+00	   3.5699486604682761e+03	   2.0151306217811139e+03	   1.0000000000000000e+03	   3.5091094823941712e+03	   5.8984753886495930e+01	   5.5640696441963719e+01	   5.4052974361186550e+01	   5.6815809827105603e+01	   5.1719051594191178e+01	   5.2479287983031462e+01	   6.8302341795822514e+01	   6.8691616943254303e+01	   7.5904685803578730e+01	   6.7064692278110442e+01	   6.5820169680337685e+01	   6.0997391338418957e+01	   1.7707551864454324e+01	
   2.4452272310471248e+01	   4.2533808069820170e+03	   0.0000000000000000e+00	   3.5699486604682761e+03	   2.0151306217811127e+03	   1.0000000000000000e+03	   1.9881103099436104e+03	   5.8984753886495760e+01	   5.6654476152005842e+01	   5.4052974361186550e+01	   5.6815809827105603e+01	   5.2430070936302648e+01	   5.2692755142417262e+01	   6.8302341795822514e+01	   6.7388753995985780e+01	   7.5812325360485730e+01	   6.7064692278110442e+01	   6.5820169680337685e+01	   6.2487876175242064e+01	   1.7707551864454324e+01	
   2.4452272310471248e+01	   4.9789749902731764e+03	   0.0000000000000000e+00	   3.5699486604682766e+03	   2.0151306217811127e+03	   1.0000000000000000e+03	   3.4471079157089753e+03	   5.8984753886495767e+01	   5.5093086242678197e+01	   5.4052974361186550e+01	   5.6815809827105603e+01	   5.1662394994731436e+01	   5.4270091765375881e+01	   6.8302341795822514e+01	   6.8885490523185723e+01	   7.5769227844107007e+01	   6.7030731160484123e+01	   6.5859257574402676e+01	   6.2744699062718468e+01	   1.7707551864454324e+01	
   2.4452272310471248e+01	   4.5422807086777748e+03	   0.0000000000000000e+00	   3.5699486604682756e+03	   2.0151306217811127e+03	   1.0000000000000000e+03	   1.8375567338198953e+03	   5.8984753886495810e+01	   5.6428349419609404e+01	   5.4052974361186550e+01	   5.6815315914862232e+01	   5.2056381634311315e+01	   5.2479287983031462e+01	   6.7432047374865135e+01	   6.7260196370180566e+01	   7.5901825817210451e+01	   6.7001116043722917e+01	   6.5924304535017072e+01	   6.3839372924216057e+01	   1.7707551864454324e+01	
   2.4452272310471248e+01	   4.3203508512811914e+03	   0.0000000000000000e+00	   3.5699486604682756e+03	   2.0151306217811123e+03	   1.0000000000000000e+03	   1.2543979612351743e+03	   5.8984753886495973e+01	   5.6428349419609404e+01	   5.4052974361186550e+01	   5.6815809827105603e+01	   5.1719051594191178e+01	   5.2692755142417262e+01	   6.8302341795822514e+01	   6.8595072471279849e+01	   7.5904685803578730e+01	   6.5491787672601717e+01	   6.5919682888434053e+01	   6.7110269699620687e+01	   1.7707551864454324e+01	
   2.4452272310471248e+01	   4.0500921080034086e+03	   0.0000000000000000e+00	   3.5699486604682756e+03	   2.0151306217811123e+03	   1.0000000000000000e+03	   1.9881103099436104e+03	   5.8984753886495930e+01	   5.5640696441963719e+01	   5.4052974361186550e+01	   5.6815809827105603e+01	   5.2430070936302648e+01	   5.3944772186448986e+01	   6.4131856804685043e+01	   6.8691616943254303e+01	   7.5812325360485730e+01	   6.7064692278110442e+01	   6.5820169680337685e+01	   6.1856077358875531e+01	   1.7707551864454324e+01	
   2.4452272310471248e+01	   4.5031967346296415e+03	   0.0000000000000000e+00	   3.5699486604682743e+03	   2.0151306217811180e+03	   1.0000000000000000e+03	   4.9462734196730189e+03	   5.8984753886495447e+01	   5.5020717426261065e+01	   5.4052974361186550e+01	   5.6825407696558678e+01	   5.1436087339954632e+01	   5.3954461586198462e+01	   6.3398586733703610e+01	   6.4058318948926058e+01	   7.6086638600744536e+01	   6.7991563908791491e+01	   6.6115726843635159e+01	   6.4826588664781909e+01	   1.7707551864454324e+01	
   2.4452272310471248e+01	   4.0569939419009788e+03	   0.0000000000000000e+00	   3.5699486604682756e+03	   2.0151306217811127e+03	   1.0000000000000000e+03	   3.5634211894875916e+03	   5.8984753886495803e+01	   5.5223559632609515e+01	   5.4052974361186550e+01	   5.6815809827105603e+01	   5.1635815395557728e+01	   5.2692755142417262e+01	   6.4131856804685043e+01	   6.7260196370180566e+01	   7.5904685803578730e+01	   6.7064692278110442e+01	   6.5505161530839757e+01	   6.0941892030020561e+01	   1.7707551864454324e+01	
   2.4452272310471248e+01	   4.3854458570818160e+03	   0.0000000000000000e+00	   3.5699486604682761e+03	   2.0151306217811127e+03	   1.0000000000000000e+03	   3.5091094823941712e+03	   5.8984753886495810e+01	   5.9325993995802030e+01	   5.4052974361186550e+01	   5.6815809827105603e+01	   5.1932110874243975e+01	   5.6788498524707748e+01	   6.6495080098361640e+01	   6.8885490523185723e+01	   7.5904685803578730e+01	   6.7064692278110442e+01	   6.5820169680337685e+01	   6.0941892030020561e+01	   1.7707551864454324e+01	
   2.4452272310471248e+01	   4.4473130278231456e+03	   0.0000000000000000e+00	   3.5699486604682756e+03	   2.0151306217811123e+03	   1.0000000000000000e+03	   3.9472514797358199e+03	   5.8984753886495540e+01	   5.1647017557314527e+01	   5.4052974361186550e+01	   5.6815809827105603e+01	   5.1580099151809115e+01	   4.9605303678016966e+01	   6.6275627137556782e+01	   6.7409284627745862e+01	   7.5770588132908927e+01	   6.6820517014021320e+01	   6.6154927101093563e+01	   6.3040573074760232e+01	   1.7707551864454324e+01	
   2.4452272310471248e+01	   4.4645771990777221e+03	   0.0000000000000000e+00	   3.5699486604682761e+03	   2.0151306217811127e+03	   1.0000000000000000e+03	   1.9881103099436104e+03	   5.8984753886495810e+01	   5.6428349419609404e+01	   5.4052974361186550e+01	   5.6815809827105603e+01	   5.2430070936302648e+01	   5.3824162743315277e+01	   6.4415130489304246e+01	   6.7260196370180566e+01	   7.5812325360485730e+01	   6.7064692278110442e+01	   6.5820169680337685e+01	   6.3839372924216057e+01	   1.7707551864454324e+01	
   2.4452272310471248e+01	   4.2907153768224089e+03	   0.0000000000000000e+00	   3.5699486604682761e+03	   2.0151306217811139e+03	   1.0000000000000000e+03	   3.5091094823941712e+03	   5.8984753886495810e+01	   5.6654476152005842e+01	   5.4052974361186550e+01	   5.6815809827105603e+01	   5.1719051594191178e+01	   5.2692755142417262e+01	   6.8302341795822514e+01	   6.8885490523185723e+01	   7.5812325360485730e+01	   6.7064692278110442e+01	   6.5954155182453249e+01	   6.0941892030020561e+01	   1.7707551864454324e+01	
   2.4452272310471248e+01	   4.2983916659912729e+03	   0.0000000000000000e+00	   3.5699486604682756e+03	   2.0151306217811150e+03	   1.0000000000000000e+03	   3.5091094823941712e+03	   5.8984753886495632e+01	   5.5640696441963719e+01	   5.4052974361186550e+01	   5.6819748172108248e+01	   5.1938888156864117e+01	   5.3944772186448986e+01	   6.6290157806706873e+01	   6.6904731445418406e+01	   7.5904685803578730e+01	   6.7064692278110442e+01	   6.5941447228731107e+01	   6.6029171526113743e+01	   1.7707551864454324e+01	
   2.4452272310471248e+01	   4.2770899150824462e+03	   0.0000000000000000e+00	   3.5699486604682756e+03	   2.0151306217811127e+03	   1.0000000000000000e+03	   3.6416616954508954e+03	   5.8984753886495938e+01	   5.5640696441963719e+01	   5.4052974361186550e+01	   5.6815809827105603e+01	   5.1938888156864117e+01	   5.2604598331971090e+01	   6.8302341795822514e+01	   6.8691616943254303e+01	   7.5823782042376962e+01	   6.7064692278110442e+01	   6.5505161530839757e+01	   6.6029171526113743e+01	   1.7707551864454324e+01	
   2.4465894624082690e+01	   4.1350155800730699e+03	   0.0000000000000000e+00	   3.5699486604682761e+03	   2.0151306217811125e+03	   1.0000000000000000e+03	   2.6463874607562202e+03	   5.8984753886495888e+01	   5.6694682953431823e+01	   5.4052974361186550e+01	   5.6816472231500654e+01	   5.1670075984525653e+01	   5.2685504286831836e+01	   6.4131856804685043e+01	   6.6723848354290226e+01	   7.5835894935494011e+01	   6.7321353025095149e+01	   6.5985785518474941e+01	   6.8551112131750543e+01	   1.7707551864454324e+01	
   2.4452272310471248e+01	   4.2121038088838732e+03	   0.0000000000000000e+00	   3.5699486604682775e+03	   2.0151306217811127e+03	   1.0000000000000000e+03	   3.5091094823941712e+03	   5.8984753886495973e+01	   5.5640696441963719e+01	   5.4052974361186550e+01	   5.6815809827105603e+01	   5.1780232924535646e+01	   5.2692755142417262e+01	   6.8302341795822514e+01	   6.9302015723573660e+01	   7.5904685803578730e+01	   6.5491787672601717e+01	   6.5505161530839757e+01	   6.0941892030020561e+01	   1.7707551864454324e+01	
   2.4452272310471248e+01	   4.9221819991408283e+03	   0.0000000000000000e+00	   3.5699486604682761e+03	   2.0151306217811127e+03	   1.0000000000000000e+03	   3.5091094823941712e+03	   5.8984753886495810e+01	   5.5640696441963719e+01	   5.4052974361186550e+01	   5.6815809827105603e+01	   5.1719051594191178e+01	   5.2479287983031462e+01	   6.8302341795822514e+01	   6.8691616943254303e+01	   7.5904685803578730e+01	   6.5491787672601717e+01	   6.5820169680337685e+01	   6.0997391338418957e+01	   1.7707551864454324e+01	
   2.4452272310471248e+01	   4.7902300637246435e+03	   0.0000000000000000e+00	   3.5699486604682756e+03	   2.0151306217811127e+03	   1.0000000000000000e+03	   2.1849511552226909e+03	   5.8984753886495930e+01	   5.5640696441963719e+01	   5.4052974361186550e+01	   5.6815809827105603e+01	   5.1780232924535646e+01	   5.2604598331971090e+01	   6.8302341795822514e+01	   6.8691616943254303e+01	   7.5904685803578730e+01	   6.7064692278110442e+01	   6.5820169680337685e+01	   6.0997391338418957e+01	   1.7707551864454324e+01	
   2.4452272310471248e+01	   4.9019150289101299e+03	   0.0000000000000000e+00	   3.5699486604682761e+03	   2.0151306217811127e+03	   1.0000000000000000e+03	   3.5091094823941712e+03	   5.8984753886495930e+01	   5.5640696441963719e+01	   5.4052974361186550e+01	   5.6815809827105603e+01	   5.1938888156864117e+01	   5.3944772186448986e+01	   6.8302341795822514e+01	   6.8885490523185723e+01	   7.5904685803578730e+01	   6.5491787672601717e+01	   6.5505161530839757e+01	   6.0941892030020561e+01	   1.7707551864454324e+01	
   2.4452272310471248e+01	   4.5776052812665839e+03	   0.0000000000000000e+00	   3.5699486604682761e+03	   2.0151306217811127e+03	   1.0000000000000000e+03	   3.6416616954508954e+03	   5.8984753886495973e+01	   5.5640696441963719e+01	   5.4052974361186550e+01	   5.6815809827105603e+01	   5.1719051594191178e+01	   5.3944772186448986e+01	   6.6495080098361640e+01	   6.8885490523185723e+01	   7.5904685803578730e+01	   6.5491787672601717e+01	   6.5820169680337685e+01	   6.0941892030020561e+01	   1.7707551864454324e+01	
   2.4452272310471248e+01	   4.8350206009416852e+03	   0.0000000000000000e+00	   3.5699486604682775e+03	   2.0151306217811127e+03	   1.0000000000000000e+03	   3.5634211894875916e+03	   5.8984753886495760e+01	   5.5640696441963719e+01	   5.4052974361186550e+01	   5.6815809827105603e+01	   5.2104306508319908e+01	   5.5542116805460921e+01	   6.8302341795822514e+01	   6.7260196370180566e+01	   7.5812325360485730e+01	   6.7064692278110442e+01	   6.5820169680337685e+01	   6.0564897953729897e+01	   1.7707551864454324e+01	
   2.4452272310471248e+01	   4.2850376945520102e+03	   0.0000000000000000e+00	   3.5699486604682756e+03	   2.0151306217811150e+03	   1.0000000000000000e+03	   3.5634211894875916e+03	   5.8984753886495689e+01	   5.5640696441963719e+01	   5.4052974361186550e+01	   5.6815809827105603e+01	   5.1719051594191178e+01	   5.2366236915752751e+01	   6.6495080098361640e+01	   6.8595072471279849e+01	   7.5904685803578730e+01	   6.7064692278110442e+01	   6.5919682888434053e+01	   6.1856077358875531e+01	   1.7707551864454324e+01	
   2.4452272310471248e+01	   4.8163873051577393e+03	   0.0000000000000000e+00	   3.5699486604682775e+03	   2.0151306217811150e+03	   1.0000000000000000e+03	   3.0085537615121966e+03	   5.8984753886495760e+01	   5.5640696441963719e+01	   5.4052974361186550e+01	   5.6815809827105603e+01	   5.1719051594191178e+01	   5.2366236915752751e+01	   6.4131856804685043e+01	   6.8595072471279849e+01	   7.5904685803578730e+01	   6.7064692278110442e+01	   6.5919682888434053e+01	   6.0564897953729897e+01	   1.7707551864454324e+01	
   2.4452272310471248e+01	   4.6373405658331549e+03	   0.0000000000000000e+00	   3.5699486604682761e+03	   2.0151306217811127e+03	   1.0000000000000000e+03	   3.6416616954508954e+03	   5.8984753886495810e+01	   5.5223559632609515e+01	   5.4052974361186550e+01	   5.6815809827105603e+01	   5.1938888156864117e+01	   5.2479287983031462e+01	   6.8302341795822514e+01	   6.8885490523185723e+01	   7.5901825817210451e+01	   6.7064692278110442e+01	   6.5912213552838665e+01	   6.6029171526113743e+01	   1.7707551864454324e+01	
   2.4452272310471248e+01	   4.4299641533227505e+03	   0.0000000000000000e+00	   3.5699486604682756e+03	   2.0151306217811123e+03	   1.0000000000000000e+03	   1.2543979612351743e+03	   5.8984753886495973e+01	   5.6428349419609404e+01	   5.4052974361186550e+01	   5.6815809827105603e+01	   5.1719051594191178e+01	   5.2479287983031462e+01	   6.6495080098361640e+01	   6.7260196370180566e+01	   7.5901825817210451e+01	   6.7064692278110442e+01	   6.5924304535017072e+01	   6.6029171526113743e+01	   1.7707551864454324e+01	
   2.4452272310471248e+01	   4.2983916659912729e+03	   0.0000000000000000e+00	   3.5699486604682756e+03	   2.0151306217811155e+03	   1.0000000000000000e+03	   3.9561889146713447e+03	   5.8984753886495632e+01	   5.5925177076381615e+01	   5.4052974361186550e+01	   5.6819748172108248e+01	   5.1575321396121133e+01	   5.2811430235424247e+01	   6.6290157806706873e+01	   6.6904731445418406e+01	   7.5924885776546290e+01	   6.7571634854142502e+01	   6.5941447228731107e+01	   6.2182782135731586e+01	   1.7707551864454324e+01	
   2.4414464788124331e+01	   4.2095853258886618e+03	   0.0000000000000000e+00	   3.5699486604682761e+03	   2.0151306217811125e+03	   1.0000000000000000e+03	   2.7623222385613994e+03	   5.8984753886495888e+01	   5.6617327639072798e+01	   5.4052974361186550e+01	   5.6816705569603990e+01	   5.1659450929246702e+01	   5.2194569248887476e+01	   6.4131856804685043e+01	   6.6909505642465277e+01	   7.5777998929952133e+01	   6.7373676298942556e+01	   6.5924917349653995e+01	   6.0584957938966177e+01	   1.7707551864454324e+01	
   2.4452272310471248e+01	   4.0512474659813693e+03	   0.0000000000000000e+00	   3.5699486604682761e+03	   2.0151306217811127e+03	   1.0000000000000000e+03	   3.5634211894875916e+03	   5.8984753886495810e+01	   5.6283051550608612e+01	   5.4052974361186550e+01	   5.6815809827105603e+01	   5.2430070936302648e+01	   5.2692755142417262e+01	   6.4131856804685043e+01	   6.7260196370180566e+01	   7.5904685803578730e+01	   6.7064692278110442e+01	   6.5505161530839757e+01	   6.1222350540889906e+01	   1.7707551864454324e+01	
   2.4452272310471248e+01	   4.0903201251300657e+03	   0.0000000000000000e+00	   3.5699486604682756e+03	   2.0151306217811127e+03	   1.0000000000000000e+03	   3.0085537615121966e+03	   5.8984753886495938e+01	   5.6428349419609404e+01	   5.4052974361186550e+01	   5.6815809827105603e+01	   5.1719051594191178e+01	   5.2692755142417262e+01	   6.4131856804685043e+01	   6.8766500780474885e+01	   7.5901825817210451e+01	   6.7064692278110442e+01	   6.5924304535017072e+01	   6.0564897953729897e+01	   1.7707551864454324e+01	
   2.4452272310471248e+01	   4.9445030213554110e+03	   0.0000000000000000e+00	   3.5699486604682761e+03	   2.0151306217811150e+03	   1.0000000000000000e+03	   3.6416616954508954e+03	   5.8984753886495930e+01	   5.6722617644046124e+01	   5.4052974361186550e+01	   5.6815809827105603e+01	   5.2430070936302648e+01	   5.2604598331971090e+01	   6.4131856804685043e+01	   6.9302015723573660e+01	   7.5812325360485730e+01	   6.7064692278110442e+01	   6.5913420258325473e+01	   6.1826167503512927e+01	   1.7707551864454324e+01	
   2.4452272310471248e+01	   4.6896210811223827e+03	   0.0000000000000000e+00	   3.5699486604682775e+03	   2.0151306217811150e+03	   1.0000000000000000e+03	   1.8375567338198953e+03	   5.8984753886496101e+01	   5.5640696441963719e+01	   5.4052974361186550e+01	   5.6815809827105603e+01	   5.1719051594191178e+01	   5.3944772186448986e+01	   6.8302341795822514e+01	   6.7260196370180566e+01	   7.5901825817210451e+01	   6.7064692278110442e+01	   6.5783727093312621e+01	   6.0941892030020561e+01	   1.7707551864454324e+01	
   2.4452272310471248e+01	   4.0669871664420257e+03	   0.0000000000000000e+00	   3.5699486604682775e+03	   2.0151306217811127e+03	   1.0000000000000000e+03	   3.5091094823941712e+03	   5.8984753886495810e+01	   5.6654476152005842e+01	   5.4052974361186550e+01	   5.6797802511448246e+01	   5.1719051594191178e+01	   5.2692755142417262e+01	   6.8302341795822514e+01	   6.8885490523185723e+01	   7.5812325360485730e+01	   6.4746796060120474e+01	   6.5919682888434053e+01	   6.0941892030020561e+01	   1.7707551864454324e+01	
   2.4452272310471248e+01	   4.1950768125534478e+03	   0.0000000000000000e+00	   3.5699486604682761e+03	   2.0151306217811127e+03	   1.0000000000000000e+03	   3.5091094823941712e+03	   5.8984753886496051e+01	   5.6428349419609404e+01	   5.4052974361186550e+01	   5.6815809827105603e+01	   5.1635815395557728e+01	   5.2479287983031462e+01	   6.4131856804685043e+01	   6.8813468923048148e+01	   7.5904685803578730e+01	   6.7064692278110442e+01	   6.5919682888434053e+01	   6.5869090430047819e+01	   1.7707551864454324e+01	
   2.4452272310471248e+01	   4.4044551816490066e+03	   0.0000000000000000e+00	   3.5699486604682761e+03	   2.0151306217811123e+03	   1.0000000000000000e+03	   3.6416616954508954e+03	   5.8984753886495916e+01	   5.4297954133071400e+01	   5.4052974361186550e+01	   5.6815809827105603e+01	   5.2104306508319908e+01	   5.2479287983031462e+01	   6.8302341795822514e+01	   6.9302015723573660e+01	   7.5812325360485730e+01	   6.7064692278110442e+01	   6.5913420258325473e+01	   6.1826167503512927e+01	   1.7707551864454324e+01	
   2.4452272310471248e+01	   4.8858286704751372e+03	   0.0000000000000000e+00	   3.5699486604682752e+03	   2.0151306217811116e+03	   1.0000000000000000e+03	   3.4693939719724008e+03	   5.8984753886495980e+01	   5.5630828945440683e+01	   5.4052974361186550e+01	   5.6815809827105603e+01	   5.2130373183882092e+01	   5.2146500315439127e+01	   6.6469263149265970e+01	   6.7315039920920739e+01	   7.5904685803578730e+01	   6.7064692278110442e+01	   6.5919682888434053e+01	   6.1222350540889906e+01	   1.7707551864454324e+01	
   2.4452272310471248e+01	   4.4645771990777221e+03	   0.0000000000000000e+00	   3.5699486604682756e+03	   2.0151306217811150e+03	   1.0000000000000000e+03	   1.8375567338198953e+03	   5.8984753886495810e+01	   5.6428349419609404e+01	   5.4052974361186550e+01	   5.6815809827105603e+01	   5.2376229937989301e+01	   5.2479287983031462e+01	   6.7432047374865135e+01	   6.7260196370180566e+01	   7.5901825817210451e+01	   6.7064692278110442e+01	   6.5783727093312621e+01	   6.3839372924216057e+01	   1.7707551864454324e+01	
   2.4452272310471248e+01	   4.7723394367263900e+03	   0.0000000000000000e+00	   3.5699486604682756e+03	   2.0151306217811127e+03	   1.0000000000000000e+03	   3.5091094823941712e+03	   5.8984753886495973e+01	   5.4681830221347965e+01	   5.4052974361186550e+01	   5.6815809827105603e+01	   5.1719051594191178e+01	   5.6788498524707748e+01	   6.4131856804685043e+01	   6.7260196370180566e+01	   7.5812325360485730e+01	   6.7064692278110442e+01	   6.5820169680337685e+01	   6.0941892030020561e+01	   1.7707551864454324e+01	
   2.4452272310471248e+01	   4.1558720911305963e+03	   0.0000000000000000e+00	   3.5699486604682766e+03	   2.0151306217811127e+03	   1.0000000000000000e+03	   3.0085537615121966e+03	   5.8984753886495760e+01	   5.5640696441963719e+01	   5.4052974361186550e+01	   5.6815809827105603e+01	   5.2430070936302648e+01	   5.2016018563008991e+01	   6.8302341795822514e+01	   6.8691616943254303e+01	   7.5812325360485730e+01	   6.7279414985083037e+01	   6.5820169680337685e+01	   6.0368780165511481e+01	   1.7707551864454324e+01	
   2.4452272310471248e+01	   4.8350206009416852e+03	   0.0000000000000000e+00	   3.5699486604682775e+03	   2.0151306217811127e+03	   1.0000000000000000e+03	   3.5634211894875916e+03	   5.8984753886495930e+01	   5.5640696441963719e+01	   5.4052974361186550e+01	   5.6815809827105603e+01	   5.2430070936302648e+01	   5.3944772186448986e+01	   6.8302341795822514e+01	   6.8691616943254303e+01	   7.5904685803578730e+01	   6.7064692278110442e+01	   6.5820169680337685e+01	   6.6029171526113743e+01	   1.7707551864454324e+01	
   2.4452272310471248e+01	   4.4256938130791495e+03	   0.0000000000000000e+00	   3.5699486604682761e+03	   2.0151306217811150e+03	   1.0000000000000000e+03	   3.0085537615121966e+03	   5.8984753886495938e+01	   5.6428349419609404e+01	   5.4052974361186550e+01	   5.6815809827105603e+01	   5.1672211471268717e+01	   5.2542477101488714e+01	   6.4131856804685043e+01	   6.8595072471279849e+01	   7.5904685803578730e+01	   6.5491787672601717e+01	   6.5919982032406608e+01	   6.0634534511883892e+01	   1.7707551864454324e+01	
   2.4452272310471248e+01	   4.9626340436571281e+03	   0.0000000000000000e+00	   3.5699486604682766e+03	   2.0151306217811127e+03	   1.0000000000000000e+03	   3.5091094823941712e+03	   5.8984753886495760e+01	   5.6554571679116890e+01	   5.4052974361186550e+01	   5.6815809827105603e+01	   5.2104306508319908e+01	   5.2016018563008991e+01	   6.4131856804685043e+01	   6.7260196370180566e+01	   7.5812325360485730e+01	   6.7064692278110442e+01	   6.5820169680337685e+01	   6.0564897953729897e+01	   1.7707551864454324e+01	
   2.4452272310471248e+01	   4.4732222316292382e+03	   0.0000000000000000e+00	   3.5699486604682756e+03	   2.0151306217811136e+03	   1.0000000000000000e+03	   3.0085537615121966e+03	   5.8984753886495938e+01	   5.6428349419609404e+01	   5.4052974361186550e+01	   5.6815809827105603e+01	   5.1672211471268717e+01	   5.2604598331971090e+01	   6.4131856804685043e+01	   6.8595072471279849e+01	   7.5812325360485730e+01	   6.7064692278110442e+01	   6.5919682888434053e+01	   6.0564897953729897e+01	   1.7707551864454324e+01	
   2.0455196311313280e+01	   4.6500543866109674e+03	   0.0000000000000000e+00	   3.5699486604682756e+03	   2.0151306217811127e+03	   1.0000000000000000e+03	   1.1709031127268340e+03	   5.8984753886495930e+01	   5.6654476152005842e+01	   5.4374960218616877e+01	   5.6815809827105603e+01	   5.1719051594191178e+01	   4.9477316965011504e+01	   6.3980494360331335e+01	   6.8917937228008114e+01	   7.5883759121301537e+01	   6.7064692278110442e+01	   6.5919682888434053e+01	   6.3253502750321893e+01	   1.7683177193201370e+01	
   2.4452272310471248e+01	   4.2239792604064914e+03	   0.0000000000000000e+00	   3.5699486604682756e+03	   2.0151306217811127e+03	   1.0000000000000000e+03	   3.9208395503299257e+03	   5.8984753886495760e+01	   5.6428349419609404e+01	   5.4052974361186550e+01	   5.6815809827105603e+01	   5.2376229937989301e+01	   5.3934799821918446e+01	   6.7432047374865135e+01	   6.8885490523185723e+01	   7.5904685803578730e+01	   6.7064692278110442e+01	   6.5820169680337685e+01	   6.1222350540889906e+01	   1.7707551864454324e+01	
   2.4452272310471248e+01	   4.3207109132155147e+03	   0.0000000000000000e+00	   3.5699486604682756e+03	   2.0151306217811123e+03	   1.0000000000000000e+03	   3.4693939719724008e+03	   5.8984753886495760e+01	   5.5630828945440683e+01	   5.4052974361186550e+01	   5.6815809827105603e+01	   5.1719051594191178e+01	   5.2692755142417262e+01	   6.6469263149265970e+01	   6.9302015723573660e+01	   7.5904685803578730e+01	   6.5491787672601717e+01	   6.5919682888434053e+01	   6.1222350540889906e+01	   1.7707551864454324e+01	
   2.4452272310471248e+01	   4.2765616462899161e+03	   0.0000000000000000e+00	   3.5699486604682775e+03	   2.0151306217811127e+03	   1.0000000000000000e+03	   3.5091094823941712e+03	   5.8984753886495973e+01	   5.5640696441963719e+01	   5.4052974361186550e+01	   5.6815809827105603e+01	   5.1780232924535646e+01	   5.3934799821918446e+01	   6.4131856804685043e+01	   6.8885490523185723e+01	   7.5904685803578730e+01	   6.7064692278110442e+01	   6.5913420258325473e+01	   6.1161653186121157e+01	   1.7707551864454324e+01	
   2.4452272310471248e+01	   4.4974886591155673e+03	   0.0000000000000000e+00	   3.5699486604682756e+03	   2.0151306217811127e+03	   1.0000000000000000e+03	   3.0173042496861640e+03	   5.8984753886495938e+01	   5.6654476152005842e+01	   5.4052974361186550e+01	   5.6815809827105603e+01	   5.1672211471268717e+01	   5.2692755142417262e+01	   6.4131856804685043e+01	   6.8766500780474885e+01	   7.5812325360485730e+01	   6.5491787672601717e+01	   6.5632017632106127e+01	   6.6029171526113743e+01	   1.7707551864454324e+01	
   2.4452272310471248e+01	   4.8450252908743905e+03	   0.0000000000000000e+00	   3.5699486604682756e+03	   2.0151306217811127e+03	   1.0000000000000000e+03	   3.5091094823941712e+03	   5.8984753886495973e+01	   5.5640696441963719e+01	   5.4052974361186550e+01	   5.6815809827105603e+01	   5.2376229937989301e+01	   5.2169104697056987e+01	   6.8302341795822514e+01	   6.8885490523185723e+01	   7.5812325360485730e+01	   6.7064692278110442e+01	   6.5505161530839757e+01	   6.0941892030020561e+01	   1.7707551864454324e+01	
   2.4452272310471248e+01	   4.8393102320410972e+03	   0.0000000000000000e+00	   3.5699486604682761e+03	   2.0151306217811127e+03	   1.0000000000000000e+03	   3.5091094823941712e+03	   5.8984753886495888e+01	   5.4681830221347965e+01	   5.4052974361186550e+01	   5.6815809827105603e+01	   5.2104306508319908e+01	   5.2604598331971090e+01	   6.6495080098361640e+01	   6.9130199010501499e+01	   7.5904685803578730e+01	   6.5417654760340199e+01	   6.5919682888434053e+01	   6.0564897953729897e+01	   1.7707551864454324e+01	
   2.4452272310471248e+01	   4.5691398927132013e+03	   0.0000000000000000e+00	   3.5699486604682761e+03	   2.0151306217811125e+03	   1.0000000000000000e+03	   1.9633332601723187e+03	   5.8984753886495888e+01	   5.6428349419609404e+01	   5.4052974361186550e+01	   5.6815809827105603e+01	   5.1780232924535646e+01	   5.2604598331971090e+01	   6.4131856804685043e+01	   6.8691616943254303e+01	   7.5904685803578730e+01	   6.7064692278110442e+01	   6.5783727093312621e+01	   6.6029171526113743e+01	   1.7707551864454324e+01	
   2.4452272310471248e+01	   4.3750076085736946e+03	   0.0000000000000000e+00	   3.5699486604682756e+03	   2.0151306217811150e+03	   1.0000000000000000e+03	   3.0085537615121966e+03	   5.8984753886495938e+01	   5.5640696441963719e+01	   5.4052974361186550e+01	   5.6815809827105603e+01	   5.1719051594191178e+01	   5.2604598331971090e+01	   6.8302341795822514e+01	   6.8691616943254303e+01	   7.5904685803578730e+01	   6.7064692278110442e+01	   6.5820169680337685e+01	   6.6029171526113743e+01	   1.7707551864454324e+01	
   2.4452272310471248e+01	   4.1950768125534478e+03	   0.0000000000000000e+00	   3.5699486604682756e+03	   2.0151306217811127e+03	   1.0000000000000000e+03	   3.5634211894875916e+03	   5.8984753886496051e+01	   5.6428349419609404e+01	   5.4052974361186550e+01	   5.6815809827105603e+01	   5.2430070936302648e+01	   5.3934799821918446e+01	   6.4131856804685043e+01	   6.7260196370180566e+01	   7.5904685803578730e+01	   6.7064692278110442e+01	   6.5919682888434053e+01	   6.5869090430047819e+01	   1.7707551864454324e+01	
   2.4452272310471248e+01	   4.5435487107672561e+03	   0.0000000000000000e+00	   3.5699486604682761e+03	   2.0151306217811127e+03	   1.0000000000000000e+03	   3.5091094823941712e+03	   5.8984753886495973e+01	   5.4681830221347965e+01	   5.4052974361186550e+01	   5.6815809827105603e+01	   5.1719051594191178e+01	   5.6788498524707748e+01	   6.6495080098361640e+01	   6.8885490523185723e+01	   7.5904685803578730e+01	   6.7064692278110442e+01	   6.5820169680337685e+01	   6.0941892030020561e+01	   1.7707551864454324e+01	
   2.4452272310471248e+01	   4.9524487275603842e+03	   0.0000000000000000e+00	   3.5699486604682766e+03	   2.0151306217811136e+03	   1.0000000000000000e+03	   4.2868490674271470e+03	   5.8984753886495859e+01	   5.5662175745206703e+01	   5.4052974361186550e+01	   5.6815809827105603e+01	   5.1719051594191178e+01	   5.2640741434890110e+01	   6.3893889734268384e+01	   6.7260196370180566e+01	   7.5875323451994092e+01	   6.7064692278110442e+01	   6.5827995852082537e+01	   6.0941892030020561e+01	   1.7707551864454324e+01	
   2.4522365878322336e+01	   4.6220739156113532e+03	   0.0000000000000000e+00	   3.5699486604682747e+03	   2.0151306217811118e+03	   1.0000000000000000e+03	   3.2801851087805508e+03	   5.8984753886495923e+01	   5.5918975211552521e+01	   5.4049763039794847e+01	   5.6819340086876970e+01	   5.2534704738079952e+01	   5.3204888498415549e+01	   6.3629574036785982e+01	   6.8810967157136815e+01	   7.5821015006496324e+01	   6.7464407530563548e+01	   6.5975898908244645e+01	   6.2568483594657451e+01	   1.7705699650537515e+01	
   2.4452272310471248e+01	   4.6788219842658518e+03	   0.0000000000000000e+00	   3.5699486604682761e+03	   2.0151306217811127e+03	   1.0000000000000000e+03	   3.5091094823941712e+03	   5.8984753886495973e+01	   5.6428349419609404e+01	   5.4052974361186550e+01	   5.6815809827105603e+01	   5.1938888156864117e+01	   5.2692755142417262e+01	   6.4131856804685043e+01	   6.8885490523185723e+01	   7.5904685803578730e+01	   6.7064692278110442e+01	   6.5912213552838665e+01	   6.0941892030020561e+01	   1.7707551864454324e+01	
   2.4452272310471248e+01	   4.9784800320863769e+03	   0.0000000000000000e+00	   3.5699486604682756e+03	   2.0151306217811127e+03	   1.0000000000000000e+03	   3.5091094823941712e+03	   5.8984753886495760e+01	   5.4681830221347965e+01	   5.4052974361186550e+01	   5.6815809827105603e+01	   5.1719051594191178e+01	   5.2604598331971090e+01	   6.6495080098361640e+01	   6.9130199010501499e+01	   7.5904685803578730e+01	   6.5417654760340199e+01	   6.5919682888434053e+01	   6.0564897953729897e+01	   1.7707551864454324e+01	
   2.4452272310471248e+01	   4.0823950980288087e+03	   0.0000000000000000e+00	   3.5699486604682756e+03	   2.0151306217811127e+03	   1.0000000000000000e+03	   3.5091094823941712e+03	   5.8984753886495952e+01	   5.6654476152005842e+01	   5.4052974361186550e+01	   5.6815809827105603e+01	   5.1719051594191178e+01	   5.2604598331971090e+01	   6.8302341795822514e+01	   6.7388753995985780e+01	   7.5812325360485730e+01	   6.7064692278110442e+01	   6.5919682888434053e+01	   6.2487876175242064e+01	   1.7707551864454324e+01	
   2.4452272310471248e+01	   4.7035084633041588e+03	   0.0000000000000000e+00	   3.5699486604682775e+03	   2.0151306217811127e+03	   1.0000000000000000e+03	   3.5091094823941712e+03	   5.8984753886495938e+01	   5.6428349419609404e+01	   5.4052974361186550e+01	   5.6815809827105603e+01	   5.1719051594191178e+01	   5.3944772186448986e+01	   6.8302341795822514e+01	   6.8766500780474885e+01	   7.5904685803578730e+01	   6.7064692278110442e+01	   6.5924304535017072e+01	   6.0941892030020561e+01	   1.7707551864454324e+01	
   2.4452272310471248e+01	   4.5929401673695647e+03	   0.0000000000000000e+00	   3.5699486604682756e+03	   2.0151306217811127e+03	   1.0000000000000000e+03	   3.5091094823941712e+03	   5.8984753886495803e+01	   5.5223559632609515e+01	   5.4052974361186550e+01	   5.6815809827105603e+01	   5.1635815395557728e+01	   5.2692755142417262e+01	   6.4131856804685043e+01	   6.9302015723573660e+01	   7.5904685803578730e+01	   6.7064692278110442e+01	   6.5505161530839757e+01	   6.5869090430047819e+01	   1.7707551864454324e+01	
   2.4452272310471248e+01	   4.7957989357191882e+03	   0.0000000000000000e+00	   3.5699486604682761e+03	   2.0151306217811127e+03	   1.0000000000000000e+03	   3.5091094823941712e+03	   5.8984753886496051e+01	   5.5223559632609515e+01	   5.4052974361186550e+01	   5.6815809827105603e+01	   5.1635815395557728e+01	   5.2479287983031462e+01	   6.4131856804685043e+01	   6.8813468923048148e+01	   7.5904685803578730e+01	   6.7064692278110442e+01	   6.5919682888434053e+01	   6.5869090430047819e+01	   1.7707551864454324e+01	
   2.4452272310471248e+01	   4.4163047165771823e+03	   0.0000000000000000e+00	   3.5699486604682756e+03	   2.0151306217811127e+03	   1.0000000000000000e+03	   3.5091094823941712e+03	   5.8984753886495930e+01	   5.5640696441963719e+01	   5.4052974361186550e+01	   5.6815809827105603e+01	   5.1719051594191178e+01	   5.2692755142417262e+01	   6.4131856804685043e+01	   6.8691616943254303e+01	   7.5901825817210451e+01	   6.5491787672601717e+01	   6.5919682888434053e+01	   6.6029171526113743e+01	   1.7707551864454324e+01	
   2.4452272310471248e+01	   4.9445030213554110e+03	   0.0000000000000000e+00	   3.5699486604682761e+03	   2.0151306217811150e+03	   1.0000000000000000e+03	   1.9881103099436104e+03	   5.8984753886495930e+01	   5.6722617644046124e+01	   5.4052974361186550e+01	   5.6815809827105603e+01	   5.2430070936302648e+01	   5.2604598331971090e+01	   6.4131856804685043e+01	   6.8691616943254303e+01	   7.5812325360485730e+01	   6.7064692278110442e+01	   6.5954155182453249e+01	   6.2487876175242064e+01	   1.7707551864454324e+01	
   2.4452272310471248e+01	   4.4820842043630391e+03	   0.0000000000000000e+00	   3.5699486604682775e+03	   2.0151306217811123e+03	   1.0000000000000000e+03	   1.2543979612351743e+03	   5.8984753886496101e+01	   5.6428349419609404e+01	   5.4052974361186550e+01	   5.6815809827105603e+01	   5.1719051594191178e+01	   5.3944772186448986e+01	   6.4131856804685043e+01	   6.9302015723573660e+01	   7.5812325360485730e+01	   6.5491787672601717e+01	   6.5820169680337685e+01	   6.0028429882096887e+01	   1.7707551864454324e+01	
   2.4452272310471248e+01	   4.1558720911305963e+03	   0.0000000000000000e+00	   3.5699486604682766e+03	   2.0151306217811136e+03	   1.0000000000000000e+03	   3.0085537615121966e+03	   5.8984753886495760e+01	   5.6554571679116890e+01	   5.4052974361186550e+01	   5.6815809827105603e+01	   5.1672211471268717e+01	   5.2016018563008991e+01	   6.8302341795822514e+01	   6.8885490523185723e+01	   7.5812325360485730e+01	   6.7279414985083037e+01	   6.5820169680337685e+01	   6.0368780165511481e+01	   1.7707551864454324e+01	
   2.4452272310471248e+01	   4.1480448818584136e+03	   0.0000000000000000e+00	   3.5699486604682775e+03	   2.0151306217811123e+03	   1.0000000000000000e+03	   3.5091094823941712e+03	   5.8984753886495973e+01	   5.5640696441963719e+01	   5.4052974361186550e+01	   5.6815809827105603e+01	   5.1719051594191178e+01	   5.3944772186448986e+01	   6.4131856804685043e+01	   6.8885490523185723e+01	   7.5904685803578730e+01	   6.7064692278110442e+01	   6.5913420258325473e+01	   6.1161653186121157e+01	   1.7707551864454324e+01	
   2.4452272310471248e+01	   4.6373405658331549e+03	   0.0000000000000000e+00	   3.5699486604682761e+03	   2.0151306217811127e+03	   1.0000000000000000e+03	   3.6416616954508954e+03	   5.8984753886495810e+01	   5.5223559632609515e+01	   5.4052974361186550e+01	   5.6815809827105603e+01	   5.1938888156864117e+01	   5.2692755142417262e+01	   6.8302341795822514e+01	   6.8885490523185723e+01	   7.5901825817210451e+01	   6.7064692278110442e+01	   6.5912213552838665e+01	   6.6029171526113743e+01	   1.7707551864454324e+01	
   2.4452272310471248e+01	   4.9591999976795523e+03	   0.0000000000000000e+00	   3.5699486604682761e+03	   2.0151306217811123e+03	   1.0000000000000000e+03	   3.4758174863911868e+03	   5.8984753886495930e+01	   5.6722617644046124e+01	   5.4052974361186550e+01	   5.6815809827105603e+01	   5.1719051594191178e+01	   5.2642264832193270e+01	   6.4131856804685043e+01	   6.8691616943254303e+01	   7.5901825817210451e+01	   6.7064692278110442e+01	   6.5954155182453249e+01	   6.6029171526113743e+01	   1.7707551864454324e+01	
   2.4452272310471248e+01	   4.7755194486207529e+03	   0.0000000000000000e+00	   3.5699486604682761e+03	   2.0151306217811127e+03	   1.0000000000000000e+03	   3.5091094823941712e+03	   5.8984753886495803e+01	   5.5223559632609515e+01	   5.4052974361186550e+01	   5.6815809827105603e+01	   5.1635815395557728e+01	   5.2692755142417262e+01	   6.4131856804685043e+01	   6.8813468923048148e+01	   7.5904685803578730e+01	   6.7064692278110442e+01	   6.5505161530839757e+01	   6.5869090430047819e+01	   1.7707551864454324e+01	
   2.4452272310471248e+01	   4.6231505740048169e+03	   0.0000000000000000e+00	   3.5699486604682756e+03	   2.0151306217811150e+03	   1.0000000000000000e+03	   3.5091094823941712e+03	   5.8984753886495930e+01	   5.5640696441963719e+01	   5.4052974361186550e+01	   5.6815809827105603e+01	   5.1938888156864117e+01	   5.3944772186448986e+01	   6.8302341795822514e+01	   6.8691616943254303e+01	   7.5904685803578730e+01	   6.7064692278110442e+01	   6.5820169680337685e+01	   6.6029171526113743e+01	   1.7707551864454324e+01	
   2.4452272310471248e+01	   4.1807768218234314e+03	   0.0000000000000000e+00	   3.5699486604682775e+03	   2.0151306217811127e+03	   1.0000000000000000e+03	   3.5091094823941712e+03	   5.8984753886496051e+01	   5.5640696441963719e+01	   5.4052974361186550e+01	   5.6815809827105603e+01	   5.1263024731174276e+01	   5.3944772186448986e+01	   6.6495080098361640e+01	   6.9302015723573660e+01	   7.5904685803578730e+01	   6.7064692278110442e+01	   6.5820169680337685e+01	   6.0941892030020561e+01	   1.7707551864454324e+01	
   2.4452272310471248e+01	   4.0512474659813693e+03	   0.0000000000000000e+00	   3.5699486604682756e+03	   2.0151306217811127e+03	   1.0000000000000000e+03	   3.5634211894875916e+03	   5.8984753886495760e+01	   5.5640696441963719e+01	   5.4052974361186550e+01	   5.6815809827105603e+01	   5.2430070936302648e+01	   5.3934799821918446e+01	   6.4131856804685043e+01	   6.7260196370180566e+01	   7.5904685803578730e+01	   6.7064692278110442e+01	   6.5505161530839757e+01	   6.1222350540889906e+01	   1.7707551864454324e+01	
   2.4452272310471248e+01	   4.8633593408612160e+03	   0.0000000000000000e+00	   3.5699486604682761e+03	   2.0151306217811150e+03	   1.0000000000000000e+03	   3.0085537615121966e+03	   5.8984753886495938e+01	   5.6428349419609404e+01	   5.4052974361186550e+01	   5.6815809827105603e+01	   5.1672211471268717e+01	   5.2604598331971090e+01	   6.4131856804685043e+01	   6.8595072471279849e+01	   7.5904685803578730e+01	   6.5491787672601717e+01	   6.5919682888434053e+01	   6.6029171526113743e+01	   1.7707551864454324e+01	
   2.4452272310471248e+01	   4.7475436805434383e+03	   0.0000000000000000e+00	   3.5699486604682756e+03	   2.0151306217811127e+03	   1.0000000000000000e+03	   2.1849511552226909e+03	   5.8984753886495930e+01	   5.6428349419609404e+01	   5.4052974361186550e+01	   5.6815809827105603e+01	   5.1719051594191178e+01	   5.2692755142417262e+01	   6.8302341795822514e+01	   6.8691616943254303e+01	   7.5812325360485730e+01	   6.7064692278110442e+01	   6.5820169680337685e+01	   6.7110269699620687e+01	   1.7707551864454324e+01	
   2.4452272310471248e+01	   4.1081814517545363e+03	   0.0000000000000000e+00	   3.5699486604682761e+03	   2.0151306217811127e+03	   1.0000000000000000e+03	   3.5091094823941712e+03	   5.8984753886495810e+01	   5.6654476152005842e+01	   5.4052974361186550e+01	   5.6815809827105603e+01	   5.1672211471268717e+01	   5.2692755142417262e+01	   6.8302341795822514e+01	   6.8885490523185723e+01	   7.5812325360485730e+01	   6.5491787672601717e+01	   6.5919682888434053e+01	   6.1856077358875531e+01	   1.7707551864454324e+01	
   2.4452272310471248e+01	   4.8393102320410972e+03	   0.0000000000000000e+00	   3.5699486604682761e+03	   2.0151306217811150e+03	   1.0000000000000000e+03	   1.9881103099436104e+03	   5.8984753886495888e+01	   5.6428349419609404e+01	   5.4052974361186550e+01	   5.6815809827105603e+01	   5.2104306508319908e+01	   5.2692755142417262e+01	   6.3096441209955501e+01	   6.8896056768859637e+01	   7.5904685803578730e+01	   6.4837786258562829e+01	   6.5913420258325473e+01	   6.1918386126016870e+01	   1.7707551864454324e+01	
   2.4452272310471248e+01	   4.5333955607301959e+03	   0.0000000000000000e+00	   3.5699486604682756e+03	   2.0151306217811125e+03	   1.0000000000000000e+03	   3.5032085480912647e+03	   5.8984753886495660e+01	   5.3322353549228126e+01	   5.4052974361186550e+01	   5.6815809827105603e+01	   5.1641947508677539e+01	   5.0532190947387441e+01	   6.6901953068194004e+01	   6.7865484037713472e+01	   7.5812029017562324e+01	   6.6895975736785019e+01	   6.5954126744799950e+01	   6.1989601076783607e+01	   1.7707551864454324e+01	
   2.4452272310471248e+01	   4.6669585631343880e+03	   0.0000000000000000e+00	   3.5699486604682761e+03	   2.0151306217811127e+03	   1.0000000000000000e+03	   3.5091094823941712e+03	   5.8984753886495810e+01	   5.6283051550608612e+01	   5.4052974361186550e+01	   5.6815809827105603e+01	   5.1672211471268717e+01	   5.2692755142417262e+01	   6.4131856804685043e+01	   6.8885490523185723e+01	   7.5904685803578730e+01	   6.7064692278110442e+01	   6.5912213552838665e+01	   6.6029171526113743e+01	   1.7707551864454324e+01	
