  -6.7284924776420910e+06	   7.3354416996005177e+06	
  -7.0509883065420687e+06	   7.3886718457863489e+06	
  -7.8567127388570122e+06	   8.1957752333135037e+06	
  -8.6082741262603998e+06	   8.9513912385738119e+06	
  -7.4201632346243802e+06	   7.6474867646817993e+06	
  -8.2805293549097655e+06	   8.3559650788763305e+06	
  -7.2818898670940343e+06	   7.5311044079185836e+06	
  -7.4752967831688644e+06	   7.6852679329141444e+06	
  -6.9663590167761091e+06	   7.3743658558692895e+06	
  -7.4475575455585197e+06	   7.6594948440159885e+06	
  -8.5592212103436496e+06	   8.6570996729189325e+06	
  -8.6563460686998405e+06	   9.2379024805918429e+06	
  -8.6182557513275407e+06	   9.1755149560868926e+06	
  -7.2182590492397081e+06	   8.6754208278268036e+06	
  -8.6041948138901889e+06	   8.7772113273261748e+06	
  -6.1185910014792122e+06	   6.8808459719573902e+06	
  -8.6160195252152570e+06	   9.1496503822761811e+06	
  -7.8361865367304403e+06	   7.9479351696320493e+06	
  -7.2469652311771605e+06	   7.5112257210205039e+06	
  -8.5183537908276692e+06	   8.6099397253691629e+06	
  -8.0740543573232554e+06	   8.1332132566078072e+06	
  -8.0029281546851508e+06	   8.0724690843660394e+06	
  -6.3686975539863817e+06	   7.1067848946557594e+06	
  -8.0404251732396334e+06	   8.1157562724166419e+06	
  -6.2417694502421897e+06	   7.0158083780124951e+06	
  -7.0178784471653830e+06	   7.3778837504652934e+06	
  -7.6623647956070732e+06	   7.8221901658776002e+06	
  -7.3662000831830883e+06	   7.5961990054711243e+06	
  -8.0682073765743766e+06	   8.1287869556031479e+06	
  -6.4928404470652994e+06	   7.1810954957945263e+06	
  -8.3434579828707259e+06	   8.4194939612987228e+06	
  -7.2956226393767782e+06	   7.5431935487366077e+06	
  -8.2081402278738571e+06	   8.2675718555846438e+06	
  -7.9627029605334643e+06	   8.0501097790484894e+06	
  -8.0900188600868154e+06	   8.1501398036950585e+06	
  -7.7556112698590178e+06	   7.8886458403793173e+06	
  -7.9110065989086498e+06	   8.0045315563813373e+06	
  -8.3412577523370124e+06	   8.4172146047193576e+06	
  -6.5245979974696320e+06	   7.1944633904381981e+06	
  -6.1530236032257620e+06	   6.9750087065261221e+06	
  -6.4225063437162898e+06	   7.1709155533734187e+06	
  -6.7202283040366787e+06	   7.3114770202948600e+06	
  -7.5645205139972717e+06	   7.7472173627146985e+06	
  -7.7193119717825083e+06	   7.8666836767046284e+06	
  -6.1181378366636261e+06	   0.0000000000000000e+00	
  -6.2195426834035348e+06	   6.9998592711601676e+06	
  -6.1219337943584248e+06	   6.8946182957685916e+06	
  -7.6086520707591232e+06	   7.7816246949916389e+06	
  -6.7516735721880551e+06	   7.3385730246670665e+06	
  -6.8363410799276810e+06	   7.3423578586551184e+06	
  -8.3110718593375683e+06	   8.3814672097840933e+06	
  -7.8902931563920649e+06	   7.9875517285363870e+06	
  -6.3018375326607395e+06	   7.0565546807423886e+06	
  -8.2247689692017036e+06	   8.2789999339594766e+06	
  -7.5217198369043693e+06	   7.7176723553402377e+06	
  -7.1901316508152876e+06	   7.4447290814235257e+06	
  -8.1874014940592162e+06	   8.2444305160199441e+06	
  -8.5784594571730606e+06	   8.7119515545954611e+06	
  -7.1600077160606068e+06	   7.4410833108685464e+06	
  -6.3041917611717265e+06	   7.0585313625649391e+06	
  -6.8774035278306417e+06	   7.3459130626246380e+06	
  -6.4924226346949823e+06	   7.1810795825373558e+06	
  -8.1339057569529442e+06	   8.1899212792881969e+06	
  -7.5523077779066674e+06	   7.7378528939820314e+06	
  -6.1186142721351050e+06	   6.8814161141716558e+06	
  -7.0954296591252834e+06	   7.4307694165514652e+06	
  -6.6943217166937795e+06	   7.2948846696049580e+06	
  -8.4059830213397294e+06	   8.4872148117478527e+06	
  -6.6043048188206069e+06	   7.2566370188359059e+06	
  -7.7738719940561475e+06	   7.9068642177607641e+06	
  -6.5666411983024981e+06	   7.2449191646755664e+06	
  -7.9156278336533606e+06	   8.0208058028636929e+06	
  -8.4601569947262220e+06	   8.5536184377005696e+06	
  -8.4810618965823986e+06	   8.6059492448669523e+06	
  -6.6384075425329823e+06	   7.2739719917757986e+06	
  -7.0230131006154940e+06	   7.3847681425828794e+06	
  -7.6698071249723770e+06	   7.8311894782934198e+06	
