   4.1377548260000846e-01	   2.6088633282056262e-01	   1.2244629194125181e+01	   1.2287662264299682e+01	   5.5171208895829542e+00	   1.4215812099810805e+01	   1.0040274636851146e+01	   8.5310933564287144e+00	   6.0786392362466102e-01	   4.8580222613355870e+00	  -5.4086356786738143e+00	   3.9588546472016821e+00	  -3.1468388586080343e-01	   4.3263726120160184e+00	   6.3762174402701299e-01	   1.2221974064491091e-01	   1.5762388823135181e+00	   2.3292949903520888e+00	   2.6619477300075673e+00	   2.8838625148697870e+00	
   4.0800770461907304e-01	   2.4400031378349776e-01	   1.1729476717210028e+01	   1.2287724866114381e+01	   5.5066401485712690e+00	   1.3976900222067618e+01	   1.0116289061430200e+01	   8.7125096361888072e+00	   1.8726650314258162e+00	   5.5345437166459268e+00	  -5.1797183845960575e+00	   3.4625431196139318e+00	  -9.5627218514453127e-01	   4.5411256717624315e+00	   6.5545022056503210e-01	   1.4825154558253115e-01	   1.5909072777307538e+00	   2.3690677027341724e+00	   2.6125232254998720e+00	   2.9852725964692048e+00	
   4.0053422557824070e-01	   2.2827938690538951e-01	   1.2416037604686606e+01	   9.6689708097030653e+00	   5.7017280038628950e+00	   1.4397811249950477e+01	   7.9503312435748237e+00	   8.5236118848013600e+00	   8.0474108982111558e-01	   7.0237253262470754e+00	  -2.8198163382449120e+00	   2.7051358263520222e+00	   2.4502427274250200e+00	   4.5169945712683743e+00	   6.9060554669618002e-01	   1.4227997534349041e-01	   1.5104370182647251e+00	   2.3184692232218422e+00	   3.0374976396172317e+00	   2.4752873433324449e+00	
   2.2268414539540102e-01	   4.5225101239551252e-01	   1.0711056380366268e+01	   8.2646234497916637e+00	   5.6527144616043410e+00	   1.2803015318571923e+01	   8.4151249117880340e+00	   7.8954328182328686e+00	   2.6939397721209351e+00	   7.0377236622578669e+00	   1.7379682309383249e-01	   2.2466515659771802e+00	   5.7480624409876260e+00	   2.6896772562847735e+00	   6.2805681388820234e-01	   2.8612681385483330e-01	   1.7376560520584818e+00	   2.2935022605483995e+00	   3.1647269549352464e+00	   1.9612833259565841e+00	
   3.9600832198774977e-01	   2.1110756161096828e-01	   1.0858336438047770e+01	   1.1686813831040837e+01	   5.4269376781268290e+00	   1.3577689579634855e+01	   9.8352417840116590e+00	   9.0626534506484422e+00	   3.7924997911087517e+00	   6.7094148604654542e+00	  -4.5489800449525735e+00	   2.5395938793241086e+00	  -9.1414948053518685e-01	   4.6710835754368345e+00	   6.8161103859606476e-01	   1.6490034329769993e-01	   1.6049959915262009e+00	   2.4376443773147249e+00	   2.5828720764799100e+00	   2.9840742750533540e+00	
   3.9744031920893064e-01	   2.2377391418130296e-01	   9.9021793862784495e+00	   9.3403976434761340e+00	   5.5632503230088446e+00	   1.4383910210393312e+01	   7.7420698649701096e+00	   9.0464496385929518e+00	   4.6152805967169508e+00	   7.3169114976311738e+00	  -2.5011048939437557e+00	   7.8182422655142148e-01	   2.7859094586057278e+00	   3.8313561484497209e+00	   6.9763452733384501e-01	   2.3097258487000144e-01	   1.6466700176399665e+00	   2.4829759363998956e+00	   3.0647370235126203e+00	   2.4214606866269190e+00	
   4.0833613634716820e-01	   2.6440374040555892e-01	   1.2157324046888979e+01	   1.2387376953225779e+01	   5.4853733710360792e+00	   1.5622563160817515e+01	   9.3026605258054271e+00	   8.0539633130786736e+00	   6.3921064065875211e-01	   5.7981400032059351e+00	  -5.9227660551618913e+00	   3.4852062153633097e+00	  -2.5454240134918382e-01	   4.3414129154662753e+00	   6.1942426246326543e-01	   1.4839203421638814e-01	   1.7743269473393994e+00	   2.3400219330262892e+00	   2.8521813314324791e+00	   2.8001444939992330e+00	
   3.8322151461353038e-01	   2.3765892442025274e-01	   1.1039074518936852e+01	   1.1566127895341131e+01	   5.5093901359402455e+00	   1.4292510193068411e+01	   9.6411250639157409e+00	   8.8605555524719097e+00	   3.1431522121846149e+00	   6.3784502247846531e+00	  -4.1172598278996606e+00	   2.5755553370035948e+00	  -3.5481974193300592e-01	   4.4844984540655588e+00	   6.5978180485438920e-01	   2.3002286091030610e-01	   1.6004276303694167e+00	   2.4055586394652932e+00	   2.6216702724132328e+00	   2.8692407068509573e+00	
   4.1095065631563005e-01	   2.5624554426840940e-01	   1.1967471157563820e+01	   1.2170128706872617e+01	   5.5424385154489340e+00	   1.4434211573833766e+01	   9.6516490594856101e+00	   8.5809828775701948e+00	   8.7000018676392399e-01	   5.1133915225086000e+00	  -5.0817908261883691e+00	   3.6367089487468074e+00	  -1.8745723733412459e-01	   4.3452666782348022e+00	   6.4477883689604432e-01	   1.4452467680389017e-01	   1.5851485159474792e+00	   2.3415866908753791e+00	   2.7370533593183195e+00	   2.8828507392957921e+00	
   3.8344607381437912e-01	   2.4871613125191272e-01	   1.1057156331820876e+01	   1.1814186027445817e+01	   5.5788609562616802e+00	   1.4440123800136620e+01	   9.6106898568231927e+00	   8.7414761297732966e+00	   2.8451382002702279e+00	   6.1844278639896686e+00	  -4.1359984781650407e+00	   3.0315979925327285e+00	  -9.2581474472576630e-01	   4.4285148402688339e+00	   6.5069421095139512e-01	   2.3847735582560170e-01	   1.6337322333842419e+00	   2.3987327187337613e+00	   2.6678354894309537e+00	   2.9578463435779989e+00	
   4.2848870521147253e-01	   2.4589966936465485e-01	   9.9963689005588456e+00	   7.4210556048034171e+00	   5.6998271899774497e+00	   1.3817915118461979e+01	   6.8238681167274144e+00	   8.8272669922994353e+00	   4.4109911220922982e+00	   6.7159404802418168e+00	  -1.6726125195069139e+00	   2.1593293728713436e-01	   6.5658833664215042e+00	   2.8661194948024757e+00	   7.2884038818362695e-01	   1.1775780411823339e-01	   1.6631386257165592e+00	   2.4983316818771515e+00	   3.4088565519348815e+00	   1.8508006861246427e+00	
   1.1380742244126336e-01	   5.8714454945983674e-01	   1.0976800137134692e+01	   7.9476510621420369e+00	   5.6875925909706657e+00	   1.2114311505966574e+01	   8.8342559605934241e+00	   7.2525186432003732e+00	   1.7772423470761263e+00	   7.2566893065416584e+00	   1.7027156289235519e+00	   2.7572841642375532e+00	   6.6642478182612264e+00	   2.2600902416497899e+00	   5.8138484678893665e-01	   3.6670778305987228e-01	   1.7897972120649992e+00	   2.1739375365276534e+00	   3.2212315669774836e+00	   1.8079053754508601e+00	
   9.0003613706803209e-02	   6.0556642231189695e-01	   1.1169079846109682e+01	   8.0622332438677304e+00	   5.6787888512696645e+00	   1.1980350029096247e+01	   9.0853817685355160e+00	   7.1627053380717429e+00	   1.4925989973610267e+00	   7.1089800782811068e+00	   1.8728595176659355e+00	   3.3188835281906091e+00	   6.6604171510550403e+00	   2.1934542322648074e+00	   5.6939405176855629e-01	   3.7344792804807803e-01	   1.7980906664717748e+00	   2.1577777531217550e+00	   3.1451932352351264e+00	   1.8115520067456006e+00	
   1.7794632775222274e-01	   7.1722179033026023e-02	   1.7807795845449697e+00	   3.5170530216587732e+00	   5.2864502110625198e+00	   1.2036518852822246e+01	   2.5480780042629867e+00	   7.8262288649306724e+00	   1.1616108053724243e+01	   7.1372485007157698e+00	   8.6267815221473292e+00	   6.4850642744042855e+00	   1.0461523314983847e+00	   2.3372948118394201e+00	   7.5517556557163912e-01	   9.9297302524306319e-01	   1.9300324586696729e+00	   2.5681301919850488e+00	   3.0162832279388292e+00	   2.8104384036676846e+00	
   4.3311033254299758e-01	   2.5373742840006508e-01	   1.1465110847893813e+01	   4.7717418442709851e+00	   5.7383394415423599e+00	   1.3630882743527375e+01	   8.3616016130656838e+00	   8.8507658858284657e+00	   3.9041984044303053e+00	   7.1308933847757494e+00	  -7.6724799440267488e-01	  -6.9284533187684216e-01	   8.3943315948130675e+00	   2.4737599274096720e+00	   7.5266084540085954e-01	   9.0997902684747140e-02	   1.7237442090351403e+00	   2.5405342952421281e+00	   4.0721241792321026e+00	   1.5731738151206733e+00	
   3.9299675352961583e-01	   2.5292703668805255e-01	   4.7472568642028321e+00	   8.8109237698620806e+00	   9.2911783274714193e+00	   1.3731793970553754e+01	   1.4471462634558350e+00	   1.2981907307664834e+01	   2.1117823246077760e-01	   5.2790755411315029e+00	   6.1474745642838560e+00	   2.2790219112408225e+00	   2.3625474241943603e+00	   9.4873750351911745e+00	   2.9525749404708561e+00	   1.6392192251708121e-01	   2.8550831252809870e+00	   1.8097263440023938e+00	   3.2039767799923200e+00	   2.4502083324164139e+00	
   1.1629649723508650e-01	   5.8444536118245094e-01	   1.0969045094773879e+01	   7.9434857826952756e+00	   5.6876893645433810e+00	   1.2127786717371583e+01	   8.8183541387121736e+00	   7.2649746316463704e+00	   1.7980748466498064e+00	   7.2524120763820390e+00	   1.6760173641231155e+00	   2.7371825133685594e+00	   6.6634697723745209e+00	   2.2648838287518336e+00	   5.8255119474603168e-01	   3.6473863156776110e-01	   1.7887953644434125e+00	   2.1765034383930115e+00	   3.2227156483204782e+00	   1.8082446699765191e+00	
   3.7620151796060564e-01	   2.1518481239725235e-01	   1.0291551662625709e+01	   1.0957504740098562e+01	   5.4393902287715745e+00	   1.4126009245373481e+01	   8.9448126710789175e+00	   9.1287866210256059e+00	   4.2853514852043517e+00	   7.3035088687122425e+00	  -3.5321567475810793e+00	   1.8665703429036915e+00	   2.2821517024506632e-02	   4.4896642394719626e+00	   6.7620204312477994e-01	   2.3971229166316707e-01	   1.6261224745818446e+00	   2.4549333142775587e+00	   2.7293381723303725e+00	   2.8492753232500396e+00	
   4.1041549830233226e-01	   2.2368142101731792e-01	   1.1432491825413170e+01	   1.2118994325385433e+01	   5.4590326433320397e+00	   1.3732605360185735e+01	   1.0095019059761729e+01	   8.8980771231502800e+00	   2.7156744182701904e+00	   5.9593715375609069e+00	  -5.1087866769609462e+00	   3.0375497863948757e+00	  -9.5512441904058709e-01	   4.6515634233859622e+00	   6.7187977641250052e-01	   1.4296229414901809e-01	   1.5881156945841581e+00	   2.4026661379258654e+00	   2.5829086728488377e+00	   2.9952889190714771e+00	
   4.2752753963522477e-01	   2.5649811395059868e-01	   1.0130787221868243e+01	   7.5645121196979961e+00	   5.7687219634903997e+00	   1.3835881427826243e+01	   6.9597139824986058e+00	   8.6988357783242662e+00	   4.1783904625879940e+00	   6.4026078969979432e+00	  -1.6521658522241820e+00	   6.9801999219601907e-01	   6.3155837341456724e+00	   2.7642615610604842e+00	   7.2347118391689824e-01	   1.1142024013293991e-01	   1.6850248409187856e+00	   2.4937964875864354e+00	   3.3992803434714043e+00	   1.8785710297603335e+00	
   3.8686395583172073e-01	   2.2568862088752922e-01	   1.0362087470668344e+01	   1.0114680132735860e+01	   5.5281713255242497e+00	   1.4132402856965802e+01	   8.4884861357703780e+00	   8.9692054527194731e+00	   4.2132330500142787e+00	   7.1199899074859534e+00	  -3.1042412244193138e+00	   1.5016706380865363e+00	   1.7252257020284030e+00	   4.0423450429142029e+00	   6.8660693741849854e-01	   2.1937721115803055e-01	   1.6360026819734905e+00	   2.4592346570820247e+00	   2.7552594305371958e+00	   2.5879694046390407e+00	
   3.7580084730559438e-01	   2.5608074205473369e-01	   1.0295164338816631e+01	   1.0361620610111098e+01	   5.5210602698565028e+00	   1.4153152958148130e+01	   8.8022126750851104e+00	   9.1304021090404142e+00	   3.8581433940036423e+00	   7.1576263781952241e+00	  -4.0733042363880303e+00	   2.1494492694356957e+00	   5.7939831736228609e-01	   4.4914517888391066e+00	   6.7562281029170834e-01	   3.6523515024116415e-01	   1.6338513629701326e+00	   2.4185562894143438e+00	   2.7253182558904889e+00	   2.8523205144558990e+00	
   1.1731775326419622e-01	   1.5888947218858440e-01	   3.9331727139939865e+00	   5.1461475355422461e+00	   5.6978043377627028e+00	   1.2731296133088494e+01	   2.7966764780192515e+00	   8.0104046995695057e+00	   8.6856903334695374e+00	   6.4386921712849476e+00	   7.4470295225842342e+00	   8.3288631951211194e+00	   8.7764462754620998e-01	   2.4831005740821044e+00	   6.8021520406551184e-01	   6.4864536502746395e-01	   2.1012854613846361e+00	   2.5823375948723184e+00	   2.7444386334648532e+00	   2.7918042726256456e+00	
   3.6481448379957343e-01	   2.5401164805871657e-01	   1.0486665071829504e+01	   1.0956295608544018e+01	   5.5672796318867883e+00	   1.4811138859958886e+01	   8.8095163021643774e+00	   8.8406985720455644e+00	   3.6432899945928550e+00	   6.7112552119098945e+00	  -3.0216362124522353e+00	   2.0410951060923770e+00	   4.7545823374702395e-01	   4.2379565754471047e+00	   6.6636895970316223e-01	   2.8645018539699785e-01	   1.6376636313669040e+00	   2.4298533805120646e+00	   2.8204033800255406e+00	   2.7559136265686890e+00	
   2.5398049399220002e-01	   1.2734808837114889e-01	   2.2964244107939193e+00	   4.4377601786896355e+00	   7.7518004537479532e+00	   1.1405463946967451e+01	   5.7322311495487286e+00	   8.1088506431970462e+00	   1.6352685230564385e+00	   1.1924267926219228e+01	   1.0568834143685290e+01	   1.8082346450110340e+00	  -1.2605615571775886e-01	   3.8763859977590496e+00	   6.7756807443687816e-01	   1.2548899816705208e+00	   2.2970672518283184e+00	   1.7010641564182498e+00	   3.9165726770761844e-01	   3.4152583837564978e+00	
   4.1139376570830288e-01	   2.4664970601161165e-01	   1.1809587435850473e+01	   1.2312158371720141e+01	   5.5158676744590300e+00	   1.3966393524948193e+01	   1.0114786056491575e+01	   8.6786367628209753e+00	   1.6864874948047857e+00	   5.4082810379294539e+00	  -5.2527137211589627e+00	   3.5518713138019349e+00	  -9.0444313805009247e-01	   4.5092856848965344e+00	   6.5474123833267639e-01	   1.3880592764521466e-01	   1.5917518205742096e+00	   2.3641188267609641e+00	   2.6291987470316105e+00	   2.9801235744633039e+00	
   3.7623346247646838e-01	   2.3370096160232756e-01	   1.0710816162644631e+01	   1.1296803624621226e+01	   5.4999593201154910e+00	   1.4390813096117151e+01	   9.3030067712842310e+00	   8.9371881162832114e+00	   3.5660245691087442e+00	   6.7570066639555435e+00	  -3.7481587380831201e+00	   2.2554795026322001e+00	  -1.7573389879088780e-01	   4.4634361098757962e+00	   6.6232820705776541e-01	   2.5386989434434382e-01	   1.6126765156967247e+00	   2.4212943077055691e+00	   2.6751963356153947e+00	   2.8499255692726670e+00	
   3.8557238875687544e-01	   2.5481665634928230e-01	   1.1210786052695575e+01	   1.1980736498602804e+01	   5.6035577920949127e+00	   1.4471173880209959e+01	   9.7558876744868765e+00	   8.6691375926313885e+00	   2.5743405706579390e+00	   5.9659350433247553e+00	  -4.2742997858714222e+00	   3.2529617793035341e+00	  -1.1100486996900112e+00	   4.4198635086391231e+00	   6.4655607788747260e-01	   2.3525870972796561e-01	   1.6344138730524460e+00	   2.3880944238872828e+00	   2.6541919664931712e+00	   2.9791468001610224e+00	
   3.7580084730559438e-01	   2.5608074205473369e-01	   1.0295164338816631e+01	   9.9486265290431941e+00	   5.5210602698565028e+00	   1.4153152958148130e+01	   9.2795560021549672e+00	   9.1304021090404142e+00	   3.8581433940036423e+00	   7.8386727330462769e+00	  -4.0733042363880303e+00	   2.1494492694356957e+00	   1.1839787404531219e+00	   4.3739417564446743e+00	   7.1375293120664418e-01	   3.6523515024116415e-01	   1.5897187148613297e+00	   2.4099136271648032e+00	   2.9898977433661691e+00	   2.6519478735942910e+00	
   2.7702556235087128e-01	   1.2202935012305122e-01	   4.5697976705576266e+00	   1.7209493838107871e+01	   8.0890473410079302e+00	   1.4508944953036076e+01	   1.1423933241133986e+00	   8.7404454646696976e+00	   6.2834417498072916e+00	   5.1828110577213264e+00	  -5.0176692148025470e+00	   3.5736024168331078e+00	  -1.8969719675380314e-01	   4.1113319505530148e+00	   6.4083077692750545e-01	   2.1662780064833631e-01	   2.3300814056505179e+00	   2.3424053886758189e+00	   9.5827697217061791e-01	   3.5203897643578896e+00	
   4.0765213236502446e-01	   2.5497647557873843e-01	   1.0396382779899476e+01	   8.3587879387616848e+00	   5.7114784198109065e+00	   1.3906575286186134e+01	   7.6128269040342014e+00	   8.7431896693947309e+00	   3.9890944491332379e+00	   6.3584687134564746e+00	  -2.0585342428815636e+00	   1.3416551507741308e+00	   5.0613180213923634e+00	   3.1115194647519369e+00	   7.0492773170581313e-01	   1.5080446264896188e-01	   1.6697603960368910e+00	   2.4768357440385556e+00	   3.1638802776118893e+00	   2.0704295393798429e+00	
   3.7964141479872071e-01	   2.2180537228362029e-01	   1.1058359509697274e+01	   1.2083036325926876e+01	   5.4293377412137689e+00	   1.4064918721347574e+01	   1.0128880291348080e+01	   8.9962752616986901e+00	   3.4323433191653159e+00	   6.5922930140102265e+00	  -4.5682093722325288e+00	   2.7142077001717788e+00	  -1.3904633388924164e+00	   4.8078610529364481e+00	   6.6138962772589260e-01	   2.2738099094146799e-01	   1.5838322290438387e+00	   2.4105262725714121e+00	   2.4728261957624675e+00	   3.0284078638674616e+00	
   4.0281511962193012e-01	   2.3211540242460721e-01	   1.0185376861734287e+01	   9.4917916311016590e+00	   5.5830443878520475e+00	   1.4327520103554265e+01	   7.9022663499871255e+00	   8.9520872550598813e+00	   4.1054294013829553e+00	   6.9260208354248283e+00	  -2.7271899956374956e+00	   1.1232395644546189e+00	   2.8000252415586160e+00	   3.7705288586586874e+00	   6.9325996400719803e-01	   2.0791793865880814e-01	   1.6424516385299290e+00	   2.4667510194471851e+00	   3.0629346265138446e+00	   2.4193084178111399e+00	
   3.6854540269826525e-01	   2.1632620722326368e-01	   1.0104442643208502e+01	   1.0770339208345757e+01	   5.4392711999240646e+00	   1.4328640951001429e+01	   8.6714844814744936e+00	   9.1551934355214541e+00	   4.4405033693499503e+00	   7.5144119403987428e+00	  -3.2163653717071377e+00	   1.6602579131545234e+00	   2.3478392913873036e-01	   4.4555661676970937e+00	   6.7320774640289238e-01	   2.6819582722567603e-01	   1.6325025606817440e+00	   2.4595855166475942e+00	   2.7696322218920990e+00	   2.8198952714077059e+00	
   3.7694221748288720e-01	   2.5449041581161108e-01	   1.0397460085697912e+01	   1.0851847627369771e+01	   5.4531305634008733e+00	   1.4903619888780336e+01	   8.7104801530847862e+00	   8.9347601522543911e+00	   3.9554200280389153e+00	   6.7596049194006405e+00	  -3.2577415020133622e+00	   1.5173212628534012e+00	   5.7142711290344472e-01	   4.2086504218020675e+00	   6.6421301113836417e-01	   2.7713679979828798e-01	   1.6464973261805305e+00	   2.4521119075488986e+00	   2.9282656732233541e+00	   2.7448426468608798e+00	
   3.6921756254490962e-01	   2.1830462501636999e-01	   1.0417527145085860e+01	   1.1066576276214471e+01	   5.4998615330078628e+00	   1.4215441237570177e+01	   9.0602537241734140e+00	   9.0533836534597505e+00	   4.0120343974252881e+00	   7.1857106185778212e+00	  -3.4468935603616928e+00	   2.1585934001013536e+00	  -4.8011218393137323e-02	   4.5008485710462303e+00	   6.7165974320544430e-01	   2.5578812211491508e-01	   1.6178285514306781e+00	   2.4381209375157393e+00	   2.6610993126562681e+00	   2.8485668863275673e+00	
   3.7458044736197316e-01	   2.1123118722233400e-01	   1.0141114836599250e+01	   1.0833854304293038e+01	   5.4257872376071914e+00	   1.4113152431155765e+01	   8.7804762138162111e+00	   9.1791329025956330e+00	   4.4869425597640733e+00	   7.4844365954638201e+00	  -3.4035354143082515e+00	   1.7252041426604225e+00	   1.1243447111108226e-01	   4.4856665651342862e+00	   6.7873990251581595e-01	   2.4272040731951097e-01	   1.6319290440706913e+00	   2.4640484966955341e+00	   2.7566679282045539e+00	   2.8442958087174204e+00	
   4.0761332512203680e-01	   2.5483026642994677e-01	   1.0397922408876585e+01	   8.3698797983236553e+00	   5.7105300840561455e+00	   1.3905479154669408e+01	   7.6202339118325275e+00	   8.7442543989105150e+00	   3.9884392257641830e+00	   6.3596383694334513e+00	  -2.0668345614419916e+00	   1.3456477183114648e+00	   5.0414025975063117e+00	   3.1167172807105619e+00	   7.0485002032561528e-01	   1.5085144231006392e-01	   1.6695445450481372e+00	   2.4767051245212164e+00	   3.1619438559673760e+00	   2.0734745935427732e+00	
   1.9459663324268031e-02	   2.3851051066086046e-01	   1.1425670839171005e+01	   1.1949619620878785e+01	   8.6705377580013803e+00	   1.2642281442430214e+01	   1.0058394454932557e+01	   6.5481298245601893e+00	  -2.2072319084425485e+00	   6.7638142439881523e+00	   5.3771622315605185e+00	   1.4148678338684688e+01	  -1.5613889848008755e-01	   4.6059816863709475e+00	   7.5654434328879916e-01	   6.2236457460798522e-01	   1.4633324798326559e+00	   1.9312439063335185e+00	   2.2351209569400693e-01	   2.7550464408142106e+00	
  -1.4725369017893153e-01	   2.3102763668460091e-01	   1.1878957694171023e+01	   1.2429127557046202e+01	   1.0168575539198681e+01	   1.1595307513272768e+01	   1.0661266204857219e+01	   5.4414366459217680e+00	  -5.0314580908267494e+00	   6.7891860991792550e+00	   9.4315195793796782e+00	   1.9993379740989006e+01	  -4.6103018632042836e-01	   4.7836386836905724e+00	   8.0007476391622423e-01	   7.8452074268541061e-01	   1.3791774914866135e+00	   1.6905498357704691e+00	  -1.0300868959120715e+00	   2.7546278236799826e+00	
   4.4796125336837300e-02	   2.2785630565991954e-01	   1.1668573728870349e+01	   1.2247417661020895e+01	   8.3198030907661700e+00	   1.2597335710895099e+01	   1.0513056631019904e+01	   6.8266675460061279e+00	  -1.6971114420462543e+00	   6.6002211337466834e+00	   4.2472982069059935e+00	   1.3549791449679553e+01	  -5.0050933979442924e-01	   4.7445978712189794e+00	   7.4224617797122427e-01	   5.7371737536614076e-01	   1.4600995851907062e+00	   1.9776277033789804e+00	   2.5854218617823133e-01	   2.8156026041809676e+00	
   2.0708836388044954e-01	   2.4778695784950419e-01	   1.1665265143109426e+01	   1.1815452013204242e+01	   7.1904367706046379e+00	   1.3353930152116815e+01	   9.8633390429138874e+00	   7.5074024560557575e+00	  -6.0497376624988597e-01	   5.9846441172123388e+00	   5.0249726136288686e-01	   9.0920196878058146e+00	   1.6287358326478862e-01	   4.3876311433911814e+00	   7.0635633813959697e-01	   3.8536392489067711e-01	   1.5230722517008757e+00	   2.1314163538620043e+00	   1.4213070216893025e+00	   2.7563255700301590e+00	
   3.9123191547108271e-01	   2.0384187599450337e-01	   1.0559135165458436e+01	   1.1466629197235251e+01	   5.4142734368985614e+00	   1.3527644668631716e+01	   9.6764954231801603e+00	   9.1524101797774371e+00	   4.3543926887205151e+00	   7.0792932510477327e+00	  -4.2795126953602205e+00	   2.2265191234840613e+00	  -8.6053687294873638e-01	   4.6866842169384375e+00	   6.8835565688249278e-01	   1.7755353021827872e-01	   1.6125068157765470e+00	   2.4570001615436818e+00	   2.5944820011638234e+00	   2.9765315811863355e+00	
   3.7529458363482721e-01	   2.3499230395883097e-01	   1.0620415159411293e+01	   1.1268916630226668e+01	   5.5041541606214528e+00	   1.4460657945756445e+01	   9.1540189910633849e+00	   8.9397283560294518e+00	   3.5624672411266607e+00	   6.8330018894376092e+00	  -3.6739093445752040e+00	   2.2208713037206942e+00	  -2.0423129951306385e-01	   4.4518139634946232e+00	   6.6152080206172204e-01	   2.6115698493415213e-01	   1.6208293792074886e+00	   2.4221673496044160e+00	   2.7165573912533332e+00	   2.8614820509434868e+00	
   1.5201577780957942e-01	   8.0904634475437581e-02	   1.1149374376013553e+01	   1.9210344117395934e+01	   1.1891201226257653e+01	   1.6224684745526542e+01	   9.8683111351626671e+00	   8.7042130068829184e+00	   1.1713764175052304e+01	   5.7972960534641373e+00	   2.8579303436614056e+00	   2.8759698313606830e+00	   1.1386726106200374e+01	   1.0176136426508149e+00	   6.7378564093669491e-01	   1.2270381638664450e-01	   1.6268056570052671e+00	   2.3171655214710021e+00	   2.0632649997343617e+00	   2.5138268614963160e+00	
   2.7702556235087128e-01	   1.2202935012305122e-01	   2.0204239710818568e+00	   4.3183067345678188e+00	   8.0890473410079302e+00	   1.1314748478267809e+01	   6.2272457944741921e+00	   7.9463781516146845e+00	   4.4637496133714727e-01	   1.2178476488092020e+01	   1.1095255613885966e+01	   7.0867868792785771e-01	  -2.9530750424739005e-01	   4.1113319505530148e+00	   6.8023690295688277e-01	   1.3571193717602577e+00	   2.3300814056505179e+00	   1.5524573999338636e+00	  -5.0858908010780191e-03	   3.5203897643578896e+00	
   1.1472964232308772e-01	   3.1782257939583558e-02	  -1.2641422657329677e+00	   1.0660924414766129e+00	   5.2588023208185062e+00	   1.1584471309299209e+01	   3.6443019155988310e-01	   7.6573256249270436e+00	   1.4408413432319636e+01	   7.3351631033306210e+00	   1.2786101023539526e+01	   7.5475619341808757e+00	   1.2878109772218358e+00	   1.7223727075133617e+00	   7.8073212074413678e-01	   1.2286435920067675e+00	   2.0383908291334567e+00	   2.6339881081246115e+00	   3.5271686263462669e+00	   2.7853900645549592e+00	
   3.7841053522298140e-01	   2.3418879341837462e-01	   1.0813079497535767e+01	   1.1313409743052681e+01	   5.5048639938904813e+00	   1.4330069398035837e+01	   9.4352251384252455e+00	   8.9189417615767859e+00	   3.5085637728219181e+00	   6.6473864469136235e+00	  -3.8348351370852258e+00	   2.3226029496940912e+00	  -1.2275205828623939e-01	   4.4549208939487830e+00	   6.6343956827965900e-01	   2.4572642720491311e-01	   1.6064845146151709e+00	   2.4187882194294392e+00	   2.6493942524511738e+00	   2.8352341235817748e+00	
   4.1278713433165015e-01	   2.6027160346827816e-01	   1.2199017254882181e+01	   1.2271739704217119e+01	   5.5194747650117373e+00	   1.4242669686862170e+01	   1.0005914554811767e+01	   8.5398556894134039e+00	   6.7438804353083492e-01	   4.9094346706274647e+00	  -5.3605962906315527e+00	   3.9134964530168284e+00	  -3.2835854393963615e-01	   4.3324068542478731e+00	   6.3794422337654311e-01	   1.2751783322022467e-01	   1.5779002612853319e+00	   2.3313738571893898e+00	   2.6660630947362467e+00	   2.8862722321509224e+00	
   4.1427436138055290e-01	   2.3889315716757908e-01	   1.2002548559110535e+01	   1.2528848775250150e+01	   5.4753685493996782e+00	   1.3769072434633248e+01	   1.0442323126500836e+01	   8.7194037828660953e+00	   1.6436965503254246e+00	   5.2949177423187868e+00	  -5.5794830403640230e+00	   3.7368612817346039e+00	  -1.1191759996783568e+00	   4.6114232573238523e+00	   6.5581812024218900e-01	   1.1651174615269186e-01	   1.5762729313866348e+00	   2.3636235593690542e+00	   2.5384731458437013e+00	   3.0129192116855377e+00	
   4.1411122637869646e-01	   2.5111323397473256e-01	   1.0341384013149890e+01	   8.6143133799329625e+00	   5.6986037297980374e+00	   1.3979403848025461e+01	   7.6642254069098099e+00	   8.7508379556297875e+00	   3.9609935281745408e+00	   6.4421402439536104e+00	  -2.2684588864581521e+00	   1.1659672291947880e+00	   4.5323199232142910e+00	   3.2294427946268587e+00	   7.0640594130729528e-01	   1.4855633339517180e-01	   1.6625167935058112e+00	   2.4716003608155508e+00	   3.1889110699832792e+00	   2.1420733044277469e+00	
   3.7165951059413843e-01	   2.1489977446499497e-01	   1.0205557924920873e+01	   1.0890965474168791e+01	   5.4419617551741153e+00	   1.4268007372572850e+01	   8.8058310736154830e+00	   9.1424622321809785e+00	   4.3462203389158480e+00	   7.3955746195649565e+00	  -3.3693683453732119e+00	   1.8045369324327618e+00	   9.5428681683898675e-02	   4.4764707969123680e+00	   6.7363266000091826e-01	   2.5631891586695182e-01	   1.6299537766363068e+00	   2.4577027858002927e+00	   2.7434641004325706e+00	   2.8397739107891624e+00	
   1.1731775326419622e-01	   1.1582701788165631e-01	   3.4603625380773324e+00	   4.9415145139861663e+00	   5.2931275346406181e+00	   1.2731296133088494e+01	   4.0566316940210321e+00	   8.0104046995695057e+00	   1.0524877703518587e+01	   6.4386921712849476e+00	   8.1733180580017919e+00	   8.3288631951211194e+00	   8.7764462754620998e-01	   2.4831005740821044e+00	   6.8021520406551184e-01	   9.7556044497482408e-01	   1.9490176055912827e+00	   2.5823375948723184e+00	   2.7444386334648532e+00	   2.8151039259834350e+00	
   4.0294755261118881e-01	   2.3710130006550623e-01	   1.0527667868935865e+01	   9.2935084147071443e+00	   5.6193657062712319e+00	   1.3988957416081982e+01	   8.1527916766466806e+00	   8.7859306185097914e+00	   4.0725561691373287e+00	   6.8284703342029696e+00	  -2.8237839211706874e+00	   1.1812920066902519e+00	   3.4492608574056143e+00	   3.5831172664458970e+00	   7.0033141359823581e-01	   1.8029946293372606e-01	   1.6424013471585879e+00	   2.4608551042360274e+00	   2.7677367903039682e+00	   2.3216050565231976e+00	
   3.8321017355405523e-01	   2.2990173636401640e-01	   1.0891464426570165e+01	   1.1486987388157541e+01	   5.4879437051645423e+00	   1.4143931572993919e+01	   9.6254794847790706e+00	   8.9365667746174520e+00	   3.4934132652183574e+00	   6.5928234100597596e+00	  -4.0881716123953940e+00	   2.4425898038412770e+00	  -4.0917225162211490e-01	   4.5255072426965262e+00	   6.6662902250957978e-01	   2.2490620538159317e-01	   1.6028363618226398e+00	   2.4190522935153305e+00	   2.6157288653741304e+00	   2.8822457230997309e+00	
   4.4693553382542933e-01	   2.5482569264653632e-01	   1.2416037604686606e+01	   1.2422333863532483e+01	   5.7017280038628950e+00	   1.4037515802104203e+01	   1.0417072735982783e+01	   8.5236118848013600e+00	   8.0474108982111558e-01	   4.6837040840403210e+00	  -6.0396939241566949e+00	   2.7051358263520222e+00	  -1.5106782057865586e-01	   4.5169945712683743e+00	   4.2036921889219758e-01	   1.4227997534349041e-01	   1.5104370182647251e+00	   2.3184692232218422e+00	   1.3515206017022874e+00	   2.8397830315710406e+00	
   4.0053422557824070e-01	   2.2827938690538951e-01	   1.0153876116380260e+01	   9.6689708097030653e+00	   5.5597108074944259e+00	   1.4397811249950477e+01	   7.9503312435748237e+00	   8.9927232315295456e+00	   4.1345936904597043e+00	   7.0237253262470754e+00	  -2.8198163382449120e+00	   1.1146120542774305e+00	   2.4502427274250200e+00	   3.8797841983211137e+00	   6.9060554669618002e-01	   2.1990415079234399e-01	   1.6384001105605444e+00	   2.4657718472349277e+00	   3.0374976396172317e+00	   2.4752873433324449e+00	
   4.0834604617289338e-01	   2.7327859158583911e-01	   1.0622691508667387e+01	   6.6303964604687575e+00	   5.8644268125658652e+00	   1.3628975152569431e+01	   6.8890496305870244e+00	   8.5295756587831058e+00	   3.9595693417460476e+00	   5.6618812886694334e+00	  -7.3445993646289498e-01	   1.5339921907610363e+00	   8.6795353224425558e+00	   2.1430258820679078e+00	   7.1513333293373915e-01	   8.1020916763627049e-02	   1.7074423873918392e+00	   2.5090366427315871e+00	   3.3070438133546194e+00	   1.5159456841682712e+00	
   4.0542240438392141e-01	   2.1544019413681523e-01	   1.2737489374839264e+01	   1.2336479300877070e+01	   5.3859371353952152e+00	   1.3663146395117050e+01	   1.0405618047799694e+01	   8.4340026845415910e+00	   1.5684020095264635e+00	   6.4250814991507186e+00	  -6.3399266374417262e+00	   2.6618204988780603e+00	   1.7657873332353979e-01	   4.5500028457492849e+00	   6.6321400726788760e-01	   1.4494666098403217e-01	   1.5401205736035564e+00	   2.3311500295980037e+00	   1.1779361958341368e+00	   2.9005712201673788e+00	
   1.2051745966521546e-01	   1.1582701788165631e-01	   3.4603625380773324e+00	   4.9415145139861663e+00	   5.2931275346406181e+00	   1.0627195671866337e+01	   4.0566316940210321e+00	   9.3620783456470740e+00	   1.0524877703518587e+01	   9.2999422080676535e+00	   8.1733180580017919e+00	   8.8061883046368408e+00	   6.0621306522700324e-01	   3.3713360997299140e+00	   6.7593240190542514e-01	   9.7556044497482408e-01	   1.9490176055912827e+00	   2.5444519543636268e+00	   2.0647868084028254e+00	   2.8151039259834350e+00	
   4.1199257208602102e-01	   2.5299441086121671e-01	   1.1891812634458889e+01	   1.2083552824226631e+01	   5.5651796207457389e+00	   1.3960640029464985e+01	   9.7907249362481483e+00	   8.7910061331475227e+00	   9.6197243047557468e-01	   4.8405115103473104e+00	  -4.7466526883484219e+00	   3.6970845010752411e+00	  -1.6072304092725007e-01	   4.3468024462734132e+00	   6.5488292149732030e-01	   1.4298349114593911e-01	   1.5097587719551904e+00	   2.3422102645713068e+00	   2.6911735606532345e+00	   2.9158101132243854e+00	
   4.1141314611918406e-01	   2.1694144578670527e-01	   4.5697976705576266e+00	   1.7209493838107871e+01	   5.5575357025422853e+00	   1.4508944953036076e+01	   1.1423933241133986e+00	   8.7404454646696976e+00	   6.2834417498072916e+00	   5.1828110577213264e+00	  -5.0176692148025470e+00	   3.5736024168331078e+00	  -1.8969719675380314e-01	   4.3157731552653544e+00	   6.4083077692750545e-01	   2.1662780064833631e-01	   1.4392187496547315e+00	   2.3424053886758189e+00	   9.5827697217061791e-01	   2.8765506441748343e+00	
   4.0147248248588335e-01	   2.1882365509547416e-01	   1.0163785549215117e+01	   9.8699479375932331e+00	   5.5216564633137883e+00	   1.4337082497687682e+01	   8.0944239663921707e+00	   9.0642752056856022e+00	   4.2061027090559602e+00	   7.1144172360527040e+00	  -3.0344156673197484e+00	   1.1224211129866530e+00	   2.0885276605918515e+00	   4.0233956666518988e+00	   6.9178746893323706e-01	   2.1765241960255752e-01	   1.6268447383936691e+00	   2.4672164412773414e+00	   2.9830396970607156e+00	   2.5344728166456485e+00	
   3.7860910180876894e-01	   2.3647886788504227e-01	   1.0910598946892963e+01	   1.1431847350121100e+01	   5.5099018756207192e+00	   1.4351241424904725e+01	   9.5527027405975051e+00	   8.8881051226077030e+00	   3.3795746449791131e+00	   6.5354911085707492e+00	  -3.9195490280413963e+00	   2.4104975445286740e+00	  -2.4289665291030793e-01	   4.4739608077413493e+00	   6.6058786076038634e-01	   2.4523952235749380e-01	   1.6021992538584078e+00	   2.4123491653104807e+00	   2.6233724281822113e+00	   2.8476485632695439e+00	
   3.9299675352961583e-01	   2.5292703668805255e-01	   4.7472568642028321e+00	   8.8109237698620806e+00	   9.2911783274714193e+00	   1.3731793970553754e+01	   1.4471462634558350e+00	   1.2981907307664834e+01	   2.1117823246077760e-01	   5.2790755411315029e+00	   6.1474745642838560e+00	   2.2790219112408225e+00	   2.3625474241943603e+00	   9.4873750351911745e+00	   2.9525749404708561e+00	   1.6392192251708121e-01	   2.8550831252809870e+00	   1.8097263440023938e+00	   3.2039767799923200e+00	   2.4502083324164139e+00	
   4.0184620468295601e-01	   2.5346660283069622e-01	   1.1694097041659065e+01	   1.2095478344464054e+01	   5.5455319619458558e+00	   1.4539980847178922e+01	   9.6255514253850905e+00	   8.6368539559284621e+00	   1.4108042837734600e+00	   5.4785655844364474e+00	  -4.8288044296413641e+00	   3.4113851755896878e+00	  -4.7973582338685949e-01	   4.3992053926330996e+00	   6.4151404181941474e-01	   1.8616725872593276e-01	   1.5962915824748025e+00	   2.3543867328568862e+00	   2.7116198255129280e+00	   2.9129475935495277e+00	
   1.0162792885664265e-01	   2.3247654602013251e-01	   1.1295415188314484e+01	   1.1860952682199216e+01	   7.9672326495524839e+00	   1.2835035341586787e+01	   9.9943279852100346e+00	   7.0946217448474425e+00	  -8.8848982474402671e-01	   6.7540377138147489e+00	   3.2375067062803429e+00	   1.1612651228578073e+01	  -2.7082137325017586e-01	   4.6077621752452869e+00	   7.4090936918514760e-01	   5.2152859887062797e-01	   1.4946232765314154e+00	   2.0422143681487750e+00	   7.4038578933541555e-01	   2.7972157765130352e+00	
   4.1368478134106307e-01	   2.5881561276817000e-01	   1.0429294314577715e+01	   7.9542360099753644e+00	   5.7557925767396334e+00	   1.3866262757020701e+01	   7.3986507999196087e+00	   8.6730341800136426e+00	   3.9488580147302232e+00	   6.1807723583850622e+00	  -1.7781233018739093e+00	   1.2561618012254550e+00	   5.9023602815379039e+00	   2.8679671435770797e+00	   7.1000154265226534e-01	   1.2516633818993794e-01	   1.6768868122383189e+00	   2.4831724070688801e+00	   3.2376363318705406e+00	   1.9343845346408144e+00	
   8.2288162718876456e-02	   2.3096607068805464e-01	   1.1393175297496445e+01	   1.2026536068318606e+01	   8.1029641192997239e+00	   1.2775529528494795e+01	   1.0146055918770497e+01	   6.9930190471075484e+00	  -1.1909686343440335e+00	   6.7216519764034111e+00	   3.5909859897682948e+00	   1.2288776695860921e+01	  -4.4985565356738372e-01	   4.6660219909184635e+00	   7.4203253831427352e-01	   5.4213797331250768e-01	   1.4843321670953908e+00	   2.0180715310525872e+00	   5.8263531632755550e-01	   2.8190500227688626e+00	
   3.7379792149058144e-01	   2.3085301052048021e-01	   1.0505995863243285e+01	   1.1158354776822730e+01	   5.4897660634589798e+00	   1.4431382565483773e+01	   9.0470147277932149e+00	   8.9875087357397714e+00	   3.7571758208408284e+00	   6.9841077254743018e+00	  -3.5724468486136902e+00	   2.0965526868241877e+00	  -1.0687763843233972e-01	   4.4526460321619332e+00	   6.6411243611950543e-01	   2.6271788082597364e-01	   1.6234179612857649e+00	   2.4304650015190670e+00	   2.7283269808636779e+00	   2.8522599898938088e+00	
   7.3418510578296570e-02	   2.3038978719980549e-01	   1.1376366464357707e+01	   1.2196748476809077e+01	   8.1716560214486584e+00	   1.2737595846391132e+01	   1.0221569336430170e+01	   6.9468976234611413e+00	  -1.3336575462191016e+00	   6.7974162648189722e+00	   3.7072856272444170e+00	   1.2555406413429594e+01	  -7.9286318003179623e-01	   4.7550818102092860e+00	   7.4400428690735887e-01	   5.5677285225122075e-01	   1.4782988634237506e+00	   2.0020890333609809e+00	   5.1570133944609742e-01	   2.8694971607143267e+00	
   3.8187364104840804e-01	   2.2674849314973750e-01	   1.0582278991274805e+01	   1.0492011619108149e+01	   5.5117730841102608e+00	   1.4020719082374532e+01	   8.8487783318905500e+00	   8.9324085808977021e+00	   4.0147833535259849e+00	   7.0198249454693782e+00	  -3.3946217454434215e+00	   1.8471600835676596e+00	   1.2055663985170781e+00	   4.1463897535830041e+00	   6.8111068211036496e-01	   2.1449364886683445e-01	   1.6305406692174027e+00	   2.4475554472467311e+00	   2.6110821163446811e+00	   2.6687174060311420e+00	
   4.0079744128931616e-01	   2.6126659271312291e-01	   1.0536862292097904e+01	   7.5070492039417207e+00	   5.7775005944027402e+00	   1.3760462131663594e+01	   7.2834457089666325e+00	   8.6556829215171014e+00	   4.0391264751583993e+00	   6.0186052403254706e+00	  -1.2766174928934175e+00	   1.5896593538221346e+00	   6.9132734422364797e+00	   2.6231544469998820e+00	   7.0659417333661856e-01	   1.1709015337148412e-01	   1.6914983660678535e+00	   2.4984742116649472e+00	   3.1910819078180261e+00	   1.7883359782868262e+00	
   3.9519551743383496e-01	   2.1565974991050660e-01	   9.3766972337537329e+00	   8.5871233264837734e+00	   5.5705712467305588e+00	   1.4373796143434046e+01	   7.2150123366568195e+00	   9.1616474789763451e+00	   5.5403955815688377e+00	   7.8637505507278060e+00	  -1.8370600079957775e+00	   4.4432593038774115e-02	   3.6164068857586269e+00	   3.6822277317648329e+00	   7.1161001418334779e-01	   2.5031889158330745e-01	   1.6630001493080269e+00	   2.5190248952638266e+00	   3.1613086863104733e+00	   2.2946435171645962e+00	
   8.9362709668396018e-02	   2.3155286671808462e-01	   1.1341209086305367e+01	   1.1984856893033093e+01	   8.0620477650217932e+00	   1.2809153748909317e+01	   1.0076804847060018e+01	   7.0244086857306236e+00	  -1.0954621933426067e+00	   6.7445653270101262e+00	   3.4671433843006003e+00	   1.2050829955623206e+01	  -4.4029757386827573e-01	   4.6511951425233926e+00	   7.4199222565353506e-01	   5.3617910902914900e-01	   1.4889047257068602e+00	   2.0257030650441834e+00	   6.4378995676212791e-01	   2.8197005322198745e+00	
   4.0493604719062282e-01	   2.5737364320815748e-01	   1.1827173035951407e+01	   1.2196365771047656e+01	   5.5550800595270724e+00	   1.4605645573431159e+01	   9.6255633530933551e+00	   8.5871617547901131e+00	   1.0655089945990452e+00	   5.2938223217590146e+00	  -4.9516008955557576e+00	   3.5720108528143268e+00	  -4.9143522021783959e-01	   4.3782646235163467e+00	   6.3734999345638321e-01	   1.7974436517896550e-01	   1.5952064620812825e+00	   2.3436652226424766e+00	   2.7275184877703849e+00	   2.9180379448010632e+00	
   3.8832209793953193e-01	   2.6004355345952074e-01	   1.0871669264286476e+01	   1.1530276258835109e+01	   5.6048744104692858e+00	   1.4629754883848415e+01	   9.0921100432711111e+00	   8.6908528796365090e+00	   2.5919294865433229e+00	   6.2872868235927850e+00	  -3.9239276053397982e+00	   2.6008205696003732e+00	  -4.4453833062391057e-01	   4.3202980961419142e+00	   6.5429452804544841e-01	   2.4795657674108931e-01	   1.6368785183950461e+00	   2.3861695273707983e+00	   2.8451386053082000e+00	   2.8984255879471017e+00	
