   4.4904258191402286e+00	   4.1076292964987848e+00	   1.8071085332220900e+01	   1.4537428035409905e+01	   1.2150218378041673e+01	   2.3701379929838605e+01	   9.3088668457498667e+00	   3.1778715510414230e+01	   6.6420620647218598e+01	   6.6150731266904728e+01	   6.5753951107697475e+01	   6.1717049009556206e+01	   6.5721541642821151e+01	   2.9284498667363440e+01	   1.8672003607411234e+01	   1.4455264861441785e+01	   1.0170962341073977e+01	   1.4869278591793590e+01	   8.0760874709595072e+00	   9.9659790218028217e+00	
   4.4900683054538675e+00	   3.9560028214665066e+00	   1.8916881048190263e+01	   1.2418905338407836e+01	   1.4204193907580512e+01	   2.1927104134331913e+01	   1.0238331510818664e+01	   3.0313997803026766e+01	   6.6791943344152315e+01	   6.6508281054924808e+01	   6.7188915224599981e+01	   6.4504001333725768e+01	   6.6875486127100174e+01	   3.1762561708557605e+01	   1.7916042722998220e+01	   1.5329263347394811e+01	   1.0027645284205642e+01	   1.4929892165441132e+01	   7.5468963486967784e+00	   1.0517326622105543e+01	
   4.3814804715932629e+00	   3.7109608590224199e+00	   1.6428920757063729e+01	   1.4006581794532048e+01	   1.7209830641779767e+01	   1.8458900455316350e+01	   9.7668456354000224e+00	   3.0528317558665080e+01	   6.6440152251683983e+01	   6.7975448058904462e+01	   6.7967752475157951e+01	   6.5587839786769706e+01	   7.1269754258190346e+01	   2.7699941010309093e+01	   1.5891036614026831e+01	   1.4277831270589388e+01	   1.5635325703660607e+01	   1.4920964299030445e+01	   7.1676080277796288e+00	   1.1773760403376096e+01	
   3.3521480878760928e+00	   3.6649573291964743e+00	   4.7485621275190596e+01	   2.0466829984031193e+01	   2.1375397442885571e+01	   2.0515223542097406e+01	   1.7360384893712489e+01	   2.5216151898682515e+01	   6.9138756796096132e+01	   6.6065636352662281e+01	   7.0413668975391175e+01	   7.3115598933514235e+01	   7.3862926875680813e+01	   5.2907085982156481e+01	   1.3343951860315020e+01	   1.4502357613136160e+01	   7.9229239002503844e+00	   1.3152218554358651e+01	   5.7073150773215122e+00	   1.1639134288522431e+01	
   4.6965980771727001e+00	   3.8232154673342729e+00	   2.0252437797286603e+01	   1.1640263777017600e+01	   1.5782930854003826e+01	   2.0179626636916588e+01	   9.1842990717322408e+00	   2.9013635366199708e+01	   6.7952408033251984e+01	   6.6883046632925357e+01	   6.7869965343023793e+01	   6.6744195741363711e+01	   6.8125720879324817e+01	   3.7246612245939907e+01	   1.8643708474733693e+01	   1.4748110138609050e+01	   8.9298912344558623e+00	   1.5046038742744688e+01	   7.1560931400086867e+00	   1.0852909333137175e+01	
   4.3758788760797920e+00	   3.6696881767971892e+00	   2.5388356535182947e+01	   1.3961256092218179e+01	   1.9835167922218442e+01	   1.7840818456226007e+01	   9.9112938025088315e+00	   2.6027644422156701e+01	   7.0254202742223512e+01	   6.8166937280721768e+01	   6.8145459894714463e+01	   7.1959351909695670e+01	   7.1871424814158459e+01	   4.5419442763059330e+01	   1.5561763104957288e+01	   1.1589759554083939e+01	   7.3754124801054521e+00	   1.4465174068763387e+01	   7.0691725274315589e+00	   1.1946426182980757e+01	
   4.4423927959685985e+00	   3.9367186811235380e+00	   1.8270958501706033e+01	   1.4584781405296358e+01	   1.4581478023701285e+01	   2.1460907552286940e+01	   1.6162064731582618e+01	   2.6936470671493943e+01	   6.8158183998311642e+01	   6.7069817486348228e+01	   6.6638042950146769e+01	   6.6194061365300541e+01	   6.7440831958837251e+01	   3.0311579351807588e+01	   1.7596307687016811e+01	   1.5854478147342475e+01	   8.4234273013150407e+00	   1.4623747614093757e+01	   7.8483594332868529e+00	   1.1032055938862236e+01	
   4.5515923510615712e+00	   3.8443110650701904e+00	   2.1081967346744364e+01	   1.2266509142055096e+01	   1.5949692199068298e+01	   2.0122256816686448e+01	   1.0101818846003912e+01	   2.9012619994559891e+01	   6.7954632069497237e+01	   6.6803764069234106e+01	   6.7728705620130654e+01	   6.7155532983018119e+01	   6.8270562306485886e+01	   3.6567499507712355e+01	   1.7127346500256319e+01	   1.4573946838377978e+01	   8.9034951016612176e+00	   1.4854673855456092e+01	   7.2641635022799358e+00	   1.1002869281838453e+01	
   4.4571217484939716e+00	   4.0199252127415486e+00	   1.8988000567987534e+01	   1.3890101327766716e+01	   1.3737384984270854e+01	   2.2695585996269866e+01	   9.7992243731482951e+00	   3.0827556952676730e+01	   6.6795427438740006e+01	   6.6375150203656020e+01	   6.6674241558301091e+01	   6.3316190733347092e+01	   6.6873560462698705e+01	   3.0717072224231654e+01	   1.8201807565170430e+01	   1.4492131872500424e+01	   9.8159167705832573e+00	   1.4808178617141639e+01	   7.8618252868908476e+00	   1.0529550098132123e+01	
   4.5802863708679098e+00	   4.4741373608738364e+00	   2.2190629593771664e+01	   1.1785860238224336e+01	   1.6678071050132807e+01	   1.9962949094070638e+01	   9.8446690074320529e+00	   2.8660138012171821e+01	   6.7646591746068026e+01	   6.6843885256683279e+01	   6.8250933876632516e+01	   6.7013927840098660e+01	   6.8183319222641728e+01	   3.4907111402046212e+01	   1.7419102898545560e+01	   1.4973342667719418e+01	   8.8705043042599225e+00	   1.4726327077352408e+01	   7.1014203936751530e+00	   1.0899384074939285e+01	
   4.0879077754524129e+00	   3.7764006526966547e+00	   2.8221678597304070e+01	   1.7343042480474161e+01	   2.0945570604762153e+01	   1.9055662721711265e+01	   1.2081639917979025e+01	   2.4633985950820655e+01	   7.1224422187571164e+01	   6.9050738321735395e+01	   6.7389334089638396e+01	   7.2656021470919896e+01	   7.3436702708963324e+01	   5.3678544082434811e+01	   1.5505209783943005e+01	   1.1958041213706558e+01	   7.3524849534898991e+00	   1.4178519092134538e+01	   7.4924901800787556e+00	   1.2175845005340163e+01	
   2.8879017069097470e+00	   3.5924946460507563e+00	   6.3139999092782908e+01	   2.2976711825286625e+01	   2.2671892580679120e+01	   2.1256567877708111e+01	   2.1622768851100211e+01	   2.4633436184191027e+01	   6.8495769878237823e+01	   6.4962694069517539e+01	   7.2281992043987486e+01	   7.4414597653705684e+01	   7.5165689976080614e+01	   5.6817225832168390e+01	   1.1562747629511920e+01	   1.4232126311941212e+01	   7.8914263805937956e+00	   1.2403800300312259e+01	   3.4158173882885343e+00	   1.1585105083939482e+01	
   2.8517717413956944e+00	   3.6044043545200943e+00	   6.2246975384843175e+01	   2.3842142745764836e+01	   2.2412944095574495e+01	   2.1718929319710000e+01	   2.1976285315693438e+01	   2.4880692621634168e+01	   6.8184749955067019e+01	   6.4410039825344015e+01	   7.2360413883347661e+01	   7.4183746634221563e+01	   7.4981296726327130e+01	   5.5097889151606488e+01	   1.1555888017974020e+01	   1.5692385199693852e+01	   8.1774078684395626e+00	   1.2298656906637280e+01	   4.4502405041945057e+00	   1.1433310870877511e+01	
   4.7397663231939857e+00	   2.4269451562254125e+00	   5.1301237088812606e+01	   4.4930013993557289e+01	   1.6901883429656614e+01	   2.0611760030847829e+01	   5.1301237088812606e+01	   2.5766003957256281e+01	   6.6702858989368437e+01	   7.0925556768233520e+01	   3.6102476141931980e+01	   6.0378219293587854e+01	   6.9680996143571903e+01	   5.5003819773663537e+01	   1.0586333370113033e+01	   9.4397953071721634e+00	   8.5925641833830255e+00	   1.3009421771483190e+01	   8.4051099830436797e+00	   1.1008290265452203e+01	
   3.9880510009635342e+00	   4.2699586666682166e+00	   2.1792233261108443e+01	   9.1737018822131056e+00	   2.2843658304491129e+01	   1.8110405208421053e+01	   9.1737018822131056e+00	   2.3989422685565483e+01	   7.0122719841740221e+01	   6.9746591135275324e+01	   6.7575917634890047e+01	   7.5121135826116401e+01	   7.5200164161456385e+01	   5.9822717387064976e+01	   1.4791551899074136e+01	   1.0440111263718045e+01	   6.6379017214243659e+00	   1.4010562282144935e+01	   5.7208018798001179e+00	   1.2610805084726840e+01	
   4.3900996532244960e+00	   2.3194400497891201e+00	   9.4638742242729101e+00	   4.0781676657750765e+01	   5.3898062951837048e+01	   2.9349806791765779e+01	   3.8634233065782297e+01	   2.1748100626270535e+01	   6.0011886523213192e+01	   5.5380510510521312e+01	   5.8340342897854249e+01	   2.7349096126758504e+01	   3.7031566975587609e+01	   6.3847351337197139e+01	   3.0112165869152627e+00	   1.8856936383906962e+01	   1.2155795647491859e+01	   8.0498920736158439e+00	   1.9476270865629612e+01	   8.0223661126695980e+00	
   2.8973935484052120e+00	   3.5939493109152987e+00	   6.2416801304935383e+01	   2.2932150470256346e+01	   2.2658237670929005e+01	   2.1239159096673660e+01	   2.1547300163153523e+01	   2.4633440532750459e+01	   6.8517353048436192e+01	   6.4995029796049010e+01	   7.2243291961536571e+01	   7.4400687618729805e+01	   7.5152013984335767e+01	   5.6792399399657626e+01	   1.1593931826702836e+01	   1.4214138690157052e+01	   7.8871634466507849e+00	   1.2417838020547673e+01	   4.6585355011628282e+00	   3.8783024033018738e+00	
   4.5921816776513467e+00	   3.7150152406678227e+00	   2.3013510195998414e+01	   1.2261873390818584e+01	   1.7500196833221040e+01	   1.8611105144957175e+01	   8.4714417118431893e+00	   2.8007392663469538e+01	   6.8851417786178317e+01	   6.7073844439630264e+01	   6.8171996491602911e+01	   6.9118670525403672e+01	   6.9682524004913148e+01	   4.1242214303941473e+01	   1.6793377536241710e+01	   1.4643741582342148e+01	   8.1201035054922013e+00	   1.4768431069714197e+01	   6.9185251714487892e+00	   1.1346011661215575e+01	
   4.4931772167771351e+00	   3.9311610379530193e+00	   1.8533203794347848e+01	   1.1534705722280783e+01	   1.4812052705399509e+01	   2.1062403346112113e+01	   1.0443963131406981e+01	   2.9760713983628929e+01	   6.7046708303492238e+01	   6.6675553224464537e+01	   6.7462567812181774e+01	   6.5884518560248239e+01	   6.7446721793513902e+01	   3.3749528575889222e+01	   1.7569704942359877e+01	   1.4838281669437011e+01	   1.0023943299110927e+01	   1.5004207685601264e+01	   7.3513529571375384e+00	   1.0670613458968530e+01	
   4.1041725795022224e+00	   3.7460318871229377e+00	   2.8734909472483160e+01	   1.7116439733963006e+01	   2.1225375322986622e+01	   1.9284448254926467e+01	   1.2315479209168727e+01	   2.4385901105519707e+01	   7.0963618668649090e+01	   6.9009845383127427e+01	   6.7614263443337876e+01	   7.2058866223034542e+01	   7.3136259469645324e+01	   4.8408725813033797e+01	   1.5888849701205627e+01	   1.5193652345794792e+01	   7.5455925793591208e+00	   1.4112252653750499e+01	   7.4569120425808695e+00	   1.2017819830003999e+01	
   4.4557310884089789e+00	   3.7220939809731690e+00	   2.4218714865473153e+01	   1.3293350815305054e+01	   1.8579679289854980e+01	   1.8617154304711129e+01	   1.0166215066080824e+01	   2.7029299939650610e+01	   6.9350365046031229e+01	   6.7568941974651992e+01	   6.8126148807014744e+01	   7.0171746490656332e+01	   7.0619367548733877e+01	   4.2744393194049671e+01	   1.6374724505331880e+01	   1.4738682069314953e+01	   8.3135074203640329e+00	   1.4585768095727653e+01	   7.3035366651267051e+00	   1.1563315820976978e+01	
   4.5966037703593257e+00	   3.6332154627282236e+00	   2.2968041963531938e+01	   1.2819333592278783e+01	   1.8440882638128532e+01	   1.8597753867126933e+01	   1.0497097497708308e+01	   2.8011729463941407e+01	   6.9185741892018015e+01	   6.8025619139098396e+01	   6.8354013771448706e+01	   6.9946604360038037e+01	   7.0240171314969544e+01	   4.1233212100117242e+01	   1.6829959141534644e+01	   1.4334978190316550e+01	   7.7267089419148896e+00	   1.4428905169387807e+01	   6.9183280656017576e+00	   1.1342299609279415e+01	
   4.7512147451859779e+00	   1.8321548205361013e+00	   6.2857806868176809e+01	   3.7798045699760934e+01	   2.0535472869767741e+01	   2.0034756163374361e+01	   6.5840269049096861e+01	   2.5736153369875318e+01	   6.9763609062445170e+01	   6.8472793714237554e+01	   5.3052056270653296e+01	   5.5685278386539181e+01	   6.9225825019877277e+01	   6.1768944638124701e+01	   1.2632872257439610e+01	   1.2569183311144148e+01	   8.1812890222825327e+00	   1.2880856368757753e+01	   7.3976574871476437e+00	   1.0215381963976832e+01	
   4.4415495342718616e+00	   3.6714279861674330e+00	   2.4524584398327161e+01	   1.1735299081727167e+01	   1.8853759678483300e+01	   1.8130069401579359e+01	   1.1048888643182465e+01	   2.7005072588418887e+01	   6.8694468811635474e+01	   6.7148810922664850e+01	   6.8922315980296688e+01	   7.0383988017539693e+01	   7.0381346425595609e+01	   4.0053395932770634e+01	   1.5709327112556313e+01	   1.4474319584640513e+01	   7.9173796296802017e+00	   1.4415214861332355e+01	   6.7706081770396835e+00	   1.1509523426714184e+01	
   4.3338573542884760e+00	   1.3964928095321010e+00	   6.1149349199268272e+01	   3.4517691835374407e+01	   2.9714150588147159e+01	   2.1525473526867319e+01	   6.5457066241442774e+01	   2.1618599059860561e+01	   6.4547557753141319e+01	   6.3318309036303347e+01	   3.4453524196392351e+01	   6.4365193982136788e+01	   6.7905449003844581e+01	   5.1456027872832372e+01	   1.8178393708074218e+01	   6.7717120651175966e+00	   8.9771605743174376e+00	   7.1483252479585495e+00	   8.4524818961791901e+00	   7.5701829999505623e+00	
   4.4660602169448653e+00	   3.9666244292931188e+00	   1.8848269244563696e+01	   1.2545012239105922e+01	   1.4106455498384367e+01	   2.2135034950582526e+01	   1.0325693512843131e+01	   3.0389508631112616e+01	   6.6692076234389134e+01	   6.6506403130295510e+01	   6.7131413579171181e+01	   6.4273242268860116e+01	   6.6796567443967149e+01	   3.1293662499038390e+01	   1.7925027141261911e+01	   1.5436440587845027e+01	   1.0147948803385599e+01	   1.4914031365643627e+01	   7.5871750253066867e+00	   1.0479200472109982e+01	
   4.5566700688671959e+00	   3.7745441300447720e+00	   2.2261571564689358e+01	   1.2253911906193728e+01	   1.6799937646339625e+01	   1.9326237540573221e+01	   9.5782776772738725e+00	   2.8490220041135636e+01	   6.8367978788553330e+01	   6.6929750604649229e+01	   6.8001970296629622e+01	   6.8242904981358180e+01	   6.8956394553848085e+01	   3.8511253506363211e+01	   1.6720353954942272e+01	   1.4473023314984642e+01	   8.4663446287038493e+00	   1.4774558535847218e+01	   7.0975166869857702e+00	   1.1197245721135383e+01	
   4.5797940451037356e+00	   4.6143994000671569e+00	   2.1975735123928565e+01	   1.1693099161974676e+01	   1.6481870169413991e+01	   2.0259520846057089e+01	   1.0127170596152581e+01	   2.8139503485407342e+01	   6.7410705471666333e+01	   6.6804871964141483e+01	   6.8253349033862932e+01	   6.6577203389159877e+01	   6.7874507601922673e+01	   3.3662731550485937e+01	   1.7563152033583041e+01	   1.5038207865438272e+01	   9.0273003782079222e+00	   1.4726097103510090e+01	   7.1428429123992663e+00	   1.0805548371651108e+01	
   4.5966037703593257e+00	   3.6332154627282236e+00	   2.2968041963531938e+01	   1.3139275407794790e+01	   1.8440882638128532e+01	   1.8597753867126933e+01	   1.0962063996992494e+01	   2.8011729463941407e+01	   6.9185741892018015e+01	   6.8391983033174540e+01	   6.8354013771448706e+01	   6.9946604360038037e+01	   7.0606145408334413e+01	   4.1824544041558276e+01	   1.4421548755322810e+01	   1.4334978190316550e+01	   7.3707416551525480e+00	   1.4552376424389275e+01	   6.9312221913707956e+00	   1.1586528225306470e+01	
   4.2634795062225415e+00	   1.3230283028832446e+00	   6.3774721466407229e+01	   6.1636098693784639e+01	   3.1488446633805221e+01	   2.2548112321772500e+01	   6.6167648101748611e+01	   2.7015458392249911e+01	   7.5294889613628513e+01	   6.6479766024577984e+01	   6.6699962549258913e+01	   6.3548146079435966e+01	   6.6921229244969879e+01	   4.9716988610430484e+01	   1.8141966603696105e+01	   1.7470370211304072e+01	   9.1113662416680565e+00	   1.4799070302390465e+01	   1.4038359436599118e+01	   7.1241302527017973e+00	
   4.2037333216682429e+00	   3.7822945296945552e+00	   2.6901656712046851e+01	   1.6429386788703503e+01	   2.0098905333982380e+01	   1.9478318362257774e+01	   1.1967907965522736e+01	   2.5381757945232131e+01	   7.0351121815714549e+01	   6.8340063995219523e+01	   6.7541563104505599e+01	   7.1103382303897774e+01	   7.2087747877787976e+01	   4.6603792573449631e+01	   1.6131029251805870e+01	   1.4983365373601979e+01	   7.9604059299534695e+00	   1.4232288833397279e+01	   7.4225263232146519e+00	   1.1756376496795800e+01	
   4.6911929688112961e+00	   3.8670216725657509e+00	   1.9491667579053161e+01	   1.1362461051290184e+01	   1.5022984817956143e+01	   2.0185190553650230e+01	   9.5064676124990264e+00	   2.9681415585041691e+01	   6.7628567168829818e+01	   6.6524013126169777e+01	   6.7670627838872875e+01	   6.6437155621305678e+01	   6.7536617210975933e+01	   3.5690704327148509e+01	   1.7840776918389523e+01	   1.4431399846223334e+01	   9.0198180768580336e+00	   1.5062763968985859e+01	   7.2094669331640580e+00	   1.0836723523699625e+01	
   4.3559260654958294e+00	   3.7202696066859451e+00	   2.5032504768191231e+01	   1.4306104582055191e+01	   1.9228382190968773e+01	   1.8619473772248487e+01	   1.0092658615293223e+01	   2.6474085969953926e+01	   6.9887675891067175e+01	   6.8051342270080269e+01	   6.7918694610101298e+01	   7.0868411697773681e+01	   7.1373618200207176e+01	   4.3876519701320802e+01	   1.5939337246957143e+01	   1.2430991050744943e+01	   7.6974405910456198e+00	   1.4465649179982625e+01	   7.2047666918925515e+00	   1.1772737141414776e+01	
   4.5629924951177241e+00	   3.6769728372063484e+00	   2.3871289893435030e+01	   1.2385264470487048e+01	   1.8034147987519663e+01	   1.8059543000915184e+01	   8.1798244481344327e+00	   2.7722638964119795e+01	   6.9115491118137342e+01	   6.7106346013735916e+01	   6.8291683166855265e+01	   6.9889692918555824e+01	   7.0160027759979528e+01	   4.2453319779390711e+01	   1.6144795836443627e+01	   1.4595875129142229e+01	   7.8516477968293508e+00	   1.4680457753592272e+01	   6.8268128104140917e+00	   1.1504499902216518e+01	
   4.4434210424390290e+00	   3.6485216960401079e+00	   2.4840680338146790e+01	   1.1728568029937090e+01	   1.8983474064791586e+01	   1.7876283559987016e+01	   1.0813355222797462e+01	   2.6718541551987066e+01	   6.8978276404773993e+01	   6.7613817936471762e+01	   6.9223897618121242e+01	   7.1756551912837310e+01	   7.0704625591335343e+01	   3.9858672928266181e+01	   1.5650473354331428e+01	   1.4577818766878453e+01	   7.5504918586309575e+00	   1.4325731490548085e+01	   6.6271192081016874e+00	   1.1635071316818816e+01	
   4.5862466884842519e+00	   3.7426093975744466e+00	   2.2653997367434506e+01	   1.2319811039634395e+01	   1.7243256293093182e+01	   1.8836462250661594e+01	   8.7378747769928928e+00	   2.8281755424928200e+01	   6.8651685061996233e+01	   6.6826491601006111e+01	   6.7964393727161621e+01	   6.8709428103455195e+01	   6.9363134253754296e+01	   4.0819624310619098e+01	   1.6791072863051880e+01	   1.4528999118091479e+01	   8.4074716184074934e+00	   1.4817667280741764e+01	   7.0313595320220159e+00	   1.1276232377161687e+01	
   4.5924622202039016e+00	   3.6879829905988073e+00	   2.3456307357691067e+01	   1.2289208019487548e+01	   1.7825698884779030e+01	   1.8295849734689043e+01	   8.1131732308009337e+00	   2.7809485997105803e+01	   6.9027702171282868e+01	   6.7120656061409719e+01	   6.8257059388348566e+01	   6.9530727398993420e+01	   6.9984753158539363e+01	   4.2175504670096821e+01	   1.6656588936170440e+01	   1.4678360606447777e+01	   7.9663444252920428e+00	   1.4739888181742147e+01	   6.8473370038294972e+00	   1.1420667723529117e+01	
   4.2053759731463405e+00	   3.7824309136375098e+00	   2.6879495765952527e+01	   1.6413425290328789e+01	   2.0084520775582149e+01	   1.9480655727754300e+01	   1.1958630574082662e+01	   2.5393862500786557e+01	   7.0343127227551591e+01	   6.8335207953684673e+01	   6.7542657624688843e+01	   7.1088853725478884e+01	   7.2074542978406143e+01	   4.6572606358724094e+01	   1.6139403671346795e+01	   1.4982581299765950e+01	   7.9636370931694405e+00	   1.4235000951633495e+01	   7.4216383374998696e+00	   1.1753365363101977e+01	
   4.2815705391422467e+00	   3.9572184705809414e+00	   2.2149869171051925e+01	   1.0989118560274731e+01	   2.1094489244240926e+01	   2.0819292824399845e+01	   1.8862857367613451e+01	   3.0344422241858066e+01	   6.3420291479194290e+01	   5.6012914347483054e+01	   6.3078336290961666e+01	   4.1094961780969079e+01	   6.6010742650972119e+01	   5.5264794476634890e+01	   1.5001664227743811e+01	   1.1896073056143434e+01	   1.8330017992322329e+01	   1.6342895527966490e+01	   9.7099835685316958e+00	   9.2507940970570548e+00	
   4.2043437764422968e+00	   4.0951782940179129e+00	   2.1003521369653633e+01	   1.0628914359624238e+01	   2.2176158061508623e+01	   2.2117463368308073e+01	   2.2634899490628086e+01	   3.1956428637131186e+01	   6.0874284480213653e+01	   5.0637275867156411e+01	   6.0257268235583844e+01	   2.6912831903549964e+01	   6.3900918293812687e+01	   6.2607802630484102e+01	   1.4660053670478472e+01	   1.0651474459453322e+01	   1.9853210439706380e+01	   1.7273446049819825e+01	   1.1128910132365352e+01	   8.1604362422429215e+00	
   4.3864492933880079e+00	   4.0643503666556704e+00	   1.9638791563644563e+01	   1.0706240235849378e+01	   1.9483469739087923e+01	   2.1313335196430824e+01	   1.7939245717806866e+01	   3.0892064666193271e+01	   6.3522196185595590e+01	   5.6517751824007028e+01	   6.3127196143017720e+01	   4.1341856782917446e+01	   6.5419245392243383e+01	   5.3156164052546252e+01	   1.6368637866824013e+01	   1.2080424316817485e+01	   1.4795538524033629e+01	   1.6376462531029848e+01	   9.6074867885499771e+00	   9.1744047240551438e+00	
   4.3564523148950629e+00	   4.0031307221618162e+00	   2.0864559372182907e+01	   1.2770987852515834e+01	   1.7464533546500547e+01	   2.1862496187312239e+01	   1.4547056263401812e+01	   3.0532386674844204e+01	   6.5143762762303353e+01	   6.1006050147396678e+01	   6.4498114010891854e+01	   5.1583902218594098e+01	   6.6366604534365280e+01	   4.4224860694015405e+01	   1.6559451358233527e+01	   1.3160506123544959e+01	   1.2955951518791281e+01	   1.5606951187609017e+01	   8.8867861598020710e+00	   9.8520520872874009e+00	
   4.7489300885034247e+00	   3.7660212396106472e+00	   2.1017627100993117e+01	   1.1429287535214705e+01	   1.6460076319416729e+01	   1.9529783653986559e+01	   8.8806214650064490e+00	   2.8511235327719483e+01	   6.8348676143646415e+01	   6.7032405930588624e+01	   6.8147359848516558e+01	   6.7640010410125541e+01	   6.8626197369982648e+01	   3.9020143871483967e+01	   1.8739084992160503e+01	   1.4529391073095676e+01	   8.5140532418070549e+00	   1.5044525123631367e+01	   7.0130730876869105e+00	   1.0991709589087900e+01	
   4.5464755390530582e+00	   3.7378196682795308e+00	   2.2826084747561815e+01	   1.2237247835794783e+01	   1.7140429175889608e+01	   1.9080985413054798e+01	   9.3205378317811878e+00	   2.8339778474928337e+01	   6.8414476868129910e+01	   6.6972963349345733e+01	   6.8147076893430551e+01	   6.8556106219425715e+01	   6.9174913438530425e+01	   3.8770692456957072e+01	   1.6541548478667750e+01	   1.4490226346443883e+01	   8.3411967933122497e+00	   1.4714271669251948e+01	   7.0244303069300686e+00	   1.1246729681953884e+01	
   4.5521873662805223e+00	   1.3533783329628131e+00	   2.4580178665699655e+01	   5.7481165526976632e+01	   3.2795866096507403e+01	   2.2104019894487678e+01	   9.9755667728547124e+00	   2.8131790349679953e+01	   2.5252697381555883e+01	   6.7466520634235110e+01	   6.2624449669035691e+01	   6.1709684852659244e+01	   4.1735720698458010e+01	   6.9449121039953155e+01	   1.6712362914080575e+01	   1.4868991276891371e+01	   8.9698765870966355e+00	   1.4769043654557750e+01	   7.2380862027741610e+00	   1.5309531263466869e+01	
   4.2634795062225415e+00	   1.3230283028832446e+00	   6.0861256603157869e+01	   3.3964534635081790e+01	   3.1488446633805221e+01	   2.1998716095528984e+01	   6.5392447788376643e+01	   2.0514820448259265e+01	   6.3667989127889740e+01	   6.2869619650808069e+01	   3.1317304033243985e+01	   6.5828864673815332e+01	   6.7682797567275017e+01	   4.9716988610430484e+01	   1.8311745642001885e+01	   5.7941001684118252e+00	   9.1113662416680565e+00	   6.1816640289364884e+00	   8.6303540834559520e+00	   7.1241302527017973e+00	
   4.8050776106842985e+00	   1.9949728354817755e+00	   6.0100543290364492e+01	   5.0654647009835188e+01	   1.7658096599666759e+01	   2.0371203003707780e+01	   6.0100543290364492e+01	   2.4388227821867094e+01	   6.6704078731484017e+01	   7.2156570739628222e+01	   3.0144230219277219e+01	   5.8946172927110219e+01	   7.0398263076231757e+01	   6.7310611362663479e+01	   9.3856342051789010e+00	   8.0147121727895509e+00	   7.2286345507975458e+00	   1.2475183658868056e+01	   7.8553904576672817e+00	   1.1086010646183741e+01	
   4.5618864831930521e+00	   3.8055459098931741e+00	   2.1797277618155302e+01	   1.2302741221257472e+01	   1.6526715839685529e+01	   1.9598949916626751e+01	   9.8907721044405985e+00	   2.8608434807400382e+01	   6.8300836634329968e+01	   6.6921140417391058e+01	   6.7882562273646869e+01	   6.7919151858643232e+01	   6.8758193281732957e+01	   3.8132189015127445e+01	   1.6908840569767325e+01	   1.4464811595202656e+01	   8.5898907384818468e+00	   1.4817525652482088e+01	   7.1707104775305393e+00	   1.1144174374967511e+01	
   4.4811590288680936e+00	   4.0939481604956969e+00	   1.8218434009741387e+01	   1.4441637295124146e+01	   1.2339987664369605e+01	   2.3549512393490200e+01	   9.3279844341878384e+00	   3.1662579229561601e+01	   6.6472654019127731e+01	   6.6179788466650933e+01	   6.5861327640176015e+01	   6.1936270350287629e+01	   6.5841690550109064e+01	   2.9494284150506324e+01	   1.8609845057380095e+01	   1.4465093856743126e+01	   1.0119669701869189e+01	   1.4863610694537520e+01	   8.0416810726024348e+00	   1.0304054635272612e+01	
   4.4964688425407493e+00	   4.0419388973847141e+00	   1.7326183946052883e+01	   1.2447083784960785e+01	   1.3193376195553004e+01	   2.2664770538281878e+01	   1.0345629688757720e+01	   3.0934924699886722e+01	   6.6436990765203532e+01	   6.6311863504923437e+01	   6.6809147142772730e+01	   6.3318401481357462e+01	   6.6211787619743944e+01	   3.0464233396164939e+01	   1.8278967488306474e+01	   1.5584540424156049e+01	   1.0520148078851832e+01	   1.5051827158419350e+01	   7.7030335858343157e+00	   1.0322106325880529e+01	
   4.2293681045151237e+00	   3.7663710938067130e+00	   2.6766390069639233e+01	   1.5789488430290806e+01	   1.9886294202165359e+01	   1.9414711646349637e+01	   1.1706244399252135e+01	   2.5576981327440336e+01	   7.0205056797634072e+01	   6.8427207652356287e+01	   6.7675735984963850e+01	   7.0863473227549733e+01	   7.1888003417024549e+01	   4.5439823943539217e+01	   1.6178545686958888e+01	   1.4985535675987053e+01	   7.8543967511174202e+00	   1.4309329450548356e+01	   7.3887946338829842e+00	   1.1767669445970004e+01	
   4.5830154250773418e+00	   3.6966385250658926e+00	   2.3381830014680201e+01	   1.2300052311911495e+01	   1.7765649394356949e+01	   1.8318996152639510e+01	   8.2787096244989922e+00	   2.7877920802005402e+01	   6.8954153683604176e+01	   6.7060143267095370e+01	   6.8237546206342344e+01	   6.9434773523839027e+01	   6.9895120056095379e+01	   4.1804942714462008e+01	   1.6620611478950437e+01	   1.4613782689831524e+01	   8.0013542073773234e+00	   1.4727601865568074e+01	   6.8718075898869380e+00	   1.1419533008202844e+01	
   4.7512147451859779e+00	   1.7416982269779828e+00	   6.2176830497363518e+01	   3.7490583120757769e+01	   1.7412142904152937e+01	   2.0034756163374361e+01	   6.5595230627832919e+01	   2.5736153369875318e+01	   6.6662262351703205e+01	   6.8472793714237554e+01	   4.6033619779378270e+01	   5.5685278386539181e+01	   6.9225825019877277e+01	   6.1768944638124701e+01	   1.2632872257439610e+01	   9.9703653426920269e+00	   7.9275414353503715e+00	   1.2880856368757753e+01	   7.3976574871476437e+00	   1.0594631825099411e+01	
   4.3210869159102829e+00	   3.7490213224350040e+00	   2.5103990078127964e+01	   1.4344083831906154e+01	   1.9440778027825420e+01	   1.8932552559596342e+01	   1.2162859860881721e+01	   2.6131610115689014e+01	   6.9769486144706306e+01	   6.8107160444736493e+01	   6.8008310186462012e+01	   7.0951332713661628e+01	   7.1385492485100897e+01	   4.3738164586025071e+01	   1.6114619853356203e+01	   1.4870803381617213e+01	   8.6437099586772312e+00	   1.4435733212627378e+01	   7.7602291820602058e+00	   1.1715412444585498e+01	
   4.5988286819372215e+00	   3.8218227924855390e+00	   2.1169899043360573e+01	   1.2086898085403304e+01	   1.6162292547989022e+01	   1.9880798379342480e+01	   9.8468205862609590e+00	   2.8828629169776566e+01	   6.8121534374840238e+01	   6.6878268535372271e+01	   6.7844473197519321e+01	   6.7428024202235278e+01	   6.8440343648642141e+01	   3.7441646213206901e+01	   1.7400868038648717e+01	   1.4516210480599110e+01	   8.7456528687842923e+00	   1.4892809426315830e+01	   7.1944210516854570e+00	   1.1033545725410322e+01	
   4.3968803880218088e+00	   3.7206864965955315e+00	   1.6428920757063729e+01	   1.1929317213717221e+01	   1.7209830641779767e+01	   1.9580043597683805e+01	   1.4627842136966276e+01	   3.0528317558665080e+01	   6.6440152251683983e+01	   6.7261454299903093e+01	   6.7375892879186878e+01	   6.5587839786769706e+01	   6.7221804168531420e+01	   2.7699941010309093e+01	   1.7069067783716022e+01	   1.4277831270589388e+01	   1.5635325703660607e+01	   1.4920964299030445e+01	   1.0008436941684657e+01	   1.0753528859320943e+01	
   4.3814804715932629e+00	   3.7109608590224199e+00	   2.4682401078338586e+01	   1.4006581794532048e+01	   1.9095537519798228e+01	   1.8458900455316350e+01	   9.7668456354000224e+00	   2.6655228081987318e+01	   6.9823590783254645e+01	   6.7975448058904462e+01	   6.7967752475157951e+01	   7.0869408866759528e+01	   7.1269754258190346e+01	   4.3560859499861174e+01	   1.5891036614026831e+01	   1.1915180980468886e+01	   7.6657482231938658e+00	   1.4497213040652072e+01	   7.1676080277796288e+00	   1.1773760403376096e+01	
   3.9583721447285503e+00	   3.8808916879716362e+00	   2.8951650409814008e+01	   1.9917537389776165e+01	   2.1616918513685594e+01	   2.0144694165990543e+01	   1.3871347721133635e+01	   2.3654686012100129e+01	   7.1300971125798753e+01	   6.8502509343463032e+01	   6.6838675645378487e+01	   7.2273534789202955e+01	   7.3542791742712296e+01	   5.1896842797852699e+01	   1.5821540973320175e+01	   1.5221160310695637e+01	   8.2972121296477788e+00	   1.3873506855731234e+01	   7.7740082719078911e+00	   1.1900501195562853e+01	
   4.5047531247447345e+00	   3.9813349200861574e+00	   1.5711315410790053e+01	   1.1834722965544939e+01	   1.4180759981892816e+01	   2.1477369614275684e+01	   1.4492165346983978e+01	   3.0723731614560371e+01	   6.6698469924217875e+01	   6.6495931478790240e+01	   6.7341744237409756e+01	   6.5531230508738957e+01	   6.7100015084037878e+01	   2.9317692360603907e+01	   1.7516558371486742e+01	   1.4567750341239115e+01	   1.3500467207973864e+01	   1.4931800159718103e+01	   1.0383195990426010e+01	   1.0728624744188028e+01	
   4.7282132421499226e+00	   1.7416982269779828e+00	   6.2176830497363518e+01	   3.7490583120757769e+01	   1.7412142904152937e+01	   1.7613195856054851e+01	   6.5595230627832919e+01	   2.9263856381248278e+01	   6.6662262351703205e+01	   6.7909532309076823e+01	   4.6033619779378270e+01	   5.5359084192577271e+01	   7.0537782745661147e+01	   5.8613024663050787e+01	   1.7360702534075436e+01	   9.9703653426920269e+00	   7.9275414353503715e+00	   1.2761799370730072e+01	   7.6550679365035714e+00	   1.0594631825099411e+01	
   4.4629914026188748e+00	   4.0530839564260894e+00	   1.9273749939154868e+01	   1.3613263461968979e+01	   1.3401004363710053e+01	   2.3187619316980900e+01	   7.2635605442607964e+00	   3.2378198833106275e+01	   6.6252353540759131e+01	   6.6098317436745674e+01	   6.6688667112956310e+01	   6.2169326745790194e+01	   6.6647496357222494e+01	   3.0878665718890758e+01	   1.8443106113136473e+01	   1.3949221477623468e+01	   1.0370839569274846e+01	   1.4881676457258600e+01	   7.8671915818134419e+00	   1.0329295838655844e+01	
   4.4568493043202384e+00	   1.9528483780343551e+00	   6.3774721466407229e+01	   6.1636098693784639e+01	   1.3932692595757239e+01	   2.2548112321772500e+01	   6.6167648101748611e+01	   2.7015458392249911e+01	   7.5294889613628513e+01	   6.6479766024577984e+01	   6.6699962549258913e+01	   6.3548146079435966e+01	   6.6921229244969879e+01	   3.0977623646720275e+01	   1.8141966603696105e+01	   1.7470370211304072e+01	   9.9926606600558241e+00	   1.4799070302390465e+01	   1.4038359436599118e+01	   1.0568794932805890e+01	
   4.4294329770441028e+00	   3.7337072967054468e+00	   2.3703225879600929e+01	   1.3700158435278080e+01	   1.8580661804049655e+01	   1.8492317608283123e+01	   9.3992430881974549e+00	   2.7049031236443554e+01	   6.9686491321087757e+01	   6.7850495956485489e+01	   6.7797931797543583e+01	   7.0575336361593401e+01	   7.0960909086917212e+01	   4.3150763202487028e+01	   1.6078434464708902e+01	   1.1202450171268016e+01	   7.7429992145187532e+00	   1.4593028019435815e+01	   7.1893910672272332e+00	   1.1724896905488226e+01	
   4.5630412383531738e+00	   3.8235265682486359e+00	   2.1484863950241358e+01	   1.2238150036952733e+01	   1.6274508504783174e+01	   1.9786396368723867e+01	   1.0076415475697186e+01	   2.8770449186288726e+01	   6.8170994502107220e+01	   6.6858749915727046e+01	   6.7829154141330406e+01	   6.7648951234419044e+01	   6.8530169258259320e+01	   3.7461640826969074e+01	   1.6980579588680630e+01	   1.4433391491345706e+01	   8.6943042298377033e+00	   1.4840676629740887e+01	   7.2115503091732878e+00	   1.1093222949768423e+01	
   3.6404168521359130e+00	   2.3194400497891201e+00	   2.0497387425729052e+01	   4.0781676657750765e+01	   2.0979883957022565e+01	   1.7070844123656741e+01	   3.8634233065782297e+01	   8.6941819242291629e+00	   6.0011886523213192e+01	   4.2755317684049281e+01	   2.8503029175519281e+01	   1.5073608653731496e+01	   3.7031566975587609e+01	   4.0519484418008517e+01	   1.1286844568493715e+01	   1.8856936383906962e+01	   1.2155795647491859e+01	   1.0325652629678206e+01	   1.9476270865629612e+01	   8.0223661126695980e+00	
   4.3785764639134932e+00	   3.9424991709885586e+00	   1.9849571095920087e+01	   1.3381242104465647e+01	   1.4440717212513112e+01	   2.1868351931836017e+01	   9.5396144808514105e+00	   3.0376960668626431e+01	   6.7048658935277118e+01	   6.6501449148810295e+01	   6.7049976546011550e+01	   6.4363031587415989e+01	   6.7171728537819604e+01	   3.1816591262144314e+01	   1.7921755297193513e+01	   1.4573899982632264e+01	   9.5518646325411485e+00	   1.4800867563274993e+01	   7.6608052255541601e+00	   1.4046522367882737e+01	
   3.4724884886299643e+00	   3.9333105132027759e+00	   2.1783010695421996e+01	   1.1171183787472414e+01	   1.9968670848728038e+01	   2.0681966776868087e+01	   1.6769926987071901e+01	   3.0024308165426071e+01	   6.4429913185469104e+01	   5.8390341436874110e+01	   6.4112436778820637e+01	   4.5985407885171924e+01	   6.6498835837910320e+01	   5.1444313435572774e+01	   1.5814622617497918e+01	   1.2526003429430014e+01	   1.5983633700079109e+01	   1.6058655574126611e+01	   1.6311128303989257e+01	   9.6041339507585590e+00	
   4.1379068352062367e+00	   3.8025983959392322e+00	   2.7520114705452045e+01	   1.7125016741757012e+01	   2.0466191334206663e+01	   1.9665431355989174e+01	   1.2455272208949467e+01	   2.4934518182897971e+01	   7.0569478845492853e+01	   6.8491194923922791e+01	   6.7409356940244180e+01	   7.1326862097480898e+01	   7.2441430429274533e+01	   4.7473404570615628e+01	   1.6058780643835178e+01	   1.5067012835855641e+01	   7.9818115399701872e+00	   1.4166813644461230e+01	   7.5192387572499788e+00	   1.1817814116318656e+01	
   4.3774312392504582e+00	   3.9560461087713135e+00	   2.1271831960907797e+01	   1.0959485538645405e+01	   1.9910402429028526e+01	   2.0831339079846906e+01	   1.7129818507269210e+01	   3.0296289322583959e+01	   6.4085805109583177e+01	   5.7755368193359445e+01	   6.3835961746259613e+01	   4.3878588020567619e+01	   6.6145054377174006e+01	   5.1818216320226270e+01	   1.5917413501981057e+01	   1.2444269966897766e+01	   1.5868165316345847e+01	   1.6166320129368835e+01	   9.2932979978019805e+00	   9.4612533304938591e+00	
   4.5501382505898373e+00	   3.7243266015621730e+00	   2.3057863831498505e+01	   1.2270071210356054e+01	   1.7338615463313158e+01	   1.8854475825425460e+01	   9.0675793535916451e+00	   2.8202924928960730e+01	   6.8569930026138948e+01	   6.7002541573187685e+01	   6.8179144004579214e+01	   6.8851835248980294e+01	   6.9393367103727073e+01	   3.9587332128742077e+01	   1.6453566741946254e+01	   1.4513654453518875e+01	   8.2326370350725053e+00	   1.4706773276781480e+01	   6.9806077114394309e+00	   1.1303891422646156e+01	
   3.4084349834221817e+00	   3.9460634166664899e+00	   2.1288140496098791e+01	   1.0662090371098920e+01	   1.9942424820873679e+01	   2.0785216494887806e+01	   1.7195111497373812e+01	   3.0468305720219035e+01	   6.3880320588281300e+01	   5.7477523366912237e+01	   6.3804923117323121e+01	   4.2910000965313884e+01	   6.5973844889609026e+01	   5.1847633536290964e+01	   1.5788510465953449e+01	   1.2297097861329950e+01	   1.6715114430615255e+01	   1.6227562987670041e+01	   1.6536034852944375e+01	   9.4045660280916969e+00	
   4.4941653622450559e+00	   3.7478396397160840e+00	   2.3636189639061065e+01	   1.2969223433532182e+01	   1.7964990421393885e+01	   1.8992938167853445e+01	   1.0281636462353388e+01	   2.7518063085913070e+01	   6.8915925482433380e+01	   6.7282688689345278e+01	   6.8112292527108252e+01	   6.9309312539034565e+01	   7.0009887354144695e+01	   4.1428438988097867e+01	   1.6757827048576193e+01	   1.6177958555074444e+01	   8.7502212508884529e+00	   1.4645374688692920e+01	   7.4094916821220886e+00	   1.1379671246875942e+01	
   4.0868984621403568e+00	   3.8429798409306666e+00	   2.7805606697261791e+01	   1.8350167122940583e+01	   2.0824483130417356e+01	   1.9769039372696305e+01	   1.2720609048693165e+01	   2.4523656882656621e+01	   7.0818091035718155e+01	   6.8205728755265980e+01	   6.7126506616098411e+01	   7.1689432561696762e+01	   7.2792248474646712e+01	   4.9820338024309237e+01	   1.5985957357314096e+01	   1.5096186567530706e+01	   8.2363365380536493e+00	   1.4049245056697448e+01	   7.5883718697011382e+00	   1.1801537399972039e+01	
   4.3482896428449571e+00	   3.5813811210380879e+00	   2.7053340554853079e+01	   1.4058553192544565e+01	   2.1414015833186866e+01	   1.6625524545917891e+01	   9.9294964672834869e+00	   2.4787657223610680e+01	   7.1152734667460322e+01	   6.8643154850880578e+01	   6.8500931082554629e+01	   7.4162704253612930e+01	   7.3185314683339854e+01	   4.9196780617021048e+01	   1.4883957326523769e+01	   1.0784385244536171e+01	   6.7484937122939197e+00	   1.4368144388879186e+01	   6.8789694215674668e+00	   1.2314498604089298e+01	
   4.3757295806625480e+00	   3.9356096745111997e+00	   2.1579977950499586e+01	   1.1007271572947026e+01	   1.9990962344417820e+01	   2.0740388990324895e+01	   1.6977083921393902e+01	   3.0183869701404625e+01	   6.4192155099403365e+01	   5.7988899783581111e+01	   6.3969702025168587e+01	   4.4357255638872786e+01	   6.6282010651060972e+01	   5.1565752738376872e+01	   1.5832269877447656e+01	   1.2512925695249956e+01	   1.6070564255731320e+01	   1.6126667382000463e+01	   9.2340122532448099e+00	   9.5153801284850257e+00	
   4.3420587815298104e+00	   3.9625072403779509e+00	   1.9630661533693857e+01	   1.3595843547336228e+01	   1.4155281079952948e+01	   2.2197887089310342e+01	   9.4886798973800861e+00	   3.0633673079547798e+01	   6.6870776846775300e+01	   6.6438972726107480e+01	   6.6918249489480701e+01	   6.3854857695590553e+01	   6.6961392932122465e+01	   3.0883960608356588e+01	   1.8008118084528519e+01	   1.4583464866614012e+01	   9.6855340474829319e+00	   1.4785623658889307e+01	   7.7381314349468777e+00	   1.4546072043461528e+01	
   4.4699621371370295e+00	   3.6860496623103138e+00	   2.3913777908960331e+01	   1.2330387674716480e+01	   1.7379501038808836e+01	   1.9609854085130035e+01	   9.9012730426856717e+00	   2.8363464506952869e+01	   6.7906964818126312e+01	   6.7125292450547050e+01	   6.8381890262621667e+01	   6.8228356003428914e+01	   6.8960378960217128e+01	   3.5841033128243097e+01	   1.6419306419601622e+01	   1.4527355038276243e+01	   8.4805338541406297e+00	   1.4546854701669943e+01	   7.0564185141338456e+00	   1.1130577054293180e+01	
