  -7.3140812216811087e+06	   5.8215290269589350e+06	
  -6.6072114013541937e+06	   5.2374697393897288e+06	
  -7.1039165706250556e+06	   5.4259210533735054e+06	
  -7.3161769011118468e+06	   5.8462981554595912e+06	
  -6.9392621732214279e+06	   5.3311987022938682e+06	
  -6.2483139445706140e+06	   4.9864874608859029e+06	
  -6.7506223258261364e+06	   5.2737386196346898e+06	
  -6.6226651417783257e+06	   5.2477676423036018e+06	
  -6.4408476085298806e+06	   5.1247373486112887e+06	
  -6.1182387754986677e+06	   4.8665652025564304e+06	
  -6.2192138704492208e+06	   4.9640275373522630e+06	
  -7.0267136964322142e+06	   5.3737334257933199e+06	
  -7.0643754385141227e+06	   5.3852948354948014e+06	
  -6.4774866787455659e+06	   5.1498049530511824e+06	
  -6.8179648301990945e+06	   5.3121052204373544e+06	
  -6.5144223670176752e+06	   5.1749576727889385e+06	
  -7.1212576801616307e+06	   5.4536623639411740e+06	
  -6.3822258018274512e+06	   5.0840156521732071e+06	
  -6.9770413340559360e+06	   5.3555290656385804e+06	
  -7.1734809731566999e+06	   5.5140561954395268e+06	
  -6.3585193833358511e+06	   5.0672453766790004e+06	
  -6.4207523195241429e+06	   5.1108211250591399e+06	
  -6.7903466240214761e+06	   5.2852609540082915e+06	
  -6.4785519240725730e+06	   5.1505810062862076e+06	
  -6.2461111399141811e+06	   4.9850958711879198e+06	
  -7.2131057762738597e+06	   5.5440171355182994e+06	
  -6.1185955042762365e+06	   4.8691376297564292e+06	
  -6.8052486091341879e+06	   5.2982165690388270e+06	
  -6.3052978276926726e+06	   5.0289505978111560e+06	
  -7.0571511962772738e+06	   5.3824830780621376e+06	
  -6.9905113031290285e+06	   5.3605090505898343e+06	
  -6.5831178238036186e+06	   5.2211762887991844e+06	
  -6.5419225286703371e+06	   5.1936429839201709e+06	
  -6.7753620892377142e+06	   5.2841007524130745e+06	
  -6.4484661945814546e+06	   5.1299827556826547e+06	
  -7.0803355333221294e+06	   5.3957664395002434e+06	
  -7.2752036171964742e+06	   5.6131183107879451e+06	
  -6.5746340471913274e+06	   5.2157166968850289e+06	
  -7.3090281585456040e+06	   5.7837534918871084e+06	
  -7.0560298767768778e+06	   5.3800160311920317e+06	
  -6.4939842089828048e+06	   5.1610713533350900e+06	
  -6.2499955788664501e+06	   4.9877656238639047e+06	
  -6.9704395679907277e+06	   5.3381111606700923e+06	
  -6.1887236254820786e+06	   4.9393078275452880e+06	
  -6.4659489467568137e+06	   5.1420037545824591e+06	
  -6.2823373284779023e+06	   5.0120511108137155e+06	
  -6.3496720672592912e+06	   5.0608693777627964e+06	
  -6.1723452467170618e+06	   4.9253616071482832e+06	
  -6.4040492365723867e+06	   5.0993259361073924e+06	
  -6.5660202986710630e+06	   5.2098850674625430e+06	
  -6.7466516403875891e+06	   5.2679810950491615e+06	
  -7.1993001659461875e+06	   5.5330940321567776e+06	
  -6.5859987241678871e+06	   5.2247209933740934e+06	
  -6.3295810936145559e+06	   5.0465409202983286e+06	
  -6.1181964717329796e+06	   4.8660620385432104e+06	
  -7.0816590629680548e+06	   5.3974603533721427e+06	
  -6.3140439358237684e+06	   5.0352246395371631e+06	
  -6.1181378366636261e+06	   0.0000000000000000e+00	
  -6.6155270344270207e+06	   5.2430781650935402e+06	
  -6.9809080966953672e+06	   5.3581254865709813e+06	
  -6.5218338849106207e+06	   5.1798967189859487e+06	
  -7.2675006699678292e+06	   5.6128764724321682e+06	
  -7.2664202527887132e+06	   5.6123844854164319e+06	
  -7.2941493826776864e+06	   5.7129804788664132e+06	
  -6.2646687330876701e+06	   4.9989040986305941e+06	
  -6.7079172363725379e+06	   5.2625289935631668e+06	
  -6.2122171137736011e+06	   4.9584875589488819e+06	
  -6.5075828354664277e+06	   5.1703457039203523e+06	
  -6.4730287314018197e+06	   5.1472817119179219e+06	
  -6.3554746355466545e+06	   5.0650642541965870e+06	
  -6.8811018797686957e+06	   5.3247519157637935e+06	
  -6.7364211315633785e+06	   5.2667197177440887e+06	
  -6.1896121785354558e+06	   4.9400568851758894e+06	
  -6.5195564770763591e+06	   5.1795856600629613e+06	
  -6.8779520447600689e+06	   5.7229475902342889e+06	
  -6.8651675621432364e+06	   5.3187361257335395e+06	
  -6.4764229011697415e+06	   5.1490783702803319e+06	
  -7.2207055033382736e+06	   5.5784231332924161e+06	
  -6.4601259021535106e+06	   5.1385966135933595e+06	
  -6.6403493695326727e+06	   5.2603135459305262e+06	
  -7.1889283151937351e+06	   5.5283604764673263e+06	
  -6.1470464834023323e+06	   4.9024182175514093e+06	
  -6.7518957867564894e+06	   5.2815263428914947e+06	
  -7.2595829000383774e+06	   5.5832205786251901e+06	
  -7.1427014519289080e+06	   5.4636296199146314e+06	
  -6.8799229312459528e+06	   5.3247009361841884e+06	
  -6.6352288486998789e+06	   5.2567518773883479e+06	
