   9.4452632928669167e-01	  -4.5849028717996820e-01	   1.4466493219683332e+00	   1.0494794425745926e+01	   3.8440915251297580e+00	  -2.6405644338629113e+00	   1.8938431876773365e+01	   1.8052858909115827e+01	   5.8596379240446206e+00	   6.7160225786211019e+00	   2.2580558682278893e+00	   5.3654023397008368e+00	  -7.9896781293807164e+00	   2.3833596821026646e+00	  -4.7289722905954101e-01	   1.3143664462000755e+00	   7.8909755301955997e-01	   5.6174450934205291e+00	   2.8644514222564479e+00	   2.1296063724421925e+00	
  -2.0545868567810954e-01	   3.8646597411823019e-01	   1.2061607801042177e+01	   6.9301161812867527e+00	   7.8317284167755865e+00	   1.4191734777683644e+01	   3.0586743318725249e+00	   6.2028757802589540e+00	   7.5129445495586520e+00	   4.2819623246314515e+00	   8.6248956450040506e+00	   7.4125610320637856e+00	   1.0019303714321946e+01	   7.1564686532454989e+00	   1.9833565468470709e+00	   2.7724172959810915e+00	   3.1350345438138931e+00	   2.2470328996885214e+00	   9.8564136548260950e-01	   2.3771323839385907e+00	
   6.8258244774838095e-01	  -1.8809173289767980e-01	   4.8166753706509198e+00	   1.0727208806126111e+01	   1.3531253125946623e+01	   3.4927508247577381e+00	  -4.5716749379706823e+00	   8.9530942061863055e+00	   9.5631915674268484e+00	   8.4373006104969956e+00	   1.3655147900549094e+00	   4.7352247081265268e+00	  -2.9057206278921510e-01	   1.2072843614659037e+00	   3.4291943248360629e-01	  -7.6376926809367418e-01	   7.5868398524988978e-01	   3.1180541542871940e+00	   2.8934798747724764e+00	   6.3112499112392895e-01	
   9.5605132699067941e-01	  -4.6218909192971108e-01	   1.4349207921830578e+00	   1.0422757893244825e+01	   4.0205513977647858e+00	  -2.9120013039436752e+00	   1.9717967280745462e+01	   1.8455916357598312e+01	   5.3940279075730846e+00	   6.5417793677547920e+00	   2.3855141464147653e+00	   5.2288256956798804e+00	  -7.6574670509809000e+00	   2.7684523730300596e+00	  -5.4086778172377348e-01	   1.3710508401024075e+00	   7.9826670845851888e-01	   5.3949085407036126e+00	   2.8411090944744455e+00	   2.2448072476767842e+00	
   5.8345451754858824e-01	  -7.5827726197580603e-02	   6.3898470356220063e+00	   1.0867473402453509e+01	   1.7265431068177286e+01	   5.7157276950084910e+00	  -1.2672187168004518e+01	   5.2845510528396877e+00	   1.0849211662655691e+01	   9.5245066638610396e+00	   7.6679233168483629e-01	   4.4260870649272617e+00	   2.3466102854193323e+00	   1.2400444589475845e+00	   6.0265690387993820e-01	  -1.3095220387952480e+00	   6.7454322569176062e-01	   1.2617614709372005e+00	   2.8719947526175251e+00	   2.0186647527048923e-01	
  -2.5886651857590676e-01	   3.8681384888579118e-01	   1.0731222198216637e+01	   8.3121386406256974e+00	   2.8939613233773005e+00	   1.5638104583948358e+01	   4.8633032658365805e+00	   2.9121370492717422e+00	   1.0253432351387820e+01	   3.3854621713192103e+00	   6.5011816239564473e+00	   6.3959833879469148e+00	   3.7476635319265550e+00	   3.7976750829311854e+00	   2.3673666801150728e+00	   3.1989230180377461e+00	   3.1244152946011372e+00	   2.3665370124830392e+00	   1.2547537317304520e+00	   1.8876360324827897e+00	
   5.1510229803859353e-01	  -4.2571532081204233e-02	   7.3650704257479953e+00	   1.1083991195353709e+01	   1.6319341478033003e+01	   6.2666025196736808e+00	  -9.8497647510091220e+00	   4.5838048335478021e+00	   1.2303980691295489e+01	   1.3581620263694148e+01	  -1.9412092904977341e-01	   1.4617045117566070e+00	  -1.4016895379620529e+00	   1.4524250845611095e+00	   7.5020788254019544e-01	  -2.6615972972954061e-01	   4.4133009301184190e-01	  -4.9345711174225748e-01	   2.7941179157077096e+00	   3.5407490649919682e-01	
  -2.1185475059556208e-01	   3.9023575269297961e-01	   1.1878113260397280e+01	   6.9286278174772322e+00	   8.1001363157830006e+00	   1.4197947754770876e+01	   3.1041751490496701e+00	   6.0795112141041621e+00	   7.3928682284909755e+00	   4.2853386383102210e+00	   8.7658497001109783e+00	   7.5932494627170337e+00	   1.0408872927317905e+01	   7.2870550810613874e+00	   1.9740470603548319e+00	   2.7667150558183065e+00	   3.1925421768026210e+00	   2.2329610810555067e+00	   9.5381127357110673e-01	   2.4030424997119724e+00	
  -1.8539346885298510e-01	   3.6972927823549051e-01	   1.2901706097201057e+01	   7.2372652223336038e+00	   4.8949274943599264e+00	   1.4582476616613672e+01	   3.1548274393988991e+00	   6.0464409928226335e+00	   9.0225410822810215e+00	   4.0538063358294050e+00	   7.3199947443909181e+00	   6.1693742326484164e+00	   4.6438587869335750e+00	   5.0782313212673005e+00	   2.1546521868027582e+00	   2.9138114967550650e+00	   2.5785457669573062e+00	   2.3101558121455605e+00	   1.2496492834983344e+00	   2.1211153529700404e+00	
   1.4993384893992470e-01	   2.0921419072949787e-01	   7.9125368555800453e+00	   1.0431280998335176e+01	  -9.6227640891428923e-01	   1.0874592744235102e+01	   3.9008518531661482e+00	   7.8296345797739724e+00	   9.5886819379889676e+00	   3.9294008188060170e+00	   2.9439883173226478e+00	   7.1981886282957630e+00	  -2.5490196778158150e+00	   4.8526244772713580e+00	   1.6435823143204717e+00	   3.3532342227636556e+00	   1.3744575123661753e+00	   3.8016189575254069e+00	   2.3570671786467448e+00	   9.5787074298904429e-01	
  -7.9340757407949214e-02	   3.2948817879493641e-01	   1.0709721715288937e+01	   8.4945175676365050e+00	   2.2920900735992413e+00	   1.3743948572008076e+01	   3.8504396105376384e+00	   5.5471525810111038e+00	   8.9570979640620134e+00	   4.0754510095403553e+00	   5.3714865899678266e+00	   7.7262497498930642e+00	   1.7945680710959806e+00	   4.4561888451075440e+00	   1.9836995695324426e+00	   2.8832643675277354e+00	   2.2398744719215218e+00	   2.8209613064047079e+00	   1.6689575735645441e+00	   1.7786679786653088e+00	
   5.9687747517505230e-01	  -1.3588057638256715e-01	   5.7907148171078529e+00	   1.0497563262340824e+01	   1.1415664089908606e+01	   4.6543804688875499e+00	  -5.1076726469057050e+00	   7.8997589612133696e+00	   1.1459781391257023e+01	   1.1443955934203329e+01	   9.7169439890083764e-01	   4.7720224393225523e+00	  -2.8908491825277105e+00	   1.2569000377319468e+00	   7.5908175422116964e-01	  -2.5186466356955395e-01	   6.0309645754837371e-01	   3.2516850856235777e+00	   2.7563187889750553e+00	   2.9325411404342061e-01	
   6.5020275092104518e-01	  -1.7331778068865417e-01	   4.7017448667361261e+00	   1.0726426964518497e+01	   1.4019242469671763e+01	   3.5064020689047144e+00	  -4.2651139089610375e+00	   9.2726465779396321e+00	   9.2596924876357409e+00	   9.3729282132816589e+00	   1.2959937031916284e+00	   4.6829528860697964e+00	  -8.8871320248965802e-01	   1.2363405863678145e+00	   6.6210243048591166e-01	  -8.1232191236042695e-01	   7.5290350124970884e-01	   2.6032671639029612e+00	   2.9391578814141286e+00	   7.5767525904600752e-01	
  -1.8615539027994168e-01	   3.6935876014105140e-01	   1.2841075520549831e+01	   7.1157259506144728e+00	   5.7872724891319711e+00	   1.4434922026874128e+01	   3.1071494825840578e+00	   6.2876505374782869e+00	   8.5477476004445663e+00	   4.1221483902791265e+00	   7.6407524098303412e+00	   6.3080343294646628e+00	   7.1927453623253292e+00	   5.9845457768517374e+00	   2.0974158588316469e+00	   2.8655317095630717e+00	   2.8654374537144225e+00	   2.3193258793331961e+00	   1.1722326168621406e+00	   2.1825713933940429e+00	
   5.8015314589288525e-01	  -1.0723787845197247e-01	   6.1798780574106251e+00	   1.0921877502738251e+01	   1.4906329348200524e+01	   4.9276791323169515e+00	  -6.2799736503786114e+00	   6.9310483927038380e+00	   1.1009811540390764e+01	   1.1987516354688921e+01	   4.1501206895579612e-01	   2.5315094266189195e+00	  -1.8415732306746735e+00	   1.4058689491899270e+00	   6.5778338102914558e-01	  -3.0063942566244184e-01	   5.6161652041567811e-01	   9.4463103312543595e-01	   2.8451035529059445e+00	   5.6646005156275647e-01	
  -1.5779395280397557e-01	   3.6281486075777902e-01	   1.3611374153715653e+01	   6.8611552773720295e+00	   5.7166533590159681e+00	   1.4157945967026658e+01	   2.5477463342978273e+00	   7.1999916850255170e+00	   8.3246935945648559e+00	   4.2983398004827622e+00	   7.6457169314284084e+00	   6.1194604389282192e+00	   7.3592980672059465e+00	   6.2189726396749139e+00	   2.0673876365532919e+00	   2.8119166150557193e+00	   2.6566459574287697e+00	   2.2996462713920351e+00	   1.2413828187798357e+00	   2.2057318917421394e+00	
   7.7251880365993697e-01	  -3.5173744071150104e-01	   4.4748364018187070e+00	   1.0644317363987421e+01	   1.8182313118021675e+01	   4.2721792168875545e+00	   7.3066459745635974e+00	   1.3051500493761464e+01	   9.7563925722105758e+00	   9.1728034403274172e+00	   1.3983076787272513e+00	   4.6555110855822912e+00	  -6.5959837880649079e+00	   1.3725531922769048e+00	   2.5401874349671749e-01	   8.1293396302547727e-01	   7.5314219191170251e-01	   6.0539358406940877e+00	   2.9058096611604780e+00	   9.9051381346010259e-01	
  -1.7828690364829428e-01	   3.7084745664262625e-01	   1.2282227218649409e+01	   7.4805053613007715e+00	   4.4731717672882709e+00	   1.4614864289573395e+01	   3.4417085379390762e+00	   5.5097612432712957e+00	   8.7957521612303609e+00	   4.0576320849331600e+00	   6.9634078380147892e+00	   6.8897036618481806e+00	   5.3975155883627828e+00	   5.1611379221717577e+00	   2.1300692853230987e+00	   2.8571956346131002e+00	   2.7232941561069537e+00	   2.3730029850033936e+00	   1.3033728368529052e+00	   2.1060092379542783e+00	
   5.5373368771958353e-01	  -8.9735276818175835e-02	   6.9269179656347424e+00	   1.0842619177086483e+01	   1.2642053956178909e+01	   5.0409839225647559e+00	  -3.1122428452054951e+00	   6.7195554410656690e+00	   1.1117868831845900e+01	   1.0848238505551532e+01	   6.1190353870596592e-01	   4.7663336664509313e+00	  -1.8711793858226347e+00	   2.1550386694661787e+00	   5.7425953573361044e-01	   3.1614307121488849e-01	   5.9902213322430264e-01	   9.7383978259781401e-02	   2.6567922030957867e+00	   9.0924247001128844e-01	
   7.6646782321753670e-01	  -2.9675969671431934e-01	   2.9437793243537098e+00	   1.0547710212127550e+01	   1.0091997901045495e+01	   1.0914125854110097e+00	   4.1279762077386888e+00	   1.3202632270651694e+01	   7.7178790883378818e+00	   7.8984100012818139e+00	   1.9818557810629729e+00	   5.0286869255424858e+00	  -3.3871663789230984e+00	   1.1793218182563177e+00	   3.4397898418638384e-01	  -2.9143209730946656e-01	   8.6745375276748182e-01	   4.8029301942312177e+00	   2.9657105317210575e+00	   1.2060988872637386e+00	
  -1.9190446168410003e-01	   3.7684853771786758e-01	   1.2401460412072225e+01	   7.4610901782624266e+00	   4.2348320911510591e+00	   1.4868804764783800e+01	   3.5350755903939746e+00	   5.1939652154294018e+00	   8.9573615901609127e+00	   4.0136175471282698e+00	   6.9024906042457808e+00	   6.8556018282467983e+00	   5.0756720411559595e+00	   4.8646103547998019e+00	   2.1752552486404930e+00	   2.8526202717991547e+00	   2.7446352249034254e+00	   2.3283162383750282e+00	   1.2966675679923463e+00	   2.1164897521208328e+00	
  -1.9351599850305851e-01	   3.7428623999760074e-01	   1.2949426532465624e+01	   7.3156436286862423e+00	   4.2073560647179278e+00	   1.4785938991172550e+01	   3.2067925152666730e+00	   5.7268557884226166e+00	   9.1347802614499010e+00	   3.9787162373878715e+00	   7.1493593726609701e+00	   6.0484074044648910e+00	   5.8366523591594275e+00	   5.1577175349604847e+00	   2.2189035119676555e+00	   2.9658798698721318e+00	   2.7316282610190012e+00	   2.2695764252220827e+00	   1.2942956336317040e+00	   2.0835177775207843e+00	
   5.3653962758446727e-01	  -5.3001683403650489e-02	   7.0592107865900005e+00	   1.1016084647296873e+01	   1.6616063873724602e+01	   6.0938314635246362e+00	  -1.0734962040936839e+01	   4.8035801054947314e+00	   1.1847720992581216e+01	   1.2309186363695467e+01	   1.0725061942431569e-01	   2.3914248068388417e+00	  -2.2610900631863551e-01	   1.3858160776689452e+00	   7.0393141958066274e-01	  -5.9338980090396365e-01	   5.1447280608722279e-01	   5.7032681444912248e-02	   2.8185424542054225e+00	   3.0633772512744711e-01	
  -1.7377019978947184e-01	   3.6560573470721175e-01	   1.3103818315155793e+01	   7.0649508385987252e+00	   5.5821406635027229e+00	   1.4343649275167158e+01	   2.9334778419597831e+00	   6.5835086734183612e+00	   8.6372821137681655e+00	   4.1706912674583547e+00	   7.5476112083294487e+00	   6.2110134674004005e+00	   5.9438699474647221e+00	   5.6901186378292836e+00	   2.0923827834339006e+00	   2.8539169255403998e+00	   2.6473759123466776e+00	   2.3241597338452848e+00	   1.2152930880001778e+00	   2.1727025949283876e+00	
  -1.4042523941352447e-01	   3.5026754067689125e-01	   1.1191452250113839e+01	   8.2907254420833318e+00	   2.2237709186908940e+00	   1.4436253288383380e+01	   3.9565282565168207e+00	   4.8876852234699761e+00	   9.5209067268067926e+00	   3.8460227173429127e+00	   5.7561951280215284e+00	   7.0044169440743600e+00	   2.4506473375854618e+00	   4.1533490194342848e+00	   2.1562121474570368e+00	   3.0138012794789217e+00	   2.4706698989754643e+00	   2.5987442195139674e+00	   1.5587040702658432e+00	   1.8279555469521611e+00	
   9.7868773383509278e-01	  -4.9596493968700622e-01	   1.1717759576541091e+00	   1.1192024562822429e+01	   4.8827799382054700e+00	  -2.6455590038811962e+00	   1.5570956210173151e+01	   1.6463969325355329e+01	   8.0608441986348804e+00	   8.8286270192844647e+00	   1.0481758335007381e+00	   4.6516165830791589e+00	  -9.9915233838406152e+00	   8.6875059919843589e-01	  -4.6034776985854320e-01	   9.1072758528670716e-01	   4.3778440939178587e-01	   5.3367444052908510e+00	   3.0679277997238459e+00	   1.6101839554352684e+00	
   3.9299675352961583e-01	   2.5292703668805255e-01	   4.7472568642028321e+00	   8.8109237698620806e+00	   9.2911783274714193e+00	   1.3731793970553754e+01	   1.4471462634558350e+00	   1.2981907307664834e+01	   2.1117823246077760e-01	   5.2790755411315029e+00	   6.1474745642838560e+00	   2.2790219112408225e+00	   2.3625474241943603e+00	   9.4873750351911745e+00	   2.9525749404708561e+00	   1.6392192251708121e-01	   2.8550831252809870e+00	   1.8097263440023938e+00	   3.2039767799923200e+00	   2.4502083324164139e+00	
   5.4257816707722561e-01	   6.6782413677333841e-02	   6.7553853232936056e+00	   1.0589856938623726e+01	   1.4154606356482027e+01	   5.5496635923336504e+00	  -1.1720903386221490e+01	   7.2651121907811689e+00	   1.1585598784283757e+01	   1.2689003790429982e+01	  -8.0814962974108306e-01	   4.5578009513832569e+00	   3.0514963346859325e-03	   1.6725936281587195e+00	   9.4614681962632197e-01	  -8.0154539680841497e-01	   5.3571662029225797e-01	   2.5887502018452198e+00	   2.8591263470590240e+00	   2.2890218345412527e-01	
  -1.9738850965777432e-01	   3.8326738478911593e-01	   1.2090501649844850e+01	   7.6417344502909437e+00	   3.5556243323680592e+00	   1.5097926263182961e+01	   3.7675100629444795e+00	   4.5629261362469862e+00	   9.0645587604061042e+00	   3.9747148266047940e+00	   6.6010029762185169e+00	   7.2483276449580742e+00	   4.2197150373400314e+00	   4.3670101502596115e+00	   2.2061696421411932e+00	   2.8343353016907837e+00	   2.7020913128477129e+00	   2.3279074440286340e+00	   1.3466194754915115e+00	   2.0923345595927052e+00	
   5.1127233504093617e-01	  -2.0061960005830159e-02	   7.0530477233441182e+00	   1.0526602032078200e+01	   1.7198671499641705e+01	   6.7292521628503490e+00	  -1.3364204179289516e+01	   4.9470410317491975e+00	   1.0628597646224337e+01	   8.8024812533372341e+00	   1.3531903188312351e+00	   4.8614878680008919e+00	   3.8072693819492400e+00	   1.6311726283525112e+00	   7.7511093705398004e-01	  -1.2428023862079787e+00	   8.7548987343885476e-01	   1.3360192904579566e+00	   2.7450186152657872e+00	   2.6499945173744588e-01	
   5.6517219537333141e-01	  -1.0192053689827150e-01	   6.6631081401286689e+00	   1.0778461135351515e+01	   1.2324852718057558e+01	   4.9041789613127635e+00	  -3.3152486113807900e+00	   7.0322959473807671e+00	   1.1154333756245132e+01	   1.0936410500433611e+01	   6.8923653099846438e-01	   4.7695404740397995e+00	  -2.1331275168541874e+00	   1.9702843996603474e+00	   6.0081713484091848e-01	   2.1597879669815878e-01	   6.0091249772996513e-01	   7.4920256854622735e-01	   2.6786024564123943e+00	   8.0137848298334624e-01	
  -1.6722292658739779e-01	   3.6186903968987127e-01	   1.3329855235730987e+01	   6.7104619131115060e+00	   7.3856579538282006e+00	   1.3922323538417793e+01	   2.5836304530001204e+00	   7.4971641508643607e+00	   7.8767890033987324e+00	   4.3477292711494160e+00	   8.2793396060578921e+00	   6.2093751005620632e+00	   9.0606165552753879e+00	   7.0780188558091366e+00	   1.9781688132508115e+00	   2.7776710489626706e+00	   2.8980939684255889e+00	   2.3223606702147070e+00	   1.0769829465095349e+00	   2.2928998401045444e+00	
  -1.5414967124462364e-01	   3.5864503345695065e-01	   1.3444991570285175e+01	   6.7740774822061507e+00	   6.7421831203953335e+00	   1.3940499468986454e+01	   2.5598311448719580e+00	   7.4900997279713728e+00	   7.9869500473279444e+00	   4.3679975609767148e+00	   7.9318366188899319e+00	   6.2813021090529917e+00	   8.1383391578430260e+00	   6.7230081369222461e+00	   1.9872696178009579e+00	   2.7528125686011160e+00	   2.7635638647186598e+00	   2.3477988962829652e+00	   1.1572984988032362e+00	   2.2597838581997554e+00	
   5.3431735718466122e-01	  -1.0113500093914941e-01	   7.1221672514451821e+00	   1.1209098560906186e+01	   1.6302491666574944e+01	   5.9121813832057635e+00	  -7.5152053013535030e+00	   4.7622484637492581e+00	   1.2140241171238120e+01	   1.3398653886420091e+01	   1.1220419675167731e-01	   9.6504172452271941e-01	  -2.3913982969881902e+00	   1.3503665859283582e+00	   6.2307503577529855e-01	  -1.5875634059306060e-02	   4.3531700696076403e-01	  -8.9200478674679495e-01	   2.7979942976345318e+00	   4.8769747593365714e-01	
  -1.8192091756007298e-01	   3.6844246294006389e-01	   1.2888833594029931e+01	   7.2236843470370156e+00	   5.0198278427117620e+00	   1.4514272995778626e+01	   3.1207668090146297e+00	   6.1464678702185802e+00	   8.7939049434129899e+00	   4.0755312326305493e+00	   7.3555546708874955e+00	   6.2018621348279153e+00	   6.4519025155746350e+00	   5.6226953680574940e+00	   2.1389851889583444e+00	   2.9054765827128146e+00	   2.7693009533149464e+00	   2.3196001011481129e+00	   1.2462973623102254e+00	   2.1265676242942164e+00	
   6.5888416810800510e-01	  -1.7023970983705386e-01	   5.2054140241126996e+00	   1.0749022020186091e+01	   1.3340784740385683e+01	   3.7719955766550006e+00	  -4.2556730218276098e+00	   8.5504195922132187e+00	   9.8527819361719668e+00	   8.8909488045630205e+00	   1.2247263411862392e+00	   4.7416465372520102e+00	  -6.0857045460907866e-01	   1.3830766540303907e+00	   3.8518684226133948e-01	  -5.5728603514096897e-01	   7.2857491523681495e-01	   2.5599262652819808e+00	   2.8492630558670489e+00	   6.8533548668823285e-01	
   9.9186366555605199e-01	  -5.1886383336380537e-01	   7.5811177333074609e-01	   1.0889714383816161e+01	   2.4822851608896896e+00	  -3.2974546267490399e+00	   1.9802246544456949e+01	   1.8331419899588635e+01	   7.1957215036510203e+00	   7.5324938628094795e+00	   1.7194717350333348e+00	   5.5045301744576696e+00	  -1.0407867938897787e+01	   1.1837109055176476e+00	  -5.2354144628384858e-01	   1.2804003284489742e+00	   6.1032318169235511e-01	   6.4325108093358558e+00	   2.9857660387513136e+00	   1.9110897778660687e+00	
  -1.4922931372592665e-01	   3.5777577011815093e-01	   1.3381223713509637e+01	   6.7131087880994196e+00	   7.2169275176494123e+00	   1.3773213347552664e+01	   2.4617445275916636e+00	   7.7207554197487607e+00	   7.7386093030316632e+00	   4.4299390660144002e+00	   8.1260046595208504e+00	   6.4157915726265706e+00	   8.7442915989366305e+00	   7.0642245405760438e+00	   1.9458943424397210e+00	   2.7308493144377279e+00	   2.7852816258737216e+00	   2.3549192912764809e+00	   1.1300792329125933e+00	   2.2906771569279667e+00	
   9.1622462632386736e-01	  -4.4710707190799681e-01	   1.5406003044811336e+00	   1.0600353231845228e+01	   3.4904267717517174e+00	  -2.0376058139507363e+00	   1.7482621826091616e+01	   1.7266889638835384e+01	   6.7397739023583219e+00	   7.0165747821468347e+00	   2.0695433091943451e+00	   5.6207654831848481e+00	  -8.5150576105484888e+00	   1.6895920780855123e+00	  -3.2959332319876183e-01	   1.2266142533114239e+00	   7.8812344731564921e-01	   6.0285712811838899e+00	   2.8936845379044818e+00	   1.9242673976622442e+00	
   6.5253152536344972e-01	  -1.4367824109357821e-01	   4.9310656011808183e+00	   1.0519203214535912e+01	   1.3691218140816021e+01	   3.7927788754068010e+00	   2.3223933626931648e-01	   9.8950694486275506e+00	   9.3175388841949882e+00	   9.6544290722919968e+00	   1.2116026072356918e+00	   4.7055679364697172e+00	  -1.5788149955466046e-01	   1.3015191870037410e+00	   6.4223143911968528e-01	  -6.4452477872455260e-01	   7.3581620945180859e-01	   3.1607827880304638e+00	   2.8563110651051606e+00	   5.6770680705653653e-01	
  -1.7837195284256141e-01	   3.6686180430025805e-01	   1.3031886720883808e+01	   7.0167643485113773e+00	   6.0219482457141362e+00	   1.4319481427789100e+01	   2.9566634809221983e+00	   6.6026505889454929e+00	   9.0212336779382323e+00	   4.1863076464325033e+00	   7.7165323323659738e+00	   6.2843175518466312e+00	   8.9807541111508016e-01	   4.4295790152491836e+00	   2.0719731838885860e+00	   2.8355762868324037e+00	   2.0857101298743865e+00	   2.3221068868948107e+00	   1.1685419963892159e+00	   2.2040945415081419e+00	
  -2.5835992178083977e-01	   3.8671290839598416e-01	   1.0735204273986879e+01	   8.3067875750402855e+00	   2.9164621039793737e+00	   1.5628135494005747e+01	   4.8542163606221935e+00	   2.9307152594791077e+00	   1.0238911477352103e+01	   3.3902874830378633e+00	   6.5095264682746485e+00	   6.4025259315324865e+00	   3.7751295094945405e+00	   3.8150684770808478e+00	   2.3649311351320992e+00	   3.1967518187145130e+00	   3.1235160125259558e+00	   2.3669093488228192e+00	   1.2540279328970352e+00	   1.8895497986753385e+00	
   5.8631132591660540e-01	  -8.8608775628409242e-02	   6.2623337123268890e+00	   1.0788745419165766e+01	   1.6020425033030381e+01	   5.4898411414387835e+00	  -1.1062231375455710e+01	   5.8411458097222582e+00	   1.0979159231475201e+01	   9.9330230944491422e+00	   8.1040164317462482e-01	   4.4997124982980123e+00	   1.2319216712138408e+00	   1.2436318321524291e+00	   6.3594880823189970e-01	  -1.0844207962730468e+00	   6.5933720845026966e-01	   1.6852769577881181e+00	   2.8473754347213904e+00	   2.2131650844835760e-01	
  -4.1496141606468029e-02	   3.1119306594616275e-01	   1.0214772143098529e+01	   8.8215101396421858e+00	   1.7101866355157682e+00	   1.3313342261814732e+01	   3.9008465200694680e+00	   5.8194472400151280e+00	   9.0212336779382323e+00	   4.0710425267396388e+00	   4.9200306099558171e+00	   7.7945943914162559e+00	   8.9807541111508016e-01	   4.4295790152491836e+00	   1.9243687055914662e+00	   2.9307528311120086e+00	   2.0857101298743865e+00	   2.9844372646539972e+00	   1.7868208136163695e+00	   1.6535666554370341e+00	
  -1.7747764666942767e-01	   3.6735640786982521e-01	   1.2831977657001890e+01	   7.1393716256347401e+00	   5.6306784690356251e+00	   1.4380570988300917e+01	   3.0786727927251545e+00	   6.3403621412623918e+00	   8.9276975495697322e+00	   4.1537346002794440e+00	   7.5213490271060852e+00	   6.4343645666309470e+00	   2.4187752934588467e+00	   4.7256442184743417e+00	   2.0847303584177506e+00	   2.8426191104925671e+00	   2.2897047049359038e+00	   2.3388547473936341e+00	   1.2041376139722091e+00	   2.1769558182972299e+00	
  -2.3842406512932285e-01	   3.8073605606837818e-01	   1.1052394103972759e+01	   8.1452738494996435e+00	   3.2813584321394043e+00	   1.5352715987542679e+01	   4.5434633808662035e+00	   3.5707934452771535e+00	   9.9494736871684761e+00	   3.5257629234231325e+00	   6.6107829902333215e+00	   6.4171127097943224e+00	   4.1612299697273043e+00	   4.1622964396993325e+00	   2.3088123927448119e+00	   3.1395914735363548e+00	   3.0391580117412524e+00	   2.3837455986014553e+00	   1.2654287622641411e+00	   1.9221133310120320e+00	
  -2.0724130690828832e-01	   3.7520746817979189e-01	   1.1798248846811680e+01	   7.7322656751241690e+00	   4.1179533240346942e+00	   1.4931011725489434e+01	   3.9025860853023060e+00	   4.7273346732945800e+00	   9.2920588576335295e+00	   3.8218907718444837e+00	   6.8978718559620447e+00	   6.5905714639145492e+00	   5.0815236451554702e+00	   4.8170572473768987e+00	   2.2077268882836867e+00	   2.9873766973964520e+00	   2.8901341965340488e+00	   2.3699660922498156e+00	   1.2663680403343636e+00	   2.0334659156581085e+00	
  -3.5121513597682841e-02	   3.0882968453201048e-01	   1.0077525833292134e+01	   8.9080944116075482e+00	   1.4969938751980116e+00	   1.3273616669985397e+01	   3.9512753636033962e+00	   5.7655766789532503e+00	   9.0457028831239814e+00	   4.0677050977100340e+00	   4.7801409553354439e+00	   7.8869954783069502e+00	   5.6360713586189881e-01	   4.3334086666808611e+00	   1.9172673100517490e+00	   2.9312670556585143e+00	   2.0486689953741140e+00	   3.0156561855025412e+00	   1.8167267775322478e+00	   1.6288820573311062e+00	
  -1.7550777549231528e-01	   3.6844586173367722e-01	   1.2391641768897028e+01	   7.4094363401197416e+00	   4.7688359829736138e+00	   1.4515131799899716e+01	   3.3474203803860694e+00	   5.7626243723616097e+00	   8.7216673008394299e+00	   4.0819865718130615e+00	   7.0914224775244161e+00	   6.7648702687213804e+00	   5.7683919653088296e+00	   5.3777814035901743e+00	   2.1128303438157436e+00	   2.8581322040509249e+00	   2.7390396707148685e+00	   2.3757449407815714e+00	   1.2825434029678822e+00	   2.1171778694886281e+00	
  -2.0539764020360216e-01	   3.8535128110876776e-01	   1.2120419467186597e+01	   7.0537341943169434e+00	   7.0271285065334617e+00	   1.4339919411562105e+01	   3.1452154113679116e+00	   5.9746212837392099e+00	   7.8576931075717829e+00	   4.2029597924757631e+00	   8.3068836491853677e+00	   7.2079249487042460e+00	   9.1274251292521704e+00	   6.7067527739381321e+00	   2.0363083992093318e+00	   2.8201954325312553e+00	   3.0631374748975255e+00	   2.2512164073946592e+00	   1.0504982353902137e+00	   2.3122688629884025e+00	
   5.0344736551984237e-01	  -2.9211717677746274e-02	   7.5121803872523696e+00	   1.1075922231948448e+01	   1.6888390321233949e+01	   6.5070706404087542e+00	  -1.0564928155381303e+01	   4.3490363771140466e+00	   1.2365100620649663e+01	   1.3671002048732840e+01	  -2.3005772042184613e-01	   1.5034210788009688e+00	  -1.2052523015991774e+00	   1.4991384366992571e+00	   7.8697669789474756e-01	  -3.0443008411515815e-01	   4.3570328635629790e-01	  -6.4383130551028422e-01	   2.7954496417847716e+00	   3.0312064774405001e-01	
   9.5891702197121387e-01	  -4.7654730583448623e-01	   1.4355462882816110e+00	   1.1187194531782406e+01	   5.3822313305068032e+00	  -2.2647958878699361e+00	   1.4483664234260299e+01	   1.5959969950430581e+01	   8.2399077192898762e+00	   9.0300770808258672e+00	   9.9499940116411956e-01	   4.5206469299183922e+00	  -9.6260013333028187e+00	   8.9497567839763192e-01	  -4.0845720184947620e-01	   8.6017520431769312e-01	   4.3769783155322012e-01	   5.0879434888671673e+00	   3.0565922998190054e+00	   1.5558081621165707e+00	
  -8.2361745608898640e-02	   3.4250938934720748e-01	   1.2330370247450659e+01	   7.0089150151534936e+00	   7.3722090723399827e+00	   1.2894987803911773e+01	   2.3075184023445758e+00	   8.2294279749648940e+00	   6.8214073504951678e+00	   4.7142048411791189e+00	   7.8429258738039538e+00	   7.8608705473190863e+00	   8.6191952580623372e+00	   7.6042852001933312e+00	   1.7393614487914533e+00	   2.5961105015943566e+00	   2.5314977671173478e+00	   2.5614317968092282e+00	   1.2661498622336971e+00	   2.2752801219961181e+00	
  -2.1268774619310610e-01	   3.7948653135076699e-01	   1.1896529940337809e+01	   7.7155054433396915e+00	   3.8765400015766907e+00	   1.5089735150900285e+01	   3.9337922349205692e+00	   4.5286845545719627e+00	   9.3540019640774617e+00	   3.8184966720316318e+00	   6.8087316919432244e+00	   6.6725237726218820e+00	   4.7525862772512637e+00	   4.5798943276178132e+00	   2.2329181127620910e+00	   2.9649157461948645e+00	   2.8697604616145758e+00	   2.3405058374244789e+00	   1.2782625483918171e+00	   2.0455193479512617e+00	
  -1.5780940749825279e-02	   2.9968556722901390e-01	   9.4709109708521098e+00	   9.2510302541101019e+00	   8.3732059813776338e-01	   1.3122089633381805e+01	   4.1940268196194381e+00	   5.5274929454391852e+00	   9.1742867587169421e+00	   4.0208647600275729e+00	   4.3256715047456922e+00	   8.1533614192550843e+00	  -5.0614549857414559e-01	   4.0457703191638146e+00	   1.8925820625368484e+00	   2.9584639476498196e+00	   1.9606950445310360e+00	   3.1351647909722820e+00	   1.9063308566345645e+00	   1.5317740693700039e+00	
   6.6039042038660001e-01	  -1.7212501971757110e-01	   5.1817621192026575e+00	   1.0746656668323531e+01	   1.3262413603437896e+01	   3.7331812521747092e+00	  -4.0876039201350380e+00	   8.6156356165821517e+00	   9.8328842628453010e+00	   8.8782973079418390e+00	   1.2338708107700442e+00	   4.7479479342583106e+00	  -6.6758236425356898e-01	   1.3859328593575810e+00	   3.8084418955898902e-01	  -5.4226465845232941e-01	   7.2965387231655732e-01	   2.5858492765245336e+00	   2.8488091273419558e+00	   6.9498986390829454e-01	
  -2.3891062931170831e-01	   3.8167286896482217e-01	   1.1261310724288197e+01	   7.9914780352000969e+00	   3.7565038084131950e+00	   1.5288147286751741e+01	   4.3953066765311863e+00	   3.8406502625813044e+00	   9.7667173499903726e+00	   3.5865221674208234e+00	   6.8346983787732594e+00	   6.3874164389206305e+00	   4.7572798081229664e+00	   4.4378456117785694e+00	   2.2877313005920081e+00	   3.1085906718379372e+00	   3.0652790044368081e+00	   2.3591262066578844e+00	   1.2260335037910706e+00	   1.9691586308004370e+00	
   3.1752537512921963e-01	   5.8587581747416362e-01	   8.8587325540257602e+00	   5.9528012450112904e+00	   9.6959949149614708e+00	   1.4006588875342546e+01	   4.3109208812870552e+00	   7.1846891574337679e+00	   9.3879505033225996e+00	   1.2411426811515582e+00	   6.9333282570889079e+00	   1.7535505679820611e+00	   1.2732313308785630e+01	   1.1540173285711726e+01	   8.6777629009997481e-01	   1.1930189306434615e+00	   3.0909345663837389e+00	   9.4450816745468158e-01	   1.5663240626953034e+00	   4.2298884387107427e-01	
  -2.0902149132691580e-01	   3.8892971021178713e-01	   1.1849092458026250e+01	   6.9603162334555551e+00	   7.9948796797086805e+00	   1.4182936518899711e+01	   3.1176724537766272e+00	   6.0747116242665085e+00	   7.4191640495862634e+00	   4.2818674452589134e+00	   8.7022533816958756e+00	   7.5979653195258292e+00	   1.0251971279635125e+01	   7.2401709250939090e+00	   1.9731025728289810e+00	   2.7693770133289721e+00	   3.1742773679187368e+00	   2.2455085404520094e+00	   9.6759763460455994e-01	   2.3906549929840248e+00	
   5.5801548042572124e-01	  -9.4254863429416025e-02	   6.8600302418765153e+00	   1.0841867168009156e+01	   1.2530080487248155e+01	   4.9605650464004905e+00	  -2.9106513970455077e+00	   6.8364867459979157e+00	   1.1085386197072884e+01	   1.0821844156431379e+01	   6.2547836649309041e-01	   4.7689802292430459e+00	  -1.9620898220359420e+00	   2.1313139997248531e+00	   5.6509265064522918e-01	   3.2158336181093516e-01	   6.0041952059886483e-01	   1.8432649275999086e-01	   2.6610598375677417e+00	   9.1607550786940295e-01	
  -1.6323693283028595e-01	   3.6552003021023105e-01	   1.3721727984946991e+01	   6.7942488715826030e+00	   5.8415171035095774e+00	   1.4216385519368393e+01	   2.5197760585134064e+00	   7.1958756034898324e+00	   8.3008299065239530e+00	   4.3057702928484165e+00	   7.7315321979657874e+00	   6.0950460795202437e+00	   7.5417036819120176e+00	   6.2469229913200754e+00	   2.0746114305521264e+00	   2.8015346203354543e+00	   2.6794331804746800e+00	   2.2727702348727057e+00	   1.2209499572595484e+00	   2.2284480934056350e+00	
   1.0662560583895730e+00	  -5.7145174973534951e-01	  -2.0347210422366757e-03	   1.1181657180779059e+01	   2.6215833151570145e+00	  -4.3319403862842636e+00	   2.0044990947584566e+01	   1.8790760302245285e+01	   7.2539012073608617e+00	   7.9256983831464813e+00	   1.2181705302417067e+00	   5.4195059453232508e+00	  -1.1454913089928262e+01	   7.7985259832501086e-01	  -6.6922913740147050e-01	   1.0816413538309155e+00	   4.3829970536243246e-01	   6.5996778093798962e+00	   3.1219660216474199e+00	   1.8258271502395627e+00	
   9.6258971565332396e-01	  -4.9327836604489245e-01	   1.0935782839898565e+00	   1.0829743656638154e+01	   2.9317273366940197e+00	  -2.7824755732792283e+00	   1.8607357109953007e+01	   1.7794575995286362e+01	   7.3445485105948336e+00	   7.6144883786616901e+00	   1.7694836069308078e+00	   5.4816853630591513e+00	  -9.8500776373819292e+00	   1.2503328347636176e+00	  -4.4209260250041449e-01	   1.2286222798914854e+00	   6.3997850574445470e-01	   6.2437815077377774e+00	   2.9570787425234242e+00	   1.8573626278771957e+00	
   9.7174607346632902e-01	  -5.0497840911421732e-01	   1.0186510068796697e+00	   1.0630850886785613e+01	   4.7257702337110246e+00	  -2.4453692405951744e+00	   1.9066056388096925e+01	   1.8400144694651644e+01	   6.6095261185418748e+00	   6.9756462877543122e+00	   2.0779452432864285e+00	   5.4865734789361227e+00	  -9.4252049525704429e+00	   1.4723147282339086e+00	  -4.2473997197299967e-01	   1.2289013997052505e+00	   7.6594456650778009e-01	   6.9570694591636029e+00	   2.9621022030466717e+00	   1.9129635802444960e+00	
  -2.2830569487597679e-01	   3.7569768142554538e-01	   1.0821093686880396e+01	   8.2897989467104907e+00	   2.9799057417151209e+00	   1.5253807118628593e+01	   4.6127837708179875e+00	   3.5412129031787236e+00	   1.0018010835004018e+01	   3.5039407666737481e+00	   6.4221545358773460e+00	   6.4670431982287351e+00	   3.7463669914215911e+00	   4.0729906493788457e+00	   2.2987991950091979e+00	   3.1635224357992544e+00	   2.9924062861097398e+00	   2.4358597186940045e+00	   1.3092247172516609e+00	   1.8736396252127898e+00	
   4.7903952396842986e-01	   1.6995364903229637e-01	   7.8370979732349273e+00	   1.0601817945930675e+01	   1.5307552111952688e+01	   6.8148905103684942e+00	  -1.6218727544581967e+01	   5.5800769113050492e+00	   1.2683236190326109e+01	   1.4048547747463621e+01	  -1.5999376967949326e+00	   4.4241661226339986e+00	   9.6517653306290008e-01	   1.8125814329788610e+00	   1.1170387127454764e+00	  -9.4631272300235691e-01	   4.4157146133471803e-01	   1.9603781960090840e+00	   2.8288783463830178e+00	  -4.8420823248511713e-02	
  -6.3600195256820383e-02	   3.2123091814813076e-01	   1.0517684477350604e+01	   8.6274836454702193e+00	   2.0686656015369875e+00	   1.3546956526267801e+01	   3.8539006001819422e+00	   5.7038535359605040e+00	   9.0004585740903664e+00	   4.0654241158469908e+00	   5.2048297235970544e+00	   7.6899963721793307e+00	   1.4963644714487936e+00	   4.4834056390054631e+00	   1.9603492435647585e+00	   2.9155295617999428e+00	   2.1804603498976758e+00	   2.8882871343815943e+00	   1.7161988803019812e+00	   1.7223171681353628e+00	
  -1.6437830869103906e-01	   3.6225359869566076e-01	   1.3240148826195499e+01	   6.9396755818210050e+00	   6.1078094416186364e+00	   1.4151830329519107e+01	   2.7664335952664065e+00	   6.9952165319384561e+00	   8.2841656988657704e+00	   4.2602770790092563e+00	   7.7195818627988553e+00	   6.2520429722511670e+00	   7.5171949429174889e+00	   6.3177436319541007e+00	   2.0431491255017500e+00	   2.8090414044886254e+00	   2.7656769351434729e+00	   2.3374127851022193e+00	   1.1900783423009180e+00	   2.2107179811008728e+00	
  -1.3784152139809538e-01	   3.5044304858282571e-01	   1.2596652397027363e+01	   7.2531688659456917e+00	   5.7465920996512301e+00	   1.3846204678732116e+01	   2.9330838963757517e+00	   6.9788476280870251e+00	   8.2480349043162295e+00	   4.2609781099267217e+00	   7.3626702090052270e+00	   6.5816796053322237e+00	   6.7833921289733468e+00	   6.2685392167356184e+00	   1.9836078296335682e+00	   2.8210382794682705e+00	   2.6772177632977368e+00	   2.4771026884755791e+00	   1.2692689909806134e+00	   2.1250674389567221e+00	
  -1.9324568387472590e-01	   3.6654589379146374e-01	   1.1585416959324540e+01	   7.8284490832091294e+00	   4.2340588623202882e+00	   1.4690075786078673e+01	   3.9105328017684560e+00	   4.9616649676794484e+00	   9.2483236471011150e+00	   3.8264606642789305e+00	   6.8636446927309187e+00	   6.5347723051863813e+00	   5.1211495856352549e+00	   5.0159080243036964e+00	   2.1667540159099254e+00	   3.0111853491024023e+00	   2.8776609661379204e+00	   2.4432625596499871e+00	   1.2791011820965219e+00	   1.9920009417372695e+00	
   4.9210924513981658e-01	  -2.9252857473236638e-02	   7.7994008354773170e+00	   1.0843842120745478e+01	   1.4093678131427710e+01	   6.2219272698793020e+00	  -6.4159930823570210e+00	   5.0513844199902991e+00	   1.1694778756618112e+01	   1.1344331072624584e+01	   4.3911682396386914e-01	   4.6528786386107823e+00	  -6.7711530901961581e-01	   2.2748282101829691e+00	   7.2916584782489324e-01	   1.7382427301266118e-01	   5.9397525510773652e-01	  -8.0277508996144453e-01	   2.6128375586870574e+00	   7.6273729450560590e-01	
   4.9442557770649065e-01	  -1.7994152242661252e-02	   7.6529978377087726e+00	   1.1085978163552392e+01	   1.7443225764966016e+01	   6.7292406093216126e+00	  -1.1349218854031891e+01	   4.0475281202359819e+00	   1.2469556746075416e+01	   1.3839112978094711e+01	  -3.1166736882350282e-01	   1.4015730721235653e+00	  -1.0381878919299596e+00	   1.5120145269420819e+00	   8.1757408493967354e-01	  -3.5535196498264809e-01	   4.2205747091104251e-01	  -8.4836092233589988e-01	   2.7987293923298098e+00	   2.5570561453101909e-01	
  -4.1845720706695469e-02	   3.1132267174388378e-01	   1.0222298612317680e+01	   8.8167619328690563e+00	   1.7218779425573989e+00	   1.3315520778997000e+01	   3.8980810457980586e+00	   5.8224014551063936e+00	   9.0198918078368990e+00	   4.0712255484682220e+00	   4.9277020379239937e+00	   7.7895271955311358e+00	   9.1641736276410091e-01	   4.4348529141927369e+00	   1.9247581399960638e+00	   2.9307246314815307e+00	   2.0877414337327709e+00	   2.9827252459691005e+00	   1.7851807963568933e+00	   1.6549203375002781e+00	
  -1.1764508899463180e-01	   3.5136586066603898e-01	   1.2010700196622652e+01	   7.2694297078328285e+00	   6.4770063509803100e+00	   1.3443337458542862e+01	   2.8184203651798989e+00	   7.1665003359024508e+00	   7.5074699117469876e+00	   4.4485888858490821e+00	   7.5747108997417438e+00	   7.5680392782454700e+00	   7.6453749821660573e+00	   6.8433429908397558e+00	   1.8648998342546601e+00	   2.7166128577480095e+00	   2.6500221127764920e+00	   2.5224722860612969e+00	   1.2638717732106326e+00	   2.1977899822574876e+00	
   1.5524433794103665e-01	   1.7876742609776181e-01	   8.9378029366591925e+00	   9.4862374876034394e+00	   5.8865212628977872e+00	   1.0659435278252175e+01	   6.7880559957223774e-01	   6.1712484054685079e+00	   9.6505817205463735e+00	   6.5764597910321401e+00	   3.4942757254098162e+00	   6.1289255316661881e+00	   3.1027385136369823e-02	   3.4726308125059537e+00	   1.5235179217924386e+00	   1.9080770636205830e+00	   1.6033627458592383e+00	   2.3388763925596407e+00	   2.1217476892864306e+00	   1.3095175607685112e+00	
   5.3239109686989294e-01	   3.4716584538333872e-02	   7.0603310410038862e+00	   1.0689476315401995e+01	   1.3349251786690520e+01	   5.6469841226688828e+00	  -9.4430981977446855e+00	   6.7716617758536914e+00	   1.1856415212284837e+01	   1.2470324021454680e+01	  -5.6051645673313288e-01	   4.6944421018934257e+00	  -8.5903391733530876e-01	   1.7748850318738589e+00	   8.4910484022344868e-01	  -3.6633867135841491e-01	   5.2392111209677883e-01	   1.7953083241884329e+00	   2.7816698624271381e+00	   3.8845422581616806e-01	
  -1.8620693346351225e-01	   3.6942590959065907e-01	   1.2837134160172871e+01	   7.1188223066227643e+00	   5.7733541160956552e+00	   1.4438811993798526e+01	   3.1109860454615914e+00	   6.2778451238106081e+00	   8.5514199863971481e+00	   4.1211753591966556e+00	   7.6341335385216880e+00	   6.3129435348167817e+00	   7.1737647842190189e+00	   5.9745050184426054e+00	   2.0981137263089993e+00	   2.8654159523285476e+00	   2.8643544037716375e+00	   2.3194064822156237e+00	   1.1733482359035146e+00	   2.1819789397737375e+00	
   8.2485703670469035e-01	  -3.7901273996060070e-01	   2.5993480501873805e+00	   1.0489750522066169e+01	   4.6031293298827523e+00	  -5.3045074710397344e-01	   1.4485389489179653e+01	   1.5777903928959063e+01	   7.6647254505121474e+00	   7.5546181225503908e+00	   2.2259452064977863e+00	   5.3719162367471096e+00	  -7.2183982982347050e+00	   1.7106260496129628e+00	  -9.5722878474151341e-02	   1.1325527367410182e+00	   8.4506750029794531e-01	   5.3966439897251473e+00	   2.7958895426798724e+00	   1.7642300796487327e+00	
  -1.2792216852951135e-01	   3.4602830866544093e-01	   1.2356115813599654e+01	   7.3703514952080864e+00	   5.6115703942099140e+00	   1.3731962941690613e+01	   2.9953771621019660e+00	   6.9727289924141438e+00	   8.2345293470457577e+00	   4.2612401526889201e+00	   7.2292579538664796e+00	   6.7048965586825799e+00	   6.5090993531704759e+00	   6.2501467884489337e+00	   1.9613515136202764e+00	   2.8255226669312186e+00	   2.6441520522787583e+00	   2.5293182573175246e+00	   1.2988701623460273e+00	   2.0930515833245193e+00	
  -1.2255296854213289e-01	   3.5650732790425627e-01	   1.1613123483742989e+01	   7.0877901277663860e+00	   8.1945709473697121e+00	   1.3079494005300990e+01	   2.6405756616284184e+00	   7.5626202008044006e+00	   6.7131985648430081e+00	   4.5737495069549432e+00	   8.3862527096901154e+00	   8.0106666991537789e+00	   1.0145415171699495e+01	   8.0258216617265319e+00	   1.7523920923325915e+00	   2.6710816105035957e+00	   2.8463160070557469e+00	   2.5078917703978374e+00	   1.1157908809377819e+00	   2.3204097546578901e+00	
   9.2891648988178055e-01	  -4.7293591441427518e-01	   2.6396825757442790e+00	   1.0879122425295369e+01	   1.4374869992572517e+01	   5.8873530870774626e-01	   1.1528510861081042e+01	   1.5587138064208848e+01	   8.8823390050111062e+00	   9.2021699140955935e+00	   1.2076431586403895e+00	   4.5244343448817466e+00	  -8.2910322343178535e+00	   1.0529998812678751e+00	  -1.7728709547478461e-01	   6.7567333161866960e-01	   5.7743889548440974e-01	   6.3213863367224947e+00	   3.0385146722480276e+00	   1.2511954482295042e+00	
   1.1383856484561033e-01	   2.2781308131226249e-01	   8.1041540528244038e+00	   1.0200126826710264e+01	  -5.1468556120877995e-01	   1.1241513671451859e+01	   3.9436060276918838e+00	   7.4054051873688387e+00	   9.5156135743592181e+00	   3.9275202606530830e+00	   3.3630966040266674e+00	   7.3378617339419128e+00	  -1.7436742230703643e+00	   4.8241072626448886e+00	   1.7068834014834655e+00	   3.3300312049418723e+00	   1.5194470817608239e+00	   3.6408978337528821e+00	   2.2610870232252491e+00	   1.0720773459851778e+00	
   4.9798120133850743e-01	  -3.0003418288639529e-02	   7.7391386947839704e+00	   1.1082581085480586e+01	   1.5668578561215368e+01	   6.4057959167571115e+00	  -9.0749324135442659e+00	   4.0357486311779986e+00	   1.2242255273550137e+01	   1.3663329575345001e+01	  -1.3159149623331479e-01	   2.7143245025016105e-01	  -6.6594135119017617e-01	   1.8380230694008817e+00	   7.0710657472255789e-01	  -1.0898031808610589e-01	   4.7127921203574685e-01	  -1.3778583234372201e+00	   2.6989150116660241e+00	   5.4797018031528566e-01	
   9.8952971329853390e-01	  -5.1657958486880906e-01	   7.9093797123353582e-01	   1.0889456982445873e+01	   2.5363388031285989e+00	  -3.2530293546852951e+00	   1.9680059057584266e+01	   1.8269581159440893e+01	   7.2166465461044620e+00	   7.5501894227004591e+00	   1.7135864314185523e+00	   5.5005731717226336e+00	  -1.0362432591746511e+01	   1.1888086804001026e+00	  -5.1768497368531585e-01	   1.2752422268352512e+00	   6.1026990344213061e-01	   6.3988977520709494e+00	   2.9840192323861912e+00	   1.9057369473568806e+00	
   7.1525978763473541e-01	  -2.4715999558236404e-01	   3.9113849208700660e+00	   1.0622136815400548e+01	   1.0665609107936426e+01	   2.0415158882835378e+00	   2.4222060343859511e+00	   1.1633075564588335e+01	   8.5601463932858284e+00	   8.6303460125770464e+00	   1.6428051664141834e+00	   4.9637880117080710e+00	  -3.0623041128555717e+00	   1.4114803986043971e+00	   3.9640503013508027e-01	  -1.3346185344088823e-01	   8.0018207976950173e-01	   3.6650885120279102e+00	   2.8900562965781393e+00	   1.1352105533082821e+00	
   5.2903092947668995e-01	   7.3941782194103800e-03	   6.9045869276735585e+00	   1.0775435988510377e+01	   1.3671555850997263e+01	   5.4437736358400146e+00	  -8.3364441251625792e+00	   7.1847981390663680e+00	   1.2060128232359045e+01	   1.2205832467512625e+01	  -1.7798119640933185e-01	   4.6985166045523306e+00	  -1.0720094619034592e+00	   1.8101475359788910e+00	   8.0442350820238628e-01	  -3.7875979902937301e-01	   4.9445700717396668e-01	   1.4532469741084655e+00	   2.7865966903523636e+00	   3.4819020198657269e-01	
  -1.4045612746803193e-01	   3.6322032639797092e-01	   1.1661980454026724e+01	   7.0613968771909095e+00	   8.1532252138483017e+00	   1.3307959879937489e+01	   2.7393577318868125e+00	   7.2545512890772077e+00	   6.8593675042733242e+00	   4.5133158280869763e+00	   8.4516801053412607e+00	   7.9252175883044229e+00	   1.0167477430582359e+01	   7.8631540279427075e+00	   1.7980898177207458e+00	   2.6914335046009197e+00	   2.9142198427636643e+00	   2.4535657739088865e+00	   1.0851077241611580e+00	   2.3349539104389549e+00	
