   4.0995590561471404e+00	   3.9486203681103103e+00	   2.3612299121865156e+01	   2.3855595713154852e+01	   1.8458613954240153e+01	   7.0374585478992104e+00	   2.3758502156709810e+01	   3.4108928551476893e+01	   6.9893487634028020e+01	   6.9525892509355401e+01	   6.9220091293364959e+01	   6.9796287444784653e+01	   6.8108881233977741e+01	   5.0730002293447122e+01	   7.4231634239079476e+00	   3.8737346182752139e+00	   1.2281380416006936e+01	   1.0784563366351643e+01	   4.0643585695538897e+00	   1.1748948162581433e+01	
   2.0044497605675669e+00	   1.5812204748358489e+00	   6.5479688767989330e+01	   3.5663108076649266e+01	   3.2569143508181220e+01	   2.7218145234849018e+01	   6.6555371222551486e+01	   3.1501159702686934e+01	   7.0414317392980394e+01	   4.9415164841645399e+01	   6.9391133996992764e+01	   5.4122749909188322e+01	   6.8519872929757710e+01	   5.3631085918101292e+01	   1.3284366141579760e+01	   1.0566809458902984e+01	   6.7311458341890402e+00	   8.0599266730812769e+00	   1.4525254220933954e+01	   8.6377092041462333e+00	
   3.7812630078460128e+00	   3.8661309532901273e+00	   1.0652065924947374e+01	   2.9789221350188427e+01	   1.6198409526797509e+01	   1.1314505328656226e+01	   1.3938735174556205e+01	   2.5479933566635694e+01	   6.9235114579750373e+01	   6.1267493793396646e+01	   6.8480522745718005e+01	   6.6682094972304355e+01	   6.8505544221505247e+01	   5.4832631901648455e+01	   7.3104804261932950e+00	   1.0466095046371338e+01	   1.3454027683595992e+01	   1.1180477036949409e+01	   1.0315991141201557e+01	   1.3666791517192786e+01	
   4.0958153153369379e+00	   3.8958052402489716e+00	   2.4231874657295162e+01	   2.3741994553400705e+01	   1.8332722296116248e+01	   7.2124272402348808e+00	   2.4640509014297333e+01	   3.3600739902569224e+01	   6.9953621627505058e+01	   6.9682465950170482e+01	   6.9622826703453953e+01	   6.8773985820918170e+01	   6.7895950566787107e+01	   5.0646796269762810e+01	   7.8085530211471728e+00	   3.5391776330759770e+00	   1.2154207552529222e+01	   1.0926369065234386e+01	   3.8508993297803888e+00	   1.0908076748738512e+01	
   3.6456015441074379e+00	   3.6372484007713926e+00	   8.1884335312438381e+00	   3.4640540562207875e+01	   1.5502416341293339e+01	   1.3568298233874412e+01	   1.2765632485888652e+01	   1.9249870581461177e+01	   6.7052654877687914e+01	   5.7724619483561092e+01	   7.0109245363401527e+01	   6.4102560273728329e+01	   6.8224495768872089e+01	   5.6912003353953018e+01	   7.5299573080257058e+00	   1.3158723867245708e+01	   1.4137735888110228e+01	   1.2068484516243505e+01	   1.2505419249878173e+01	   1.2056974282591931e+01	
   2.0018508572034719e+00	   1.5061218442283388e+00	   6.1434233805525203e+01	   3.6451032058594706e+01	   3.3901098782551941e+01	   2.2527193220689604e+01	   6.5409658631040131e+01	   3.5185326664442428e+01	   7.2558292103357374e+01	   5.6228074882771871e+01	   7.0836252791467672e+01	   6.7622439326235252e+01	   7.0948967743068650e+01	   4.9867536293516544e+01	   1.4385598150298600e+01	   1.1626956466481458e+01	   6.4627973876788003e+00	   9.0834761157514574e+00	   1.4163061559254238e+01	   1.1158815918132639e+01	
   3.3136818722474346e+00	   3.5995486574047169e+00	   8.5283633643804713e+00	   3.2722310246438710e+01	   1.4531288940904009e+01	   1.4517429168343302e+01	   1.3324750673986628e+01	   1.5034476661553860e+01	   6.5085292685150861e+01	   5.2069805288749237e+01	   7.3479456573887603e+01	   5.3791970661042015e+01	   6.8487918986269392e+01	   5.8919494076775315e+01	   7.4403372208095719e+00	   1.5477299388122916e+01	   1.5369027256722987e+01	   1.3367922776052374e+01	   1.5244937719642412e+01	   8.9179914253392436e+00	
   2.0017094541379068e+00	   1.5843962133581098e+00	   6.5656569018490259e+01	   3.5362394002783518e+01	   3.2592320701177712e+01	   2.7636937431654928e+01	   6.6604843542342707e+01	   3.1477047487504386e+01	   7.0358034237511220e+01	   4.9163065341292572e+01	   6.9325965894487837e+01	   5.3358721649318511e+01	   6.8385401845284647e+01	   5.3718244784346844e+01	   1.3275941628104469e+01	   1.0437705989315106e+01	   6.7476744286317505e+00	   7.8134240853275871e+00	   1.4571033195021213e+01	   8.4513005488064774e+00	
   2.0142897427163255e+00	   1.5418586518542772e+00	   6.3585620946941503e+01	   3.7926249775670811e+01	   3.2846341337200187e+01	   2.3826166858527024e+01	   6.6022856723377188e+01	   3.2528695169588694e+01	   7.1352439580838819e+01	   5.2628343395407732e+01	   7.0106490886870191e+01	   6.2012207809832432e+01	   7.0264448605304608e+01	   5.1378339836781436e+01	   1.3735656494602006e+01	   1.1044082203021997e+01	   7.0150473303472207e+00	   9.5091852490289615e+00	   1.4196996138939809e+01	   1.0411835993871287e+01	
   2.5795122284913781e+00	   1.4552989218546681e+00	   6.0002601527233821e+01	   3.2825234206356654e+01	   2.9781170820283567e+01	   2.0825642836750493e+01	   6.5000168441919897e+01	   3.4212751362105998e+01	   7.1295991039581352e+01	   6.5866211419658740e+01	   7.1309956605468443e+01	   6.2121552388805107e+01	   7.0912211554551305e+01	   5.1836264571337416e+01	   1.1409224320872564e+01	   1.1223839504639404e+01	   9.3369849983803039e+00	   1.1161090211938745e+01	   1.0379523633674227e+01	   1.6453167275145251e+01	
   2.2294284458528586e+00	   1.4758550053373918e+00	   6.1124573954880482e+01	   3.6922745622273339e+01	   3.1763759772099817e+01	   2.1941493206283170e+01	   6.5320378663499170e+01	   3.3812554698214939e+01	   7.1237909349700956e+01	   5.8911575431794439e+01	   7.0756131045874440e+01	   6.2559251790391528e+01	   7.0709420402242742e+01	   5.0332245802062239e+01	   1.2896584828931903e+01	   1.0934536615765348e+01	   7.7251378116151379e+00	   9.7976799355432380e+00	   1.2785040136298246e+01	   1.2505426209721508e+01	
   3.5448863792448080e+00	   3.7942126516731225e+00	   9.6291748739345344e+00	   3.0219962211539503e+01	   1.7578633025759565e+01	   1.2412047037556054e+01	   1.2965750690080288e+01	   2.4213947531799171e+01	   6.6182587671889507e+01	   5.6314569016619672e+01	   6.8911951303334121e+01	   6.6249843186626194e+01	   6.9011812113027574e+01	   5.6090201128670202e+01	   6.5632694315896982e+00	   1.0330609803011297e+01	   1.4952725714978317e+01	   1.1390991159543033e+01	   1.2202485119274783e+01	   1.4067043950398515e+01	
   3.6485451110585849e+00	   3.8174836813298354e+00	   1.0778226362667162e+01	   2.9762919740854503e+01	   1.5911743309180935e+01	   1.1325608846854735e+01	   1.3888784341854317e+01	   2.5913342463260214e+01	   6.9121710794315931e+01	   6.0797133039351792e+01	   6.8626665010011735e+01	   6.6926180584646772e+01	   6.8530481317824908e+01	   5.4094199296707522e+01	   6.8055669734011968e+00	   1.0601786663506886e+01	   1.3572824600133989e+01	   1.1550308180679270e+01	   1.2135363253821097e+01	   1.3640413703952845e+01	
   2.0100462478996195e+00	   1.5550114580049674e+00	   6.4001088750709982e+01	   3.7344656010410468e+01	   3.2705053451517166e+01	   2.4382833192273928e+01	   6.6139881088106833e+01	   3.2181520853881331e+01	   7.1039968620518806e+01	   5.1565428449478738e+01	   6.9931306037057581e+01	   6.0112936984239944e+01	   6.9564198911306320e+01	   5.2624823356603493e+01	   1.3529320449004310e+01	   1.1028162900117703e+01	   6.5619983541502318e+00	   9.4634696870621369e+00	   1.4301331631659121e+01	   9.8928662208397640e+00	
   3.4940389870455015e+00	   3.8326768520754606e+00	   1.0500793633617906e+01	   2.3337145493745695e+01	   1.6648071410397211e+01	   9.8327673843002099e+00	   1.4527720733599972e+01	   2.1427791447000008e+01	   6.6230934442836471e+01	   5.5784474432429697e+01	   6.9357856456179888e+01	   5.7668701196950124e+01	   6.6922900756894919e+01	   5.8477000554488477e+01	   7.7521704026187717e+00	   1.3905318479408439e+01	   1.4768162568957992e+01	   1.1782399460879326e+01	   1.4157337834935847e+01	   1.1564083761383337e+01	
   2.0215268984297570e+00	   1.5564809670605106e+00	   6.4417880142292120e+01	   3.8291297802813482e+01	   3.2437612583112504e+01	   2.4420977893351360e+01	   6.6259784949601709e+01	   3.1541764221515521e+01	   7.0780310353288158e+01	   5.1254794666203757e+01	   6.9821809168096422e+01	   5.9682165802662325e+01	   6.9494523906116243e+01	   5.2884753961364233e+01	   1.3464009319070597e+01	   1.0952075490146884e+01	   6.7179358047771656e+00	   9.6239985703241935e+00	   1.4199670043117912e+01	   1.0099824291916782e+01	
   3.7913475322401049e+00	   4.4362526022527051e+00	   1.0990001654192962e+01	   2.2860691246505084e+01	   1.3960425456981945e+01	   1.2484525807134501e+01	   1.3242480626034112e+01	   3.1692568943164751e+01	   6.6311629463888437e+01	   6.2153265903792800e+01	   6.8247897322569656e+01	   6.8123455556022805e+01	   6.7771684771583224e+01	   5.4778054663904101e+01	   5.1234462684394133e+00	   6.0959140735168287e+00	   1.3954017539378510e+01	   1.0232802048828484e+01	   9.4987460947193210e+00	   1.3903303034946759e+01	
   2.0491332070710166e+00	   1.5228839532544092e+00	   6.2934338796786676e+01	   3.7799202459726601e+01	   3.2707986992617450e+01	   2.3416875596808541e+01	   6.5836085145166322e+01	   3.2958731250684977e+01	   7.1252545542798430e+01	   5.3979385754446049e+01	   7.0249389595859199e+01	   6.1818025841231979e+01	   7.0111147934441320e+01	   5.1282829854461404e+01	   1.3605381598126998e+01	   1.0986075969083450e+01	   6.8552599300589447e+00	   9.4256487401685582e+00	   1.3974126063707791e+01	   1.0629695467638383e+01	
   3.3492899100756039e+00	   3.5167424781611589e+00	   1.1467734157975524e+01	   3.2048316004799318e+01	   1.6286559962358893e+01	   1.4071694293828402e+01	   1.4855078734496184e+01	   1.7158067119604098e+01	   6.5641961587109918e+01	   5.6448765583567656e+01	   7.3857108542096256e+01	   6.6120121595612957e+01	   6.8684450044790978e+01	   5.6042914810579880e+01	   6.4680608232261037e+00	   1.5264371135373136e+01	   1.4227440294620894e+01	   1.3176306106624363e+01	   1.3522444619708493e+01	   6.2623501952918916e+00	
   3.7939323384459289e+00	   4.2350138189005753e+00	   1.1522097392605314e+01	   1.5124298650447610e+01	   1.5815015481726446e+01	   1.0036418105532629e+01	   1.6955680770204086e+01	   3.7188422070184146e+01	   6.8368421501711140e+01	   6.4870838297120713e+01	   6.8389234853755326e+01	   7.0370862257249826e+01	   7.3254748063465257e+01	   4.7374930612438810e+01	   7.5966120323480286e+00	   7.9929715378769739e+00	   1.1101975336053599e+01	   1.0414491330845866e+01	   9.2226130916049627e+00	   1.6890630995742558e+01	
   2.0318894877352278e+00	   1.5170578470062266e+00	   6.2666332591600771e+01	   3.8216257894750662e+01	   3.2883991306069014e+01	   2.3312424717067987e+01	   6.5760349266428932e+01	   3.3183743964411292e+01	   7.1393121625854462e+01	   5.4171578136410673e+01	   7.0334225977514805e+01	   6.2880585240426143e+01	   7.0307180461025240e+01	   5.0874484723130038e+01	   1.3758150880627749e+01	   1.1147404632881951e+01	   6.7630086881455851e+00	   9.3143675939163018e+00	   1.3970643311022940e+01	   1.0643116880134174e+01	
   2.0072537686693992e+00	   1.5326996330205656e+00	   6.3356055673676359e+01	   3.8402528226341445e+01	   3.3068057760850039e+01	   2.3584634188314435e+01	   6.5958411251916516e+01	   3.2837859551457676e+01	   7.1493525495389591e+01	   5.3339195729164118e+01	   7.0227423164619481e+01	   6.3603860483334977e+01	   7.0187075596957186e+01	   5.1494090726828944e+01	   1.3993917950071955e+01	   1.1260931383396706e+01	   6.6904969872014162e+00	   9.3750545507171310e+00	   1.4183157211410686e+01	   1.0767661013337387e+01	
   3.4177819503345948e+00	   3.6113724405699164e+00	   8.4217510567236822e+00	   3.3323925464186189e+01	   1.4835863953426163e+01	   1.4219752914810416e+01	   1.3149394248997451e+01	   1.6356552071460804e+01	   6.5702317149899116e+01	   5.3843326562584984e+01	   7.2422456100803856e+01	   5.7025684341796733e+01	   6.8405301474184725e+01	   5.8289884087605422e+01	   7.4684447988422251e+00	   1.4750123769330131e+01	   1.4982856931528470e+01	   1.2960379518499982e+01	   1.4385741622509730e+01	   9.9024716723915684e+00	
   2.0180395492857865e+00	   1.5526022064190570e+00	   6.4013198819613905e+01	   3.7752583057376597e+01	   3.2608294997449292e+01	   2.4212976723056158e+01	   6.6144023282889734e+01	   3.2033911944561964e+01	   7.1043098314423034e+01	   5.1716668110204381e+01	   6.9938945173045767e+01	   6.0343827627934253e+01	   6.9835013937679392e+01	   5.2210338800697777e+01	   1.3513611243668032e+01	   1.1234079771440287e+01	   6.8621258698725534e+00	   9.5913633206636835e+00	   1.4220504784732478e+01	   1.0082189468310357e+01	
   2.1381324396831927e+00	   1.4861888152762890e+00	   6.1417605324442249e+01	   3.7477604974697137e+01	   3.2576997968597098e+01	   2.2240359443205499e+01	   6.5405256122193720e+01	   3.4124664666658205e+01	   7.1754555346882398e+01	   5.7905310440936972e+01	   7.0781243808630563e+01	   6.5015621513355626e+01	   7.0897231323377213e+01	   5.0055395564314935e+01	   1.3586754513752560e+01	   1.0857147691497293e+01	   7.3116778646757981e+00	   9.5291652177663941e+00	   1.3134894050243206e+01	   1.2214208705734865e+01	
   4.0447402814622846e+00	   4.1236634903010358e+00	   1.5109342715877759e+01	   1.8125881299303060e+01	   1.4915799593486758e+01	   7.9822098137788551e+00	   1.5856748624633191e+01	   3.2703316989265389e+01	   7.1423004026575313e+01	   6.7629143955770672e+01	   6.8554944521964472e+01	   6.7321109471402906e+01	   6.9147932076027274e+01	   5.1238368724818677e+01	   6.0544602980634608e+00	   8.6557852238510069e+00	   1.3786711570051509e+01	   1.0922689719335256e+01	   8.4951544683181019e+00	   1.2605841676760825e+01	
   3.0287164950426919e+00	   2.3194400497891201e+00	   9.4638742242729101e+00	   4.0781676657750765e+01	   5.3898062951837048e+01	   2.8638089969316916e+01	   2.2676190502945861e+01	   4.1901651998680748e+01	   6.0011886523213192e+01	   5.8244501948350631e+01	   5.8340342897854249e+01	   3.7265689774664850e+01	   3.7031566975587609e+01	   5.9798288747721472e+01	   1.1286844568493715e+01	   1.8666270240373976e+01	   1.2155795647491859e+01	   8.0498920736158439e+00	   1.9476270865629612e+01	   8.0223661126695980e+00	
   3.3781908851859459e+00	   3.1595506236631157e+00	   9.9321420486448098e+00	   2.8290818780968493e+01	   1.5903475478742630e+01	   1.5242696935404251e+01	   1.4009506220627914e+01	   2.3092633824719385e+01	   6.5127448312591113e+01	   5.1045024819423105e+01	   7.2644846087389780e+01	   6.3447046783355312e+01	   6.9709774799464157e+01	   6.0043176156606314e+01	   8.4468563207261589e+00	   1.1821297891649113e+01	   1.4954348521623867e+01	   1.1552417322250555e+01	   1.4248082242835476e+01	   1.3515397984500021e+01	
   2.0431010087906882e+00	   1.4984477044766138e+00	   6.2071866522550977e+01	   3.8540523351485703e+01	   3.2983800185664009e+01	   2.2635964764206221e+01	   6.5590935667013582e+01	   3.3678164496069968e+01	   7.1515420997105409e+01	   5.5406989911325084e+01	   7.0500895168760053e+01	   6.3899007356952204e+01	   7.0607089963790045e+01	   5.0023950061333807e+01	   1.3866242483049303e+01	   1.1010709025140441e+01	   6.8917538399692662e+00	   9.2566169724007779e+00	   1.3981360476929812e+01	   1.0955868646188993e+01	
   3.5468081794967161e+00	   3.6561608107469303e+00	   8.9079324800025841e+00	   3.5801184377656966e+01	   1.6907044300399455e+01	   1.3544791343621014e+01	   1.3351157692000283e+01	   2.0082496506665578e+01	   6.7303463803970956e+01	   5.7159377261060087e+01	   6.9829108565687505e+01	   6.6590739154269627e+01	   6.8259689636831894e+01	   5.6740032549175979e+01	   7.6526157764881475e+00	   1.2523254722224937e+01	   1.3454554171104396e+01	   1.1799974369115896e+01	   1.1912609737121919e+01	   1.2273028721660051e+01	
   3.3934806481442985e+00	   3.5751386011222124e+00	   1.1198634830821081e+01	   3.1631328982022190e+01	   1.6548205682593952e+01	   1.3686433407186980e+01	   1.4534294320153816e+01	   1.8659372301292343e+01	   6.5777392964035428e+01	   5.6523379074357599e+01	   7.2267561192328941e+01	   6.6224231773323794e+01	   6.8747576847150995e+01	   5.6012109475713451e+01	   6.4758637777741175e+00	   1.2842332030341367e+01	   1.4352034949531372e+01	   1.2813895598056199e+01	   1.3194819518837438e+01	   1.0157667969658633e+01	
   2.0067853799271589e+00	   1.5848710218737969e+00	   6.5201357072201645e+01	   3.6836261295732108e+01	   3.2291669918843489e+01	   2.5656915168534166e+01	   6.6480503198580479e+01	   3.1039235796611610e+01	   7.0473736493120171e+01	   4.9219411668811659e+01	   6.9514646965834203e+01	   5.6484817530506433e+01	   6.8824550344392080e+01	   5.4129386556334246e+01	   1.3138257980960176e+01	   1.1613315503468797e+01	   6.4947950554013811e+00	   9.4428157558529122e+00	   1.4398863785317388e+01	   9.1204724932656074e+00	
   2.0243693680684154e+00	   1.5707377428038338e+00	   6.4734966836001774e+01	   3.7459426907849100e+01	   3.2206463552392194e+01	   2.4865926762064266e+01	   6.6348557130175408e+01	   3.1198698689400977e+01	   7.0520918270698203e+01	   5.0177724904190519e+01	   6.9656121516233227e+01	   5.7527537236330957e+01	   6.9110111579466150e+01	   5.3614785289168758e+01	   1.3138790256526477e+01	   1.1554803028747044e+01	   6.6039885193588610e+00	   9.7300830897285735e+00	   1.4260188289717641e+01	   9.5257333603827252e+00	
   3.3403167493639203e+00	   3.7814576913467266e+00	   8.7799577709476360e+00	   3.2776710100561999e+01	   1.4199178782639789e+01	   1.3745911859908096e+01	   1.3350884423884846e+01	   1.4419664367710341e+01	   6.5678500424758269e+01	   5.3521807969554338e+01	   7.3233358685201964e+01	   5.2864434406164200e+01	   6.8180946080115859e+01	   5.8118601749781746e+01	   7.0231255998313840e+00	   1.5903443847402210e+01	   1.5328333077393470e+01	   1.3635079503036291e+01	   1.5053962847687039e+01	   8.1209742527509867e+00	
   2.0180724036602937e+00	   1.5438200250316310e+00	   6.3672467623796805e+01	   3.7826216070495377e+01	   3.2786991017413129e+01	   2.3949374049184648e+01	   6.6047364195250537e+01	   3.2440366195692462e+01	   7.1212962967237544e+01	   5.2503473463853382e+01	   7.0073075393388208e+01	   6.1606575200463574e+01	   6.9852505147122514e+01	   5.2139157335906397e+01	   1.3680943339812595e+01	   1.1123671713726582e+01	   6.6609995222070690e+00	   9.4940640518726891e+00	   1.4181556848500918e+01	   1.0365317358009317e+01	
   3.7009873664649602e+00	   3.8013632503524049e+00	   1.0823445978076006e+01	   3.0200282499265683e+01	   1.6220706584163324e+01	   1.1820479926585200e+01	   1.4119396040214369e+01	   2.3943821722373862e+01	   6.8559898881876734e+01	   6.0373915287966128e+01	   6.9485552897601082e+01	   6.6593888811995569e+01	   6.8540242639058690e+01	   5.5053668444272276e+01	   7.1479450416276222e+00	   1.1373652347542368e+01	   1.3599073660286409e+01	   1.1552331538149542e+01	   1.0906288876565721e+01	   1.2328472903511308e+01	
   4.0929561473359177e+00	   4.2338897211638047e+00	   1.5277083529285576e+01	   1.6196556591258872e+01	   1.6300499769764752e+01	   6.2309309081389896e+00	   1.5221764079694655e+01	   3.6522970557756878e+01	   7.2641242187514308e+01	   6.9406762836687008e+01	   6.7744023425993362e+01	   7.4897048456269204e+01	   6.9378451942273855e+01	   4.9936540510193190e+01	   5.5964066279136695e+00	   6.1757661893410969e+00	   1.2921064442646809e+01	   1.0266225201054604e+01	   5.7302878836298659e+00	   1.3246025212263094e+01	
   2.0297262061296464e+00	   1.5784251245240499e+00	   6.5109884491814768e+01	   3.7104658334211557e+01	   3.2081587822861948e+01	   2.5488356822720888e+01	   6.6454408251751360e+01	   3.0920503613590824e+01	   7.0336783572548910e+01	   4.9633965359181765e+01	   6.9523068033011626e+01	   5.6109247957542095e+01	   6.8853310418071104e+01	   5.4010972062981935e+01	   1.3015847766304958e+01	   1.1435879101948993e+01	   6.6502813144441317e+00	   9.5169891876003803e+00	   1.4253166026069398e+01	   9.3000739071271017e+00	
   4.0960119771590584e+00	   4.0658850187128195e+00	   2.2276378940482687e+01	   2.4145055898128863e+01	   1.8810233120339717e+01	   6.7968621263123303e+00	   2.1906591640775765e+01	   3.5139741711031775e+01	   6.9796262814562965e+01	   6.9039461564425849e+01	   6.8470362499420929e+01	   7.1735404291163988e+01	   6.8511906038529773e+01	   5.0897636867288654e+01	   6.7064260950008547e+00	   4.6601329737805290e+00	   1.2445888390562196e+01	   1.0509748244753141e+01	   4.5382966415519981e+00	   1.3290343326489818e+01	
   3.6540828565998145e+00	   3.7787899408516390e+00	   1.0333483232159576e+01	   2.9667188834887622e+01	   1.6146882237795385e+01	   1.1597468861728483e+01	   1.3587889686474378e+01	   2.6870192878141758e+01	   6.9044505430389520e+01	   6.0190169381313076e+01	   6.8575973714741224e+01	   6.6847757648005313e+01	   6.8390415424653895e+01	   5.5693972758731967e+01	   6.8613778971123018e+00	   1.0317444233262288e+01	   1.3734565504824662e+01	   1.1412710482088768e+01	   1.2156549033120841e+01	   1.3809689050977962e+01	
   2.0122290930930546e+00	   1.5589455799928640e+00	   6.4188245240642686e+01	   3.7427720510172513e+01	   3.2585029654432994e+01	   2.4519623417267706e+01	   6.6193189443155262e+01	   3.1924097105283238e+01	   7.1222952933767530e+01	   5.1194366115898994e+01	   6.9862130203256854e+01	   5.9516199724149843e+01	   7.0791689790646231e+01	   5.0394039552319398e+01	   1.3439792324109996e+01	   1.1136670453614997e+01	   8.0083255707278234e+00	   9.5212146959778057e+00	   1.4286707389923452e+01	   9.7994638149759261e+00	
   2.0022347035217791e+00	   1.5064520285167504e+00	   6.1452942639920877e+01	   3.6444081599860503e+01	   3.3891843565178000e+01	   2.2538437654655432e+01	   6.5414950517691423e+01	   3.5166809093215953e+01	   7.2546607634993464e+01	   5.6200567681627831e+01	   7.0829391891546166e+01	   6.7550617315282352e+01	   7.0936648247679003e+01	   4.9887272818388645e+01	   1.4377963076284473e+01	   1.1621067974184852e+01	   6.4659315382440647e+00	   9.0868625065418396e+00	   1.4166482367831339e+01	   1.1149179080778874e+01	
   3.6241663333459484e+00	   3.6706551057565551e+00	   8.4950665430200516e+00	   3.3699708774229421e+01	   1.5944297584090840e+01	   1.3322213266232122e+01	   1.2808223647705338e+01	   2.0306375188407689e+01	   6.6867478455066887e+01	   5.7424518411548242e+01	   6.9854425242161312e+01	   6.4559566543492068e+01	   6.8392060323782530e+01	   5.6737099168200807e+01	   7.3242171059395069e+00	   1.2556816288510362e+01	   1.4311190190957417e+01	   1.1924293590177991e+01	   1.2440945772173114e+01	   1.2484777454373242e+01	
   2.2904954371847257e+00	   1.4679699989937165e+00	   6.0786618661484269e+01	   3.6363105649853921e+01	   3.1413893587943612e+01	   2.1650794757331603e+01	   6.5223989340497354e+01	   3.3939349034301436e+01	   7.1222952933767530e+01	   6.0239352613586647e+01	   7.0871161210299917e+01	   6.2495026655462702e+01	   7.0791689790646231e+01	   5.0394039552319398e+01	   1.2630399880779677e+01	   1.0929718553611018e+01	   8.0083255707278234e+00	   9.9945049947110203e+00	   1.2375400013793083e+01	   1.3137907497004239e+01	
   2.0227751842215449e+00	   1.5499794324212377e+00	   6.3873200252527276e+01	   3.7497344487279776e+01	   3.2606756229497719e+01	   2.4240080208628459e+01	   6.6103454120800336e+01	   3.2181895534451257e+01	   7.1209970878225505e+01	   5.1907904239785253e+01	   6.9959863951092416e+01	   6.0074075608941669e+01	   7.0536476656181179e+01	   5.0781415508665788e+01	   1.3473345810866375e+01	   1.1113352093835832e+01	   7.6352264396119924e+00	   9.5067383362241191e+00	   1.4199667475697987e+01	   1.0016651555280294e+01	
   2.0146741878819734e+00	   1.5123393342872560e+00	   6.1813338835228450e+01	   3.6598790515050339e+01	   3.3615859643711602e+01	   2.2774508082213529e+01	   6.5517506684058787e+01	   3.4663118404989739e+01	   7.2274338121076340e+01	   5.5667216086078824e+01	   7.0698309405814058e+01	   6.6288142417222090e+01	   7.0731796239553915e+01	   5.0323240807953113e+01	   1.4186206227743099e+01	   1.1544442357488212e+01	   6.5408630436810418e+00	   9.1921666665862691e+00	   1.4104825311607419e+01	   1.1055125211430742e+01	
   2.0274037801140725e+00	   1.5226178396235788e+00	   6.2566532862083832e+01	   3.7184670705120290e+01	   3.3125091365492928e+01	   2.3250918500950981e+01	   6.5731641994038412e+01	   3.3632558674525413e+01	   7.1692980920377053e+01	   5.4405082924433430e+01	   7.0411260245948824e+01	   6.3631802346659278e+01	   7.0319926160416813e+01	   5.1030534519832734e+01	   1.3860596852000452e+01	   1.1288613720845165e+01	   6.6651846432275388e+00	   9.3322898019975842e+00	   1.4079897306413706e+01	   1.0714336405024751e+01	
   2.3039701448162098e+00	   1.4630217449121574e+00	   6.0604129704381776e+01	   3.6331578959293743e+01	   3.1356995327797964e+01	   2.1502827757897652e+01	   6.5171985812956123e+01	   3.4044719351226824e+01	   7.1235398735768243e+01	   6.0694547516962139e+01	   7.0922744810178855e+01	   6.2644385039212992e+01	   7.0862483023785700e+01	   5.0249447577674339e+01	   1.2590685071839275e+01	   1.0893037752668571e+01	   8.0787062594427024e+00	   1.0009801777452129e+01	   1.2283330473520746e+01	   1.3296089015659168e+01	
   2.0460048583189709e+00	   1.5302298699093375e+00	   6.3179256656669480e+01	   3.7650703895790784e+01	   3.2654612942649315e+01	   2.3624335706355403e+01	   6.5905795835096669e+01	   3.2749743225073189e+01	   7.1181375551702899e+01	   5.3479601077221893e+01	   7.0175140216286735e+01	   6.1302898196631794e+01	   6.9974323544969209e+01	   5.1634681150833032e+01	   1.3547253437178965e+01	   1.1061989186806404e+01	   6.8134080885037012e+00	   9.4748515342708561e+00	   1.4007946314151861e+01	   1.0495046854899629e+01	
   2.0066547062546993e+00	   1.5697114221650699e+00	   6.5008786587172935e+01	   3.6140959907114741e+01	   3.2702589139647756e+01	   2.6536742660987507e+01	   6.6422639271763131e+01	   3.1861110358507489e+01	   7.0660227272004477e+01	   5.0371644585421222e+01	   6.9575322581417083e+01	   5.6081152244237529e+01	   6.8874392690305655e+01	   5.3104424252297093e+01	   1.3453311381975938e+01	   1.0648050836690832e+01	   6.7498898722222922e+00	   8.2299476423456923e+00	   1.4445860900885155e+01	   9.0990577238621047e+00	
   3.2809671929609467e+00	   3.6002554131990046e+00	   8.0619751331546308e+00	   3.2440605754656865e+01	   1.4289699288445819e+01	   1.4749142616800867e+01	   1.3014851332041761e+01	   1.4724598210191274e+01	   6.5234887114980609e+01	   5.1738427053722766e+01	   7.3493232140940734e+01	   5.3581928321480618e+01	   6.8496289365551121e+01	   5.9120000137962293e+01	   7.5029734436250104e+00	   1.6093397177208395e+01	   1.5454728533745792e+01	   1.3396942660481004e+01	   1.5722576069995812e+01	   8.9978654120837902e+00	
   4.0129661758330082e+00	   4.1018889295323540e+00	   1.4816161658109458e+01	   1.8721395299136269e+01	   1.4889752882066318e+01	   8.2637243642474125e+00	   1.5738521436320580e+01	   3.1955375332030165e+01	   7.1165569085025950e+01	   6.6968066307222827e+01	   6.8760384691034830e+01	   6.6749538936004768e+01	   6.9120822762244245e+01	   5.1566256408768943e+01	   6.1147206167174968e+00	   8.9652010325426357e+00	   1.3856103576648444e+01	   1.1025622351407661e+01	   8.7958260432352340e+00	   1.2455744454604549e+01	
   2.1484091510156547e+00	   1.5657362082658863e+00	   6.5271345214921794e+01	   3.6096638079549408e+01	   3.1158631596983103e+01	   2.6512145864765756e+01	   6.6496424651863705e+01	   3.0512757384704255e+01	   6.9619882994566296e+01	   5.0988093462922237e+01	   6.9365390356687115e+01	   5.1514405520712252e+01	   6.8416706239278696e+01	   5.4172488757310724e+01	   1.2304391075773202e+01	   1.0460539549895621e+01	   7.4527307665110634e+00	   8.8819497517103283e+00	   1.3621172145808474e+01	   9.6180846542882605e+00	
   2.0213651103974701e+00	   1.5154854144625980e+00	   6.2341016332964507e+01	   3.7615154302200636e+01	   3.3198887205822402e+01	   2.3109689419241818e+01	   6.5667767205853181e+01	   3.3770080059065094e+01	   7.1748713897807164e+01	   5.4701731541438143e+01	   7.0474986546500944e+01	   6.4273789138721668e+01	   7.0476775479903893e+01	   5.0643772644819528e+01	   1.3947893688528040e+01	   1.1273221329271488e+01	   6.6579915263587006e+00	   9.2530369535524031e+00	   1.4047263379809232e+01	   1.0777628350912671e+01	
   2.3495506539640960e+00	   1.4488751549494361e+00	   6.0001472154221496e+01	   3.5929156589851004e+01	   3.1187928080356926e+01	   2.1051329642059034e+01	   6.5000027299198649e+01	   3.4458522617227160e+01	   7.1319527714492153e+01	   6.2196977539095258e+01	   7.1098947979008614e+01	   6.3098720218383804e+01	   7.1071299146516409e+01	   4.9863177195890515e+01	   1.2446490270499256e+01	   1.0928063862732031e+01	   8.2913944766062535e+00	   1.0078751981006580e+01	   1.1974871251639875e+01	   1.3804306163224940e+01	
   3.7020933641795084e+00	   3.8046404545327155e+00	   1.0876064457317675e+01	   3.0111615128076046e+01	   1.6235050099040979e+01	   1.1785577798729648e+01	   1.4146429301316058e+01	   2.4037555082520399e+01	   6.8589996989171027e+01	   6.0426818991118168e+01	   6.9473098402706995e+01	   6.6643638071864373e+01	   6.8546547778206900e+01	   5.5016559413919623e+01	   7.1403166509026761e+00	   1.1338006311480061e+01	   1.3588317131493881e+01	   1.1542024495844668e+01	   1.0874355893306372e+01	   1.2333894450785653e+01	
   2.0050188936050111e+00	   1.5207114912606017e+00	   6.2166198831642326e+01	   3.6584128901895347e+01	   3.3561460168001709e+01	   2.3117924413231421e+01	   6.5617727703122355e+01	   3.4351667063874970e+01	   7.2130067317141254e+01	   5.4892701352917328e+01	   7.0576506587490755e+01	   6.5391606859804412e+01	   7.0536583138337988e+01	   5.0681889802019171e+01	   1.4129414247999021e+01	   1.1593327589474983e+01	   6.4875261960921708e+00	   9.1630022863954199e+00	   1.4195090453049181e+01	   1.0776534065244949e+01	
   4.3813080364511885e+00	   1.9282008828534862e+00	   2.4931047292181720e+01	   3.8856822164114675e+01	   2.4351228231434071e+01	   2.5141249090294686e+01	   5.9709928260589258e+01	   2.6574009905254130e+01	   4.0274267682115564e+01	   5.8092526939970057e+01	   6.6510178182786262e+01	   5.2207076399695978e+01	   6.3525692976001345e+01	   3.2065869949507011e+01	   7.5115233586918020e+00	   1.4638533709027483e+01	   7.5805691651332321e+00	   7.4826253778100948e+00	   1.1175405044751717e+01	   1.3993242560593352e+01	
   2.0065542443239139e+00	   1.5824644577010043e+00	   6.5576159548965350e+01	   3.5377253449537257e+01	   3.2572461309069993e+01	   2.7539387171578873e+01	   6.6582039129601327e+01	   3.1517914794806263e+01	   7.0371964212603118e+01	   4.9347127043086843e+01	   6.9351393365791921e+01	   5.3505996184800168e+01	   6.8424766114722331e+01	   5.3663252149113859e+01	   1.3264875265523195e+01	   1.0444952890078284e+01	   6.7690333186774279e+00	   7.8484285705885437e+00	   1.4534408506390449e+01	   8.5286862596596560e+00	
   3.3593043953025856e+00	   3.5256878300829322e+00	   1.1552903192537793e+01	   3.1949911556471680e+01	   1.6315611148958599e+01	   1.3974095904966713e+01	   1.4888355842825401e+01	   1.7405558683232556e+01	   6.5685929868912879e+01	   5.6570512992454837e+01	   7.3763334831140838e+01	   6.6218450604207575e+01	   6.8687932002859725e+01	   5.5994482137191468e+01	   6.4561340244623784e+00	   1.5236553594164056e+01	   1.4216443256070518e+01	   1.3135082527419785e+01	   1.3418815473920993e+01	   6.5111532369643417e+00	
   2.0112778229309822e+00	   1.5584353560229092e+00	   6.4499888355784080e+01	   3.8393912686451706e+01	   3.2483932417744889e+01	   2.4488582431960427e+01	   6.6283178902875207e+01	   3.1488717458246299e+01	   7.0769315076853758e+01	   5.0980907594300817e+01	   6.9794289065866579e+01	   5.9637114214004768e+01	   6.9467505269902503e+01	   5.2911277284525347e+01	   1.3499241235613708e+01	   1.0948804809904766e+01	   6.6681569140307664e+00	   9.5973967481036233e+00	   1.4269341930855933e+01	   9.9852219729290592e+00	
   4.1830123328897963e+00	   4.1828941285413475e+00	   1.6342117429173044e+01	   1.5168203734323898e+01	   1.5064330406627441e+01	   6.8778242516205861e+00	   1.6342117429173044e+01	   3.6388413023586445e+01	   7.2552703158837787e+01	   7.0367288052070933e+01	   6.7629614324789628e+01	   7.4117275288853506e+01	   6.9358424121309042e+01	   4.9909819785018421e+01	   5.8850753210385705e+00	   5.9364070902469681e+00	   1.3483923122676362e+01	   1.0365950101379816e+01	   6.1272792490968904e+00	   1.3551576823657125e+01	
   4.0471381990925321e+00	   4.2162004367637449e+00	   1.5334419656676097e+01	   1.7009944570433500e+01	   1.6522845637185888e+01	   6.5762477884808526e+00	   1.5413091102178397e+01	   3.5997562888586941e+01	   7.2408228818737982e+01	   6.8726254481661570e+01	   6.7811482052027500e+01	   7.4367149823414138e+01	   6.9354970500128331e+01	   5.0191691105612989e+01	   5.7036194609226047e+00	   6.4143868485259325e+00	   1.2901278522194115e+01	   1.0306595560287219e+01	   6.2307820795008499e+00	   1.3228285719489108e+01	
   4.1916774252507345e+00	   4.2024356328968482e+00	   2.1857657755735747e+01	   2.1871908837974374e+01	   1.7807612957454779e+01	   6.2429195378633864e+00	   2.1030393223746412e+01	   3.7188173136312699e+01	   7.0003579435915654e+01	   6.9798528099256643e+01	   6.7530362114038709e+01	   7.2065432839954497e+01	   6.8364849475507725e+01	   5.0796169878634657e+01	   6.4147430882190859e+00	   6.0181277000762030e+00	   1.2595599409052667e+01	   1.0085217536100103e+01	   5.5918774046720632e+00	   1.4435620590481538e+01	
   2.0349405995318950e+00	   1.5075360693747912e+00	   6.1618316597939611e+01	   3.6416854978899863e+01	   3.3539362947843493e+01	   2.2610737718463973e+01	   6.5461931651862358e+01	   3.4802925114884246e+01	   7.2314361244946227e+01	   5.6283388713698280e+01	   7.0765189089038657e+01	   6.6495950278126330e+01	   7.0808304128430279e+01	   5.0222295788660560e+01	   1.4132036174825455e+01	   1.1557795510711133e+01	   6.6432306131276491e+00	   9.2375307602091361e+00	   1.3963621993833431e+01	   1.1308940468963950e+01	
   3.2602057657319969e+00	   2.8543401315088297e+00	   9.4809215371642885e+00	   3.2027404195319463e+01	   1.5928579935450063e+01	   1.6720210002326734e+01	   1.3173398217833794e+01	   1.9092327271457020e+01	   6.4207678090336529e+01	   4.7121335608441107e+01	   7.3852564961254274e+01	   6.1482106339339275e+01	   6.8703731041415651e+01	   6.3638354005917080e+01	   8.6881509357873128e+00	   1.2907755685589727e+01	   1.6047630673106756e+01	   1.1875354409646739e+01	   1.5674282525416578e+01	   1.2557525569099262e+01	
   2.2534630113309162e+00	   1.4744437530631094e+00	   6.1047546337166771e+01	   3.6641436086365395e+01	   3.1627647600266645e+01	   2.1864885890833943e+01	   6.5298395030097794e+01	   3.3840029701055393e+01	   7.1241896875681121e+01	   5.9389037291828600e+01	   7.0794153248945847e+01	   6.2529202083867425e+01	   7.0723342775886550e+01	   5.0435502334878265e+01	   1.2794471948263732e+01	   1.0954398344786981e+01	   7.8357971699520297e+00	   9.8912831676453106e+00	   1.2619892400932956e+01	   1.2776453449007583e+01	
   2.0220500855554149e+00	   1.5608234749006455e+00	   6.4343629727637989e+01	   3.7594521794170277e+01	   3.2420282006916594e+01	   2.4528344310989372e+01	   6.6237622485839537e+01	   3.1656026625158219e+01	   7.0775810478891160e+01	   5.1034338919207926e+01	   6.9809692947376490e+01	   5.9029918511962300e+01	   6.9383548160592269e+01	   5.3071285614423516e+01	   1.3338474752728036e+01	   1.1396009798401909e+01	   6.6249866723393582e+00	   9.6431531355861626e+00	   1.4231226949813800e+01	   9.8349668827096313e+00	
   2.0754931035212385e+00	   1.5517286923676870e+00	   6.3963464562346701e+01	   3.6934916324227856e+01	   3.2126937970838490e+01	   2.4438304280287117e+01	   6.6128515204960067e+01	   3.1866939604523932e+01	   7.0726401787557805e+01	   5.2220672380211212e+01	   6.9903582332161207e+01	   5.8544855184516990e+01	   6.9424243803516603e+01	   5.2991560621775911e+01	   1.3077178796392518e+01	   1.1398645633479381e+01	   6.8746020982025593e+00	   9.6228549151332157e+00	   1.3892839922555112e+01	   1.0228991777106023e+01	
   2.0477072837957149e+00	   1.5270536445425118e+00	   6.2634312582852019e+01	   3.6635410021093541e+01	   3.2962287858458971e+01	   2.3440985936090918e+01	   6.5750641374215064e+01	   3.3552141668156985e+01	   7.1633917912340522e+01	   5.4439408695120086e+01	   7.0387736232868832e+01	   6.3048191734081165e+01	   7.0203426536259201e+01	   5.1401991641925221e+01	   1.3692850870860273e+01	   1.1485236610903202e+01	   6.7154589036736656e+00	   9.3651502265763273e+00	   1.3966441518414516e+01	   1.0777580009081539e+01	
   3.2472544114852129e+00	   3.4132014620417577e+00	   1.0936883950277311e+01	   3.4383672517031982e+01	   1.6281852091284605e+01	   1.5179225337641073e+01	   1.4802875052269687e+01	   1.4376870998992661e+01	   6.4590849219498509e+01	   5.4590309882853475e+01	   7.4732907719109434e+01	   6.4891005499570696e+01	   6.8579269630622875e+01	   5.6939772464013686e+01	   6.5787206786837498e+00	   1.6841700230855579e+01	   1.4430687142218678e+01	   1.3595850691398596e+01	   1.4650988226302911e+01	   5.4169142190228783e+00	
   3.2616253425551611e+00	   3.5896122397951835e+00	   7.7359375476056851e+00	   3.2585232653297936e+01	   1.4069722984410422e+01	   1.4977115401769343e+01	   1.2867628029176075e+01	   1.4197861573075555e+01	   6.5162464076012512e+01	   5.1313043225680431e+01	   7.3640846464598894e+01	   5.2985672073068251e+01	   6.8470023630951246e+01	   5.9388193872628698e+01	   7.5702706201929555e+00	   1.6298969520048558e+01	   1.5554701021256411e+01	   1.3483531127655009e+01	   1.6102320777913306e+01	   8.9308309555045966e+00	
   2.2897564958436547e+00	   1.4682413569783932e+00	   6.0796626198447591e+01	   3.6364834546364271e+01	   3.1417013839440454e+01	   2.1658909139920549e+01	   6.5226841169081155e+01	   3.3933570617030547e+01	   7.1222270416723546e+01	   6.0214390117809508e+01	   7.0868332410186824e+01	   6.2486835970558275e+01	   7.0787807550818442e+01	   5.0401968851460751e+01	   1.2632577806637618e+01	   1.0931730097087971e+01	   8.0044659544803451e+00	   9.9936661323429501e+00	   1.2380449027947698e+01	   1.3129232958993896e+01	
   2.1191121154756072e+00	   1.5538192836314910e+00	   6.4504305790484466e+01	   3.6167481514807832e+01	   3.1706851397535566e+01	   2.5715552944623560e+01	   6.6279179882512153e+01	   3.1446805023299536e+01	   7.0207271629164978e+01	   5.2035566914566374e+01	   6.9659416084644278e+01	   5.4734405062228902e+01	   6.8922905877275994e+01	   5.3311927802011802e+01	   1.2720424833007758e+01	   1.0693706551031159e+01	   7.2548428638373696e+00	   8.9222349167187023e+00	   1.3729495960118438e+01	   9.9260771767200318e+00	
   2.6713946675343805e+00	   2.6329629374752863e+00	   4.7340741250494276e+01	   3.2240630647930772e+01	   2.6740784498074866e+01	   1.7910608096732958e+01	   4.7340741250494276e+01	   2.9979672912876676e+01	   6.9643071589792200e+01	   5.8829466223766815e+01	   7.0392228299068364e+01	   6.0967584085746758e+01	   6.9567289755008531e+01	   5.2952146922034956e+01	   1.1086530650692048e+01	   1.1871440788503008e+01	   1.0147688712354768e+01	   7.5089973168588102e+00	   1.2939350312627500e+01	   1.2639821449620772e+01	
   3.3432491153643382e+00	   3.2228314497505637e+00	   1.0688756971511134e+01	   3.1167183981088016e+01	   1.6419292479240013e+01	   1.4990920754402421e+01	   1.3747837063427696e+01	   1.9859157492651374e+01	   6.4969432658690764e+01	   5.1898655288775601e+01	   7.3127791881610833e+01	   6.4399445805775230e+01	   6.8614363942618411e+01	   6.0104966772278665e+01	   7.6037682604028678e+00	   1.2759191817489725e+01	   1.5264805204679831e+01	   1.2122417088785598e+01	   1.4076431461238325e+01	   1.2199516143799272e+01	
   2.0102420830252381e+00	   1.5546711856720377e+00	   6.3989122021321094e+01	   3.7352470339502382e+01	   3.2706657715238471e+01	   2.4373236466706537e+01	   6.6136478403224288e+01	   3.2190506264938726e+01	   7.1043134806656170e+01	   5.1588793831865310e+01	   6.9934918407646720e+01	   6.0137750278787685e+01	   6.9570860097385705e+01	   5.2609130730933458e+01	   1.3531372023617763e+01	   1.1029231959464694e+01	   6.5638005082402318e+00	   9.4621329152571789e+00	   1.4298366852198761e+01	   9.8995925779742358e+00	
   3.8171808234053137e+00	   4.1634503423142712e+00	   1.6681351806388914e+01	   2.0329465020694254e+01	   1.7801691316651855e+01	   7.9653007218286653e+00	   1.7147451118368600e+01	   3.4249964185402035e+01	   7.1868562944924136e+01	   6.6147477396584122e+01	   6.8183524580334520e+01	   6.9512472517462811e+01	   6.9245226943092064e+01	   5.0957372367874527e+01	   6.3059209583968441e+00	   7.3934399110499225e+00	   1.2416649521705926e+01	   1.0437645942857921e+01	   7.3988081854418528e+00	   1.2836997114512712e+01	
   2.0954699058263935e+00	   1.5483290963196967e+00	   6.3821360230679147e+01	   3.6688358240983654e+01	   3.2017287055916803e+01	   2.4404647650078861e+01	   6.6087731307209850e+01	   3.1945778095551411e+01	   7.0707933001615473e+01	   5.2664119436917630e+01	   6.9938677836677741e+01	   5.8363540308099417e+01	   6.9439455684213542e+01	   5.2961759714613081e+01	   1.2979507335057960e+01	   1.1399630898875236e+01	   6.9679074204801115e+00	   9.6152675154584006e+00	   1.3766352104249291e+01	   1.0376276824213578e+01	
   2.1137684409499169e+00	   1.5835157902058545e+00	   6.5867501619721310e+01	   3.4682633056810865e+01	   3.1519876629828371e+01	   2.4532956689767449e+01	   6.6663417301223319e+01	   3.0684536440255780e+01	   6.9684956259346308e+01	   4.9916516649865848e+01	   6.9201590532246811e+01	   5.0137550457495990e+01	   6.7976668615891640e+01	   5.4694133732015430e+01	   1.2427653992160545e+01	   1.0199850112809772e+01	   7.3066837967806242e+00	   1.0404160727023108e+01	   1.5074444443731617e+01	   9.0049380321429382e+00	
   4.0426696825626571e+00	   4.3079309130935659e+00	   1.3841381738128673e+01	   1.9353222313549388e+01	   1.2996056473138108e+01	   8.9229334075703406e+00	   1.3841381738128673e+01	   3.2770574408522712e+01	   6.8118972423375695e+01	   6.4511504691081441e+01	   6.7793413221209860e+01	   6.9679858107636989e+01	   6.7993314875850515e+01	   5.3634914886893476e+01	   5.3202846670836266e+00	   5.1808313994154283e+00	   1.4179070896448119e+01	   1.0347960532492131e+01	   7.9898867763471557e+00	   1.3613930295967663e+01	
   2.5330081399290165e+00	   1.4589469706547331e+00	   6.0325251216393774e+01	   3.3170290733848731e+01	   3.0126016134570012e+01	   2.1047165948763404e+01	   6.5092307135105983e+01	   3.4189068784517822e+01	   7.1329030834659463e+01	   6.4923159152762310e+01	   7.1195202900671973e+01	   6.1930470296159051e+01	   7.0842891921931340e+01	   5.1561104597989697e+01	   1.1705756643887987e+01	   1.1115299147830450e+01	   9.2021568296361842e+00	   1.0951565437906222e+01	   1.0722686812571883e+01	   1.5819065642177229e+01	
   3.2465120481516410e+00	   3.5090160191026727e+00	   8.7529009849275088e+00	   3.3709296893781072e+01	   1.4717106534218477e+01	   1.4995458325921298e+01	   1.4151813802622915e+01	   1.2611230908246522e+01	   6.4881021321753209e+01	   5.1412433932046852e+01	   7.4983240250366421e+01	   5.0366683522863255e+01	   6.8472651716347869e+01	   5.8586476360637555e+01	   7.8764886758201085e+00	   1.6526568864006354e+01	   1.4915830947959792e+01	   1.3900162960715107e+01	   1.4980699697648291e+01	   6.4829107647344788e+00	
   4.0890093562196297e+00	   4.2300798414429295e+00	   1.5257048735082744e+01	   1.6281304158829080e+01	   1.6300581063726078e+01	   6.2725864412127370e+00	   1.5219970459405838e+01	   3.6420125534701064e+01	   7.2603825027677928e+01	   6.9337708279519717e+01	   6.7776405226642197e+01	   7.4850360619963453e+01	   6.9374737185299651e+01	   4.9969130127992322e+01	   5.6010316621233258e+00	   7.2368369949360876e+00	   1.2928033129873249e+01	   1.0281658655112633e+01	   6.6041350187359029e+00	   1.3209793944760795e+01	
   3.6966186959825591e+00	   4.0861444533093119e+00	   1.3069567786125008e+01	   2.2090771659710558e+01	   1.8289874150708901e+01	   1.1911119480748182e+01	   1.6186102947245878e+01	   3.1271727811797717e+01	   6.7103312664507868e+01	   6.2915319347984585e+01	   6.7253543594746432e+01	   6.8788756468142253e+01	   6.9404578029052956e+01	   4.8949643175842098e+01	   7.4124133765508038e+00	   9.2943810141109395e+00	   1.2155853786106372e+01	   1.0924984143111708e+01	   1.0049461170444827e+01	   1.4478726952092295e+01	
   3.3368908545747455e+00	   3.2900378878641119e+00	   1.1011254864958868e+01	   3.1465877896335687e+01	   1.6138012504048550e+01	   1.4683146779764844e+01	   1.3881982705647140e+01	   2.0744537997668338e+01	   6.4825866560892209e+01	   5.2669766306772758e+01	   7.2488056659582227e+01	   6.4693061762782520e+01	   6.8627436078310083e+01	   5.9426281481745249e+01	   7.4177071903978762e+00	   1.3208769272970388e+01	   1.5439192864622886e+01	   1.2321578132518450e+01	   1.3984599812178043e+01	   1.1477030383674208e+01	
   2.0915699259355520e+00	   1.5832981136189057e+00	   6.5807179745048771e+01	   3.4826453014451445e+01	   3.1737812477331314e+01	   2.5155432950284872e+01	   6.6646568090750819e+01	   3.0857085995243057e+01	   6.9827200074487294e+01	   4.9798625511071997e+01	   6.9232606951287337e+01	   5.0834981351964849e+01	   6.8069446432344350e+01	   5.4480691473282668e+01	   1.2600999216878467e+01	   1.0250598221292430e+01	   7.1953641899911682e+00	   9.8750007796216366e+00	   1.4962630931709676e+01	   8.9063309217528239e+00	
