  -8.6469240873306990e+06	   4.9043673756166166e+06	
  -8.6469240873306990e+06	   4.9043673756166166e+06	
  -8.6469240873306990e+06	   4.9043673756166166e+06	
  -8.6469240873306990e+06	   4.9043673756166166e+06	
  -8.6469240873306990e+06	   4.9043673756166166e+06	
  -8.6469240873306990e+06	   4.9043673756166166e+06	
  -8.6469240873306990e+06	   4.9043673756166166e+06	
  -8.6469240873306990e+06	   4.9043673756166166e+06	
  -8.6469240873306990e+06	   4.9043673756166166e+06	
  -8.6469240873306990e+06	   4.9043673756166166e+06	
  -8.6469240873306990e+06	   4.9043673756166166e+06	
  -8.6469240873306990e+06	   4.9043673756166166e+06	
  -8.6469240873306990e+06	   4.9043673756166166e+06	
  -8.6469240873306990e+06	   4.9043673756166166e+06	
  -8.6469240873306990e+06	   4.9043673756166166e+06	
  -8.6469240873306990e+06	   4.9043673756166166e+06	
  -8.6469240873306990e+06	   4.9043673756166166e+06	
  -8.6469240873306990e+06	   4.9043673756166166e+06	
  -8.6469240873306990e+06	   4.9043673756166166e+06	
  -8.6469240873306990e+06	   4.9043673756166166e+06	
  -8.6469240873306990e+06	   4.9043673756166166e+06	
  -8.6469240873306990e+06	   4.9043673756166166e+06	
  -8.6469240873306990e+06	   4.9043673756166166e+06	
  -8.6469240873306990e+06	   4.9043673756166166e+06	
  -8.6469240873306990e+06	   4.9043673756166166e+06	
  -8.6469240873306990e+06	   4.9043673756166166e+06	
  -8.6469240873306990e+06	   4.9043673756166166e+06	
  -8.6469240873306990e+06	   4.9043673756166166e+06	
  -8.6469240873306990e+06	   4.9043673756166166e+06	
  -8.6469240873306990e+06	   4.9043673756166166e+06	
  -8.6469240873306990e+06	   4.9043673756166166e+06	
  -8.6469240873306990e+06	   4.9043673756166166e+06	
  -8.6469240864971019e+06	   4.9043673756166166e+06	
  -8.6469240873306990e+06	   4.9043673756166166e+06	
  -8.6469240873306990e+06	   4.9043673756166166e+06	
  -8.6469240873306990e+06	   4.9043673756166166e+06	
  -8.6469240873306990e+06	   4.9043673756166166e+06	
