   3.4934743873190053e+00	   1.0962982003311853e+02	   0.0000000000000000e+00	   4.8626472151745105e+01	   5.0270831959848107e+02	   9.5196233643007020e+01	  -5.0753378894659863e+02	  -3.5415592791354261e+03	  -8.8269447550465884e+02	   6.9606361665473926e+01	  -1.2302700940415058e+02	   5.6397764806983474e+01	   2.8351403096408645e+00	  -6.8925970615033361e+02	  -1.1093092758106263e+03	   9.9960143622046576e+02	   6.8013159729771833e-01	   7.3433990149682886e+00	  -5.2790169888937805e+02	  -2.6889211454492806e+01	
   3.4934743873190053e+00	   1.0966028178417240e+02	   0.0000000000000000e+00	   4.8626472151745105e+01	   5.0270831959848107e+02	   9.5196233643007020e+01	  -5.0753378894659863e+02	  -3.5415592791354261e+03	  -8.8269447550465884e+02	   6.9606361665473926e+01	  -1.2302700940415058e+02	   5.6397764806983474e+01	   2.8351403096408645e+00	  -4.7384888924267563e+02	  -1.1073671354857040e+03	   9.9960143622046576e+02	   6.8013159729771833e-01	   7.3433990149682886e+00	  -4.8744456414474286e+02	  -2.6889211454492806e+01	
   3.4934743873190053e+00	   1.0960496206062447e+02	   0.0000000000000000e+00	   4.8626472151745105e+01	   5.0270831959848107e+02	   9.5196233643007020e+01	  -5.0753378894659863e+02	  -3.5415592791354261e+03	  -8.8269447550465884e+02	   6.9606361665473926e+01	  -1.2302700940415058e+02	   5.6397764806983474e+01	   2.8351403096408645e+00	  -3.4291318235925422e+02	  -1.1048202544156288e+03	   9.9960143622046576e+02	   6.8013159729771833e-01	   7.3433990149682886e+00	  -5.0080878167632017e+02	  -2.6889211454492806e+01	
   3.4934743873190053e+00	   1.0969703352126392e+02	   0.0000000000000000e+00	   4.8626472151745105e+01	   5.0270831959848107e+02	   9.5196233643007020e+01	  -5.0753378894659863e+02	  -3.5415592791354261e+03	  -8.8269447550465884e+02	   6.9606361665473926e+01	  -1.2302700940415058e+02	   5.6397764806983474e+01	   2.8351403096408645e+00	  -4.7314560658450227e+02	  -1.1009929743207294e+03	   9.9960143622046576e+02	   6.8013159729771833e-01	   7.3433990149682886e+00	  -5.0113690228397070e+02	  -2.6889211454492806e+01	
   3.4934743873190053e+00	   1.0956427217533951e+02	   0.0000000000000000e+00	   4.8626472151745105e+01	   5.0270831959848107e+02	   9.5196233643007020e+01	  -5.0753378894659863e+02	  -3.5415592791354261e+03	  -8.8269447550465884e+02	   6.9606361665473926e+01	  -1.2302700940415058e+02	   5.6397764806983474e+01	   2.8351403096408645e+00	  -9.2334758232325532e+02	  -1.1126112886634307e+03	   9.9960143622046576e+02	   6.8013159729771833e-01	   7.3433990149682886e+00	  -5.0584206558324053e+02	  -2.6889211454492806e+01	
   3.4934743873190053e+00	   1.0956882873973609e+02	   0.0000000000000000e+00	   4.8626472151745105e+01	   5.0270831959848107e+02	   9.5196233643007020e+01	  -5.0753378894659863e+02	  -3.5415592791354261e+03	  -8.8269447550465884e+02	   6.9606361665473926e+01	  -1.2302700940415058e+02	   5.6397764806983474e+01	   2.8351403096408645e+00	  -4.9727824601289404e+02	  -1.1092029423654315e+03	   9.9960143622046576e+02	   6.8013159729771833e-01	   7.3433990149682886e+00	  -4.9165427696359382e+02	  -2.6889211454492806e+01	
   3.4934743873190053e+00	   1.0964848124361947e+02	   0.0000000000000000e+00	   4.8626472151745105e+01	   5.0270831959848107e+02	   9.5196233643007020e+01	  -5.0753378894659863e+02	  -3.5415592791354261e+03	  -8.8269447550465884e+02	   6.9606361665473926e+01	  -1.2302700940415058e+02	   5.6397764806983474e+01	   2.8351403096408645e+00	  -1.4462471733338248e+02	  -1.1104480193615930e+03	   9.9960143622046576e+02	   6.8013159729771833e-01	   7.3433990149682886e+00	  -5.1314580737272070e+02	  -2.6889211454492806e+01	
   3.4934743873190053e+00	   1.0963132846019747e+02	   0.0000000000000000e+00	   4.8626472151745105e+01	   5.0270831959848107e+02	   9.5196233643007020e+01	  -5.0753378894659863e+02	  -3.5415592791354261e+03	  -8.8269447550465884e+02	   6.9606361665473926e+01	  -1.2302700940415058e+02	   5.6397764806983474e+01	   2.8351403096408645e+00	  -1.0892039321632546e+02	  -1.0944853241416079e+03	   9.9960143622046576e+02	   6.8013159729771833e-01	   7.3433990149682886e+00	  -4.5663903055856969e+02	  -2.6889211454492806e+01	
   3.4934743873190053e+00	   1.0955823405712660e+02	   0.0000000000000000e+00	   4.8626472151745105e+01	   5.0270831959848107e+02	   9.5196233643007020e+01	  -5.0753378894659863e+02	  -3.5415592791354261e+03	  -8.8269447550465884e+02	   6.9606361665473926e+01	  -1.2302700940415058e+02	   5.6397764806983474e+01	   2.8351403096408645e+00	  -2.6844396232084557e+02	  -1.1095248250304876e+03	   9.9960143622046576e+02	   6.8013159729771833e-01	   7.3433990149682886e+00	  -5.0262547980274655e+02	  -2.6889211454492806e+01	
   3.4934743873190053e+00	   1.0962354916356051e+02	   0.0000000000000000e+00	   4.8626472151745105e+01	   5.0270831959848107e+02	   9.5196233643007020e+01	  -5.0753378894659863e+02	  -3.5415592791354261e+03	  -8.8269447550465884e+02	   6.9606361665473926e+01	  -1.2302700940415058e+02	   5.6397764806983474e+01	   2.8351403096408645e+00	  -5.3874089083201727e+02	  -1.1060996513913294e+03	   9.9960143622046576e+02	   6.8013159729771833e-01	   7.3433990149682886e+00	  -4.8322176031003664e+02	  -2.6889211454492806e+01	
   3.4934743873190053e+00	   1.0950730301813344e+02	   0.0000000000000000e+00	   4.8626472151745105e+01	   5.0270831959848107e+02	   9.5196233643007020e+01	  -5.0753378894659863e+02	  -3.5415592791354261e+03	  -8.8269447550465884e+02	   6.9606361665473926e+01	  -1.2302700940415058e+02	   5.6397764806983474e+01	   2.8351403096408645e+00	   1.1419194168380322e+03	  -1.1216644930441005e+03	   9.9960143622046576e+02	   6.8013159729771833e-01	   7.3433990149682886e+00	  -3.9248209179191497e+02	  -2.6889211454492806e+01	
   3.4934743873190053e+00	   1.0963161200443996e+02	   0.0000000000000000e+00	   4.8626472151745105e+01	   5.0270831959848107e+02	   9.5196233643007020e+01	  -5.0753378894659863e+02	  -3.5415592791354261e+03	  -8.8269447550465884e+02	   6.9606361665473926e+01	  -1.2302700940415058e+02	   5.6397764806983474e+01	   2.8351403096408645e+00	  -5.9228646276774907e+02	  -1.1120422368816767e+03	   9.9960143622046576e+02	   6.8013159729771833e-01	   7.3433990149682886e+00	  -4.9028135903733659e+02	  -2.6889211454492806e+01	
   3.4934743873190053e+00	   1.0963161200443996e+02	   0.0000000000000000e+00	   4.8626472151745105e+01	   5.0270831959848107e+02	   9.5196233643007020e+01	  -5.0753378894659863e+02	  -3.5415592791354261e+03	  -8.8269447550465884e+02	   6.9606361665473926e+01	  -1.2302700940415058e+02	   5.6397764806983474e+01	   2.8351403096408645e+00	  -3.8683625913555386e+02	  -1.1099478991839173e+03	   9.9960143622046576e+02	   6.8013159729771833e-01	   7.3433990149682886e+00	  -5.0437369458800970e+02	  -2.6889211454492806e+01	
   3.4934743873190053e+00	   1.0963044687185902e+02	   0.0000000000000000e+00	   4.8626472151745105e+01	   5.0270831959848107e+02	   9.5196233643007020e+01	  -5.0753378894659863e+02	  -3.5415592791354261e+03	  -8.8269447550465884e+02	   6.9606361665473926e+01	  -1.2302700940415058e+02	   5.6397764806983474e+01	   2.8351403096408645e+00	  -3.0780078493670027e+02	  -1.1099478991839173e+03	   9.9960143622046576e+02	   6.8013159729771833e-01	   7.3433990149682886e+00	  -4.9555995579274207e+02	  -2.6889211454492806e+01	
   3.4934743873190053e+00	   1.0959599558776860e+02	   0.0000000000000000e+00	   4.8626472151745105e+01	   5.0270831959848107e+02	   9.5196233643007020e+01	  -5.0753378894659863e+02	  -3.5415592791354261e+03	  -8.8269447550465884e+02	   6.9606361665473926e+01	  -1.2302700940415058e+02	   5.6397764806983474e+01	   2.8351403096408645e+00	   9.4470654557256694e+01	  -1.1195805164350945e+03	   9.9960143622046576e+02	   6.8013159729771833e-01	   7.3433990149682886e+00	  -5.0437369458800970e+02	  -2.6889211454492806e+01	
   3.4934743873190053e+00	   1.0958902988442401e+02	   0.0000000000000000e+00	   4.8626472151745105e+01	   5.0270831959848107e+02	   9.5196233643007020e+01	  -5.0753378894659863e+02	  -3.5415592791354261e+03	  -8.8269447550465884e+02	   6.9606361665473926e+01	  -1.2302700940415058e+02	   5.6397764806983474e+01	   2.8351403096408645e+00	  -2.9994092481756968e+02	  -1.1103654522087486e+03	   9.9960143622046576e+02	   6.8013159729771833e-01	   7.3433990149682886e+00	  -5.0325954746054180e+02	  -2.6889211454492806e+01	
   3.4934743873190053e+00	   1.0961193862284038e+02	   0.0000000000000000e+00	   4.8626472151745105e+01	   5.0270831959848107e+02	   9.5196233643007020e+01	  -5.0753378894659863e+02	  -3.5415592791354261e+03	  -8.8269447550465884e+02	   6.9606361665473926e+01	  -1.2302700940415058e+02	   5.6397764806983474e+01	   2.8351403096408645e+00	   2.6166003338398423e+02	  -1.1214201576100525e+03	   9.9960143622046576e+02	   6.8013159729771833e-01	   7.3433990149682886e+00	  -5.0035161836115077e+02	  -2.6889211454492806e+01	
   3.4934743873190053e+00	   1.0945799364006334e+02	   0.0000000000000000e+00	   4.8626472151745105e+01	   5.0270831959848107e+02	   9.5196233643007020e+01	  -5.0753378894659863e+02	  -3.5415592791354261e+03	  -8.8269447550465884e+02	   6.9606361665473926e+01	  -1.2302700940415058e+02	   5.6397764806983474e+01	   2.8351403096408645e+00	  -2.8447604177907715e+02	  -1.1137626492172283e+03	   9.9960143622046576e+02	   6.8013159729771833e-01	   7.3433990149682886e+00	  -4.8857628772792583e+02	  -2.6889211454492806e+01	
   3.4934743873190053e+00	   1.0958206291278874e+02	   0.0000000000000000e+00	   4.8626472151745105e+01	   5.0270831959848107e+02	   9.5196233643007020e+01	  -5.0753378894659863e+02	  -3.5415592791354261e+03	  -8.8269447550465884e+02	   6.9606361665473926e+01	  -1.2302700940415058e+02	   5.6397764806983474e+01	   2.8351403096408645e+00	  -2.7076811997452228e+02	  -1.1092488542187414e+03	   9.9960143622046576e+02	   6.8013159729771833e-01	   7.3433990149682886e+00	  -4.8348932025241623e+02	  -2.6889211454492806e+01	
   3.4934743873190053e+00	   1.0967431866673424e+02	   0.0000000000000000e+00	   4.8626472151745105e+01	   5.0270831959848107e+02	   9.5196233643007020e+01	  -5.0753378894659863e+02	  -3.5415592791354261e+03	  -8.8269447550465884e+02	   6.9606361665473926e+01	  -1.2302700940415058e+02	   5.6397764806983474e+01	   2.8351403096408645e+00	  -4.9083799065124691e+02	  -1.1067219975781393e+03	   9.9960143622046576e+02	   6.8013159729771833e-01	   7.3433990149682886e+00	  -4.8609198312800953e+02	  -2.6889211454492806e+01	
   3.4934743873190053e+00	   1.0955315735779661e+02	   0.0000000000000000e+00	   4.8626472151745105e+01	   5.0270831959848107e+02	   9.5196233643007020e+01	  -5.0753378894659863e+02	  -3.5415592791354261e+03	  -8.8269447550465884e+02	   6.9606361665473926e+01	  -1.2302700940415058e+02	   5.6397764806983474e+01	   2.8351403096408645e+00	   7.0880415518890629e+02	  -1.1202234145799100e+03	   9.9960143622046576e+02	   6.8013159729771833e-01	   7.3433990149682886e+00	  -4.3643618412415583e+02	  -2.6889211454492806e+01	
   3.4934743873190053e+00	   1.0958440845440374e+02	   0.0000000000000000e+00	   4.8626472151745105e+01	   5.0270831959848107e+02	   9.5196233643007020e+01	  -5.0753378894659863e+02	  -3.5415592791354261e+03	  -8.8269447550465884e+02	   6.9606361665473926e+01	  -1.2302700940415058e+02	   5.6397764806983474e+01	   2.8351403096408645e+00	  -3.0648492901889279e+02	  -1.1137359996690477e+03	   9.9960143622046576e+02	   6.8013159729771833e-01	   7.3433990149682886e+00	  -5.0166445319185328e+02	  -2.6889211454492806e+01	
   3.4934743873190053e+00	   1.0960429237390358e+02	   0.0000000000000000e+00	   4.8626472151745105e+01	   5.0270831959848107e+02	   9.5196233643007020e+01	  -5.0753378894659863e+02	  -3.5415592791354261e+03	  -8.8269447550465884e+02	   6.9606361665473926e+01	  -1.2302700940415058e+02	   5.6397764806983474e+01	   2.8351403096408645e+00	  -4.4697762023523563e+02	  -1.1078660732648891e+03	   9.9960143622046576e+02	   6.8013159729771833e-01	   7.3433990149682886e+00	  -4.8796496733191634e+02	  -2.6889211454492806e+01	
   3.4934743873190053e+00	   1.0960011924188866e+02	   0.0000000000000000e+00	   4.8626472151745105e+01	   5.0270831959848107e+02	   9.5196233643007020e+01	  -5.0753378894659863e+02	  -3.5415592791354261e+03	  -8.8269447550465884e+02	   6.9606361665473926e+01	  -1.2302700940415058e+02	   5.6397764806983474e+01	   2.8351403096408645e+00	  -5.6231568964457188e+02	  -1.1058019468392042e+03	   9.9960143622046576e+02	   6.8013159729771833e-01	   7.3433990149682886e+00	  -5.0657018163341155e+02	  -2.6889211454492806e+01	
   3.4934743873190053e+00	   1.0968756407433423e+02	   0.0000000000000000e+00	   4.8626472151745105e+01	   5.0270831959848107e+02	   9.5196233643007020e+01	  -5.0753378894659863e+02	  -3.5415592791354261e+03	  -8.8269447550465884e+02	   6.9606361665473926e+01	  -1.2302700940415058e+02	   5.6397764806983474e+01	   2.8351403096408645e+00	  -4.1119687030358466e+02	  -1.1082303544652657e+03	   9.9960143622046576e+02	   6.8013159729771833e-01	   7.3433990149682886e+00	  -5.0550128290542580e+02	  -2.6889211454492806e+01	
   3.4934743873190053e+00	   1.0955253182419163e+02	   0.0000000000000000e+00	   4.8626472151745105e+01	   5.0270831959848107e+02	   9.5196233643007020e+01	  -5.0753378894659863e+02	  -3.5415592791354261e+03	  -8.8269447550465884e+02	   6.9606361665473926e+01	  -1.2302700940415058e+02	   5.6397764806983474e+01	   2.8351403096408645e+00	  -2.4929528983448751e+02	  -1.1105525086124062e+03	   9.9960143622046576e+02	   6.8013159729771833e-01	   7.3433990149682886e+00	  -5.0997873636803962e+02	  -2.6889211454492806e+01	
   3.4934743873190053e+00	   1.0970234919617346e+02	   0.0000000000000000e+00	   4.8626472151745105e+01	   5.0270831959848107e+02	   9.5196233643007020e+01	  -5.0753378894659863e+02	  -3.5415592791354261e+03	  -8.8269447550465884e+02	   6.9606361665473926e+01	  -1.2302700940415058e+02	   5.6397764806983474e+01	   2.8351403096408645e+00	  -4.8867798844789826e+02	  -1.1007848637347365e+03	   9.9960143622046576e+02	   6.8013159729771833e-01	   7.3433990149682886e+00	  -5.1421988179915957e+02	  -2.6889211454492806e+01	
   3.4934743873190053e+00	   1.0957099071720863e+02	   0.0000000000000000e+00	   4.8626472151745105e+01	   5.0270831959848107e+02	   9.5196233643007020e+01	  -5.0753378894659863e+02	  -3.5415592791354261e+03	  -8.8269447550465884e+02	   6.9606361665473926e+01	  -1.2302700940415058e+02	   5.6397764806983474e+01	   2.8351403096408645e+00	  -3.8161727187021813e+02	  -1.1112864801355056e+03	   9.9960143622046576e+02	   6.8013159729771833e-01	   7.3433990149682886e+00	  -4.9335774021405751e+02	  -2.6889211454492806e+01	
   3.4934743873190053e+00	   1.0941800760864240e+02	   0.0000000000000000e+00	   4.8626472151745105e+01	   5.0270831959848107e+02	   9.5196233643007020e+01	  -5.0753378894659863e+02	  -3.5415592791354261e+03	  -8.8269447550465884e+02	   6.9606361665473926e+01	  -1.2302700940415058e+02	   5.6397764806983474e+01	   2.8351403096408645e+00	  -9.6170232310049983e+01	  -1.1055574881764389e+03	   9.9960143622046576e+02	   6.8013159729771833e-01	   7.3433990149682886e+00	  -4.9239649623603725e+02	  -2.6889211454492806e+01	
   3.4934743873190053e+00	   1.0961886605783870e+02	   0.0000000000000000e+00	   4.8626472151745105e+01	   5.0270831959848107e+02	   9.5196233643007020e+01	  -5.0753378894659863e+02	  -3.5415592791354261e+03	  -8.8269447550465884e+02	   6.9606361665473926e+01	  -1.2302700940415058e+02	   5.6397764806983474e+01	   2.8351403096408645e+00	  -3.9404218701715484e+02	  -1.1174199015390470e+03	   9.9960143622046576e+02	   6.8013159729771833e-01	   7.3433990149682886e+00	  -5.0455395791666325e+02	  -2.6889211454492806e+01	
   3.4934743873190053e+00	   1.0963161200443996e+02	   0.0000000000000000e+00	   4.8626472151745105e+01	   5.0270831959848107e+02	   9.5196233643007020e+01	  -5.0753378894659863e+02	  -3.5415592791354261e+03	  -8.8269447550465884e+02	   6.9606361665473926e+01	  -1.2302700940415058e+02	   5.6397764806983474e+01	   2.8351403096408645e+00	  -3.8161727187021813e+02	  -1.1112864801355056e+03	   9.9960143622046576e+02	   6.8013159729771833e-01	   7.3433990149682886e+00	  -5.0437369458800970e+02	  -2.6889211454492806e+01	
   3.4934743873190053e+00	   1.0960052747353849e+02	   0.0000000000000000e+00	   4.8626472151745105e+01	   5.0270831959848107e+02	   9.5196233643007020e+01	  -5.0753378894659863e+02	  -3.5415592791354261e+03	  -8.8269447550465884e+02	   6.9606361665473926e+01	  -1.2302700940415058e+02	   5.6397764806983474e+01	   2.8351403096408645e+00	  -8.7818732291752303e+02	  -1.0795503743015543e+03	   9.9960143622046576e+02	   6.8013159729771833e-01	   7.3433990149682886e+00	  -5.2487708177146885e+02	  -2.6889211454492806e+01	
   3.4934743873190053e+00	   1.0976621286740777e+02	   0.0000000000000000e+00	   4.8626472151745105e+01	   5.0270831959848107e+02	   9.5196233643007020e+01	  -5.0753378894659863e+02	  -3.5415592791354261e+03	  -8.8269447550465884e+02	   6.9606361665473926e+01	  -1.2302700940415058e+02	   5.6397764806983474e+01	   2.8351403096408645e+00	  -1.0897889948230224e+02	  -1.1382627730593399e+03	   9.9960143622046576e+02	   6.8013159729771833e-01	   7.3433990149682886e+00	  -3.3232281267763454e+02	  -2.6889211454492806e+01	
   3.4934743873190053e+00	   1.0962146867333009e+02	   0.0000000000000000e+00	   4.8626472151745105e+01	   5.0270831959848107e+02	   9.5196233643007020e+01	  -5.0753378894659863e+02	  -3.5415592791354261e+03	  -8.8269447550465884e+02	   6.9606361665473926e+01	  -1.2302700940415058e+02	   5.6397764806983474e+01	   2.8351403096408645e+00	  -4.3192297294942563e+02	  -1.1099219753171187e+03	   9.9960143622046576e+02	   6.8013159729771833e-01	   7.3433990149682886e+00	  -5.0974080918892076e+02	  -2.6889211454492806e+01	
   3.4934743873190053e+00	   1.0959777065159024e+02	   0.0000000000000000e+00	   4.8626472151745105e+01	   5.0270831959848107e+02	   9.5196233643007020e+01	  -5.0753378894659863e+02	  -3.5415592791354261e+03	  -8.8269447550465884e+02	   6.9606361665473926e+01	  -1.2302700940415058e+02	   5.6397764806983474e+01	   2.8351403096408645e+00	  -5.7081506793482697e+02	  -1.0978088974330294e+03	   9.9960143622046576e+02	   6.8013159729771833e-01	   7.3433990149682886e+00	  -5.1097357301740772e+02	  -2.6889211454492806e+01	
   3.4934743873190053e+00	   1.0963161200443996e+02	   0.0000000000000000e+00	   4.8626472151745105e+01	   5.0270831959848107e+02	   9.5196233643007020e+01	  -5.0753378894659863e+02	  -3.5415592791354261e+03	  -8.8269447550465884e+02	   6.9606361665473926e+01	  -1.2302700940415058e+02	   5.6397764806983474e+01	   2.8351403096408645e+00	  -5.9228646276774907e+02	  -1.1120422368816767e+03	   9.9960143622046576e+02	   6.8013159729771833e-01	   7.3433990149682886e+00	  -5.0437369458800970e+02	  -2.6889211454492806e+01	
   3.4934743873190053e+00	   1.0963161200443996e+02	   0.0000000000000000e+00	   4.8626472151745105e+01	   5.0270831959848107e+02	   9.5196233643007020e+01	  -5.0753378894659863e+02	  -3.5415592791354261e+03	  -8.8269447550465884e+02	   6.9606361665473926e+01	  -1.2302700940415058e+02	   5.6397764806983474e+01	   2.8351403096408645e+00	  -5.3010816267455891e+02	  -1.1220393409174039e+03	   9.9960143622046576e+02	   6.8013159729771833e-01	   7.3433990149682886e+00	  -5.0264882057269347e+02	  -2.6889211454492806e+01	
