   2.5000000000000000e+01	   4.0500570150996659e+03	   0.0000000000000000e+00	   3.6516936125127090e+03	   2.1335745187973325e+03	   1.0000000000000000e+03	   1.0049479434568300e+03	   5.4416013100313606e+01	   5.4175929388582617e+01	   4.3019692689512794e+01	   5.9660830338442899e+01	   5.8389451260652429e+01	   5.4785519350269503e+01	   7.1188670121965671e+01	   6.2927181791131218e+01	   7.7263266886121514e+01	   7.1383774446901541e+01	   6.9477979784832044e+01	   6.4808607355461604e+01	   1.9480743610862582e+01	
   2.5000000000000000e+01	   4.0500570149857172e+03	   0.0000000000000000e+00	   3.6516936125127095e+03	   2.1335745188306164e+03	   1.0000000000000000e+03	   1.0049479434564395e+03	   4.6407860503505354e+01	   5.4177568417814051e+01	   4.3019692689512794e+01	   5.9660830338442686e+01	   5.8389451260652400e+01	   5.6110238845999774e+01	   7.5825192869120940e+01	   6.8658489639136690e+01	   7.7263266886121514e+01	   7.1383774446901541e+01	   6.9477979784832044e+01	   6.0849828950146268e+01	   1.9480743610862582e+01	
   2.5000000000000000e+01	   4.0500570150355429e+03	   0.0000000000000000e+00	   3.6516936125127095e+03	   2.1335745190544803e+03	   1.0000000000000000e+03	   1.0049479434755326e+03	   4.2117140819151579e+01	   5.4290438259094302e+01	   4.3019692689512794e+01	   5.9660830338442608e+01	   5.8389451260652358e+01	   5.7296663184787867e+01	   7.2995528907387239e+01	   6.3773327329279084e+01	   7.7263266886121514e+01	   7.1383774446901541e+01	   6.9477979784832044e+01	   6.1251992102385636e+01	   1.9480743610862582e+01	
   2.5000000000000000e+01	   4.0500570152511937e+03	   0.0000000000000000e+00	   3.6516936125127095e+03	   2.1335745188663932e+03	   1.0000000000000000e+03	   1.0049479434568516e+03	   4.6953051541900074e+01	   5.4164850833037569e+01	   4.3019692689512794e+01	   5.9660830338443020e+01	   5.8389451260652386e+01	   5.3835971403435089e+01	   7.4439571925378260e+01	   6.3971779342951329e+01	   7.7263266886121514e+01	   7.1383774446901569e+01	   6.9477979784832044e+01	   6.4968542967157305e+01	   1.9480743610862582e+01	
   2.5000000000000000e+01	   4.0500570151889629e+03	   0.0000000000000000e+00	   3.6516936125127095e+03	   2.1335745187932685e+03	   1.0000000000000000e+03	   1.0049479434660426e+03	   4.6276581127012633e+01	   5.4228971932688864e+01	   4.3019692689512794e+01	   5.9660830338442977e+01	   5.8389451260652393e+01	   5.4615275283052313e+01	   7.2679195808309530e+01	   6.2706119016433959e+01	   7.7263266886121514e+01	   7.1383774446901555e+01	   6.9477979784832058e+01	   6.4408229433125882e+01	   1.9480743610862582e+01	
   2.5000000000000000e+01	   4.0500570150792892e+03	   0.0000000000000000e+00	   3.6516936125127095e+03	   2.1335745188115129e+03	   1.0000000000000000e+03	   1.0049479434615906e+03	   4.5102585480353675e+01	   5.4071518227962848e+01	   4.3019692689512794e+01	   5.9660830338442828e+01	   5.8389451260652393e+01	   5.8267439715538131e+01	   7.4072064645666941e+01	   6.3721115953049775e+01	   7.7263266886121514e+01	   7.1383774446901541e+01	   6.9477979784832044e+01	   6.4790241991547660e+01	   1.9480743610862582e+01	
   2.5000000000000000e+01	   4.0500570151226111e+03	   0.0000000000000000e+00	   3.6516936125127090e+03	   2.1335745187667499e+03	   1.0000000000000000e+03	   1.0049479434597463e+03	   4.5627190564561133e+01	   5.4201819583020423e+01	   4.3019692689512794e+01	   5.9660830338442771e+01	   5.8389451260652386e+01	   4.9602222304815903e+01	   7.7890670969412938e+01	   6.3474589539039165e+01	   7.7263266886121514e+01	   7.1383774446901512e+01	   6.9477979784832087e+01	   6.2641064917748110e+01	   1.9480743610862582e+01	
   2.5000000000000000e+01	   4.0500570150903868e+03	   0.0000000000000000e+00	   3.6516936125127095e+03	   2.1335745188884125e+03	   1.0000000000000000e+03	   1.0049479434586782e+03	   5.0754481585930797e+01	   5.4142899603518458e+01	   4.3019692689512794e+01	   5.9660830338442807e+01	   5.8389451260652393e+01	   4.7269095791284101e+01	   6.3454075368375292e+01	   6.1539240777663117e+01	   7.7263266886121514e+01	   7.1383774446901541e+01	   6.9477979784832044e+01	   7.2860989688345001e+01	   1.9480743610862582e+01	
   2.5000000000000000e+01	   4.0500570150985482e+03	   0.0000000000000000e+00	   3.6516936125127095e+03	   2.1335745188144147e+03	   1.0000000000000000e+03	   1.0049479434571084e+03	   4.7108374550202470e+01	   5.4181414863320626e+01	   4.3019692689512794e+01	   5.9660830338442899e+01	   5.8389451260652393e+01	   5.1135887151553220e+01	   7.8212426320599420e+01	   6.3378121702819087e+01	   7.7263266886121514e+01	   7.1383774446901541e+01	   6.9477979784832044e+01	   6.1449372116695685e+01	   1.9480743610862582e+01	
   2.5000000000000000e+01	   4.0500570151649636e+03	   0.0000000000000000e+00	   3.6516936125127095e+03	   2.1335745186526506e+03	   1.0000000000000000e+03	   1.0049479434558358e+03	   4.4744951048532322e+01	   5.3966523147963997e+01	   4.3019692689512794e+01	   5.9660830338442665e+01	   5.8389451260652393e+01	   5.8217143344109431e+01	   7.6162397783888096e+01	   6.2925503980926429e+01	   7.7263266886121514e+01	   7.1383774446901541e+01	   6.9477979784832044e+01	   6.2520429126680149e+01	   1.9480743610862582e+01	
   2.5000000000000000e+01	   4.0500570150299859e+03	   0.0000000000000000e+00	   3.6516936125127095e+03	   2.1335745190253647e+03	   1.0000000000000000e+03	   1.0049479434677094e+03	   4.0150765931579620e+01	   5.3943855832540621e+01	   4.3019692689512794e+01	   5.9660830338442807e+01	   5.8389451260652393e+01	   4.0327203590765819e+01	   6.0327203590765819e+01	   6.1307084289357334e+01	   7.7263266886121514e+01	   7.1383774446901541e+01	   6.9477979784832044e+01	   7.9672796409234181e+01	   1.9480743610862582e+01	
   2.5000000000000000e+01	   4.0500570150827466e+03	   0.0000000000000000e+00	   3.6516936125127095e+03	   2.1335745188012779e+03	   1.0000000000000000e+03	   1.0049479434570005e+03	   4.3537351166340066e+01	   5.4132857633349992e+01	   4.3019692689512794e+01	   5.9660830338442722e+01	   5.8389451260652386e+01	   5.3303690742576485e+01	   7.4267107250987806e+01	   6.2865219743832604e+01	   7.7263266886121514e+01	   7.1383774446901541e+01	   6.9477979784832044e+01	   6.3285914759684033e+01	   1.9480743610862582e+01	
   2.5000000000000000e+01	   4.0500570151056986e+03	   0.0000000000000000e+00	   3.6516936125127095e+03	   2.1335745188998239e+03	   1.0000000000000000e+03	   1.0049479434545228e+03	   5.4716985252106191e+01	   5.4164642110721061e+01	   4.3019692689512794e+01	   5.9660830338442977e+01	   5.8389451260652400e+01	   5.6150478813347583e+01	   7.1843207164334729e+01	   6.4294256622669423e+01	   7.7263266886121514e+01	   7.1383774446901526e+01	   6.9477979784832044e+01	   6.2404062583289992e+01	   1.9480743610862582e+01	
   2.5000000000000000e+01	   4.0500570150951653e+03	   0.0000000000000000e+00	   3.6516936125127095e+03	   2.1335745188157957e+03	   1.0000000000000000e+03	   1.0049479434552147e+03	   4.7076148033754315e+01	   5.4177913466021536e+01	   4.3019692689512794e+01	   5.9660830338442722e+01	   5.8389451260652393e+01	   5.4922435376052903e+01	   7.4709216816545734e+01	   6.4995376254293674e+01	   7.7263266886121514e+01	   7.1383774446901541e+01	   6.9477979784832044e+01	   6.0147926542673325e+01	   1.9480743610862582e+01	
   2.5000000000000000e+01	   4.0500570151790967e+03	   0.0000000000000000e+00	   3.6516936125127095e+03	   2.1335745186000436e+03	   1.0000000000000000e+03	   1.0049479434632528e+03	   4.0000000000000000e+01	   5.4232798845239401e+01	   4.3019692689512794e+01	   5.9660830338442928e+01	   5.8389451260652407e+01	   5.3800545221972200e+01	   6.9492810310616136e+01	   6.0000000000000000e+01	   7.7263266886121514e+01	   7.1383774446901512e+01	   6.9477979784832044e+01	   6.2490887839320941e+01	   1.9480743610862582e+01	
   2.5000000000000000e+01	   4.0500570151663901e+03	   0.0000000000000000e+00	   3.6516936125127095e+03	   2.1335745186588138e+03	   1.0000000000000000e+03	   1.0049479434514795e+03	   5.4392852741730358e+01	   5.4014679928062762e+01	   4.3019692689512794e+01	   5.9660830338442800e+01	   5.8389451260652372e+01	   5.2800441724738363e+01	   7.4710589943679452e+01	   6.2257583795215254e+01	   7.7263266886121514e+01	   7.1383774446901498e+01	   6.9477979784832058e+01	   6.7377606723299877e+01	   1.9480743610862582e+01	
   2.5000000000000000e+01	   4.0500570151469274e+03	   0.0000000000000000e+00	   3.6516936125127095e+03	   2.1335745188468641e+03	   1.0000000000000000e+03	   1.0049479434562232e+03	   5.7458206537664744e+01	   5.4115695376044314e+01	   4.3019692689512794e+01	   5.9660830338442935e+01	   5.8389451260652422e+01	   5.9437588024802970e+01	   7.9024863538464103e+01	   6.1868145590673507e+01	   7.7263266886121514e+01	   7.1383774446901541e+01	   6.9477979784832044e+01	   6.3793380724770309e+01	   1.9480743610862582e+01	
   2.5000000000000000e+01	   4.0500570150711851e+03	   0.0000000000000000e+00	   3.6516936125127099e+03	   2.1335745187935654e+03	   1.0000000000000000e+03	   1.0049479434719982e+03	   4.4404184400486699e+01	   5.4280461888620366e+01	   4.3019692689512794e+01	   5.9660830338442544e+01	   5.8389451260652386e+01	   5.3035862181000361e+01	   7.8631975323704381e+01	   6.2340140283851497e+01	   7.7263266886121514e+01	   7.1383774446901541e+01	   6.9477979784832058e+01	   6.6071474637648265e+01	   1.9480743610862582e+01	
   2.5000000000000000e+01	   4.0500570151481220e+03	   0.0000000000000000e+00	   3.6516936125127095e+03	   2.1335745187975108e+03	   1.0000000000000000e+03	   1.0049479434589396e+03	   4.0800359915607928e+01	   5.4123207889136928e+01	   4.3019692689512794e+01	   5.9660830338442793e+01	   5.8389451260652393e+01	   5.3814610283794089e+01	   7.7462950751136489e+01	   6.3251212831801269e+01	   7.7263266886121514e+01	   7.1383774446901541e+01	   6.9477979784832044e+01	   6.3166846109734024e+01	   1.9480743610862582e+01	
   2.5000000000000000e+01	   4.0500570150760850e+03	   0.0000000000000000e+00	   3.6516936125127095e+03	   2.1335745186207337e+03	   1.0000000000000000e+03	   1.0049479434575630e+03	   5.3544616690290866e+01	   5.4211204819945252e+01	   4.3019692689512794e+01	   5.9660830338442565e+01	   5.8389451260652400e+01	   5.4971722286896700e+01	   7.3616490806361313e+01	   6.8613618648222811e+01	   7.7263266886121514e+01	   7.1383774446901526e+01	   6.9477979784832044e+01	   6.6976819093806327e+01	   1.9480743610862582e+01	
   2.5000000000000000e+01	   4.0500570150541544e+03	   0.0000000000000000e+00	   3.6516936125127095e+03	   2.1335745189326394e+03	   1.0000000000000000e+03	   1.0049479434641669e+03	   4.1723550363334994e+01	   5.4034272739266584e+01	   4.3019692689512794e+01	   5.9660830338442857e+01	   5.8389451260652393e+01	   4.4256146822176028e+01	   6.3994669418411860e+01	   6.2531733980817783e+01	   7.7263266886121514e+01	   7.1383774446901541e+01	   6.9477979784832044e+01	   7.4451223132902797e+01	   1.9480743610862582e+01	
   2.5000000000000000e+01	   4.0500570152044479e+03	   0.0000000000000000e+00	   3.6516936125127095e+03	   2.1335745186946142e+03	   1.0000000000000000e+03	   1.0049479434562286e+03	   4.4310804545372292e+01	   5.4115575841844517e+01	   4.3019692689512794e+01	   5.9660830338442949e+01	   5.8389451260652372e+01	   5.6432717137422600e+01	   7.5987098760731811e+01	   6.1376550094612192e+01	   7.7263266886121514e+01	   7.1383774446901526e+01	   6.9477979784832044e+01	   6.3954467459126519e+01	   1.9480743610862582e+01	
   2.5000000000000000e+01	   4.0500570151639226e+03	   0.0000000000000000e+00	   3.6516936125127095e+03	   2.1335745187129387e+03	   1.0000000000000000e+03	   1.0049479434566907e+03	   4.5082930842233168e+01	   5.4043954470894803e+01	   4.3019692689512794e+01	   5.9660830338442807e+01	   5.8389451260652393e+01	   5.7861250463171679e+01	   7.4667776628899176e+01	   6.2684518762393324e+01	   7.7263266886121514e+01	   7.1383774446901541e+01	   6.9477979784832044e+01	   6.2840481901631016e+01	   1.9480743610862582e+01	
   2.5000000000000000e+01	   4.0500570151736483e+03	   0.0000000000000000e+00	   3.6516936125127095e+03	   2.1335745189184527e+03	   1.0000000000000000e+03	   1.0049479434569263e+03	   5.7055568867997792e+01	   5.4221064943655954e+01	   4.3019692689512794e+01	   5.9660830338442977e+01	   5.8389451260652400e+01	   5.1987475169906915e+01	   7.4129550624170548e+01	   6.2108178658509416e+01	   7.7263266886121514e+01	   7.1383774446901526e+01	   6.9477979784832044e+01	   6.4437166334162882e+01	   1.9480743610862582e+01	
   2.5000000000000000e+01	   4.0500570151480924e+03	   0.0000000000000000e+00	   3.6516936125127095e+03	   2.1335745188606552e+03	   1.0000000000000000e+03	   1.0049479434574669e+03	   4.7177133904287253e+01	   5.4163411281499314e+01	   4.3019692689512794e+01	   5.9660830338442864e+01	   5.8389451260652386e+01	   5.6491546553510318e+01	   7.5629105185441446e+01	   6.2490598898990534e+01	   7.7263266886121514e+01	   7.1383774446901541e+01	   6.9477979784832044e+01	   6.4357572933041467e+01	   1.9480743610862582e+01	
   2.5000000000000000e+01	   4.0500570153166045e+03	   0.0000000000000000e+00	   3.6516936125127095e+03	   2.1335745186070858e+03	   1.0000000000000000e+03	   1.0049479434588819e+03	   4.3543577226879322e+01	   5.3869004489168994e+01	   4.3019692689512794e+01	   5.9660830338442864e+01	   5.8389451260652393e+01	   5.3655966550484273e+01	   6.8564923458923829e+01	   6.3467611733894273e+01	   7.7263266886121514e+01	   7.1383774446901569e+01	   6.9477979784832044e+01	   6.5679968610911800e+01	   1.9480743610862582e+01	
   2.5000000000000000e+01	   4.0500570150336821e+03	   0.0000000000000000e+00	   3.6516936125127095e+03	   2.1335745189013887e+03	   1.0000000000000000e+03	   1.0049479434556818e+03	   5.3175940079169536e+01	   5.4186150619539291e+01	   4.3019692689512794e+01	   5.9660830338442778e+01	   5.8389451260652372e+01	   5.9349755333297722e+01	   7.3475531897491194e+01	   6.2852904790425221e+01	   7.7263266886121514e+01	   7.1383774446901569e+01	   6.9477979784832044e+01	   6.2658702864675959e+01	   1.9480743610862582e+01	
   2.5000000000000000e+01	   4.0500570151299316e+03	   0.0000000000000000e+00	   3.6516936125127095e+03	   2.1335745187152229e+03	   1.0000000000000000e+03	   1.0049479434562254e+03	   4.5397105874374788e+01	   5.4148996670775141e+01	   4.3019692689512794e+01	   5.9660830338442970e+01	   5.8389451260652400e+01	   5.6685916432435100e+01	   7.5347080030497381e+01	   6.3572744948181722e+01	   7.7263266886121514e+01	   7.1383774446901541e+01	   6.9477979784832044e+01	   6.3940366220095200e+01	   1.9480743610862582e+01	
   2.5000000000000000e+01	   4.0500570151504912e+03	   0.0000000000000000e+00	   3.6516936125127095e+03	   2.1335745187425805e+03	   1.0000000000000000e+03	   1.0049479434566225e+03	   4.5712807587732833e+01	   5.4178008603904011e+01	   4.3019692689512794e+01	   5.9660830338442743e+01	   5.8389451260652393e+01	   5.8689535212727023e+01	   6.9771947501683584e+01	   6.1532850340622126e+01	   7.7263266886121514e+01	   7.1383774446901526e+01	   6.9477979784832058e+01	   6.2871134286764971e+01	   1.9480743610862582e+01	
   2.5000000000000000e+01	   4.0500570151653124e+03	   0.0000000000000000e+00	   3.6516936125127095e+03	   2.1335745187003495e+03	   1.0000000000000000e+03	   1.0049479434576958e+03	   4.5921338032920801e+01	   5.4163277464413063e+01	   4.3019692689512794e+01	   5.9660830338442864e+01	   5.8389451260652407e+01	   5.4894225696207300e+01	   7.5175920522165882e+01	   6.3178584505616442e+01	   7.7263266886121514e+01	   7.1383774446901526e+01	   6.9477979784832044e+01	   6.4028814836626765e+01	   1.9480743610862582e+01	
   2.5000000000000000e+01	   4.0500570150827466e+03	   0.0000000000000000e+00	   3.6516936125127095e+03	   2.1335745188055189e+03	   1.0000000000000000e+03	   1.0049479434570005e+03	   4.3537351166340066e+01	   5.4178008603904011e+01	   4.3019692689512794e+01	   5.9660830338442970e+01	   5.8389451260652400e+01	   5.4919411973035388e+01	   7.5347080030497381e+01	   6.3572744948181722e+01	   7.7263266886121514e+01	   7.1383774446901541e+01	   6.9477979784832044e+01	   6.3901930806928817e+01	   1.9480743610862582e+01	
   2.5000000000000000e+01	   4.0500570149848531e+03	   0.0000000000000000e+00	   3.6516936125127095e+03	   2.1335745188244778e+03	   1.0000000000000000e+03	   1.0049479434420271e+03	   5.9669461922567955e+01	   5.4155107969776644e+01	   4.3019692689512794e+01	   5.9660830338442999e+01	   5.8389451260652478e+01	   5.1510176182889495e+01	   7.8146378737015240e+01	   6.3174465659409506e+01	   7.7263266886121514e+01	   7.1383774446901541e+01	   6.9477979784832044e+01	   6.6301259123757958e+01	   1.9480743610862582e+01	
   2.5000000000000000e+01	   4.0500570140594336e+03	   0.0000000000000000e+00	   3.6516936125127095e+03	   2.1335745188045203e+03	   1.0000000000000000e+03	   1.0049479434554197e+03	   4.5480627483366156e+01	   5.4168474106409299e+01	   4.3019692689512794e+01	   5.9660830338440881e+01	   5.8389451260652422e+01	   4.0772422319867538e+01	   6.0557227594543811e+01	   7.2805508797598989e+01	   7.7263266886121514e+01	   7.1383774446901270e+01	   6.9477979784832044e+01	   7.3829967548070044e+01	   1.9480743610862582e+01	
   2.5000000000000000e+01	   4.0500570150320254e+03	   0.0000000000000000e+00	   3.6516936125127095e+03	   2.1335745188316241e+03	   1.0000000000000000e+03	   1.0049479434586310e+03	   5.1087127647147284e+01	   5.4169601332407019e+01	   4.3019692689512794e+01	   5.9660830338443006e+01	   5.8389451260652393e+01	   5.5194953066087891e+01	   7.0438663259523423e+01	   6.3323920327925975e+01	   7.7263266886121514e+01	   7.1383774446901512e+01	   6.9477979784832087e+01	   6.5731979999963485e+01	   1.9480743610862582e+01	
   2.5000000000000000e+01	   4.0500570150620592e+03	   0.0000000000000000e+00	   3.6516936125127095e+03	   2.1335745188648661e+03	   1.0000000000000000e+03	   1.0049479434563139e+03	   5.0644618547204090e+01	   5.4190202344538179e+01	   4.3019692689512794e+01	   5.9660830338442857e+01	   5.8389451260652415e+01	   5.4702477159316437e+01	   7.5810349494806090e+01	   6.2972244703728606e+01	   7.7263266886121514e+01	   7.1383774446901541e+01	   6.9477979784832044e+01	   6.2845625297980042e+01	   1.9480743610862582e+01	
   2.5000000000000000e+01	   4.0500570150827466e+03	   0.0000000000000000e+00	   3.6516936125127095e+03	   2.1335745188055189e+03	   1.0000000000000000e+03	   1.0049479434570005e+03	   4.3537351166340066e+01	   5.4178008603904011e+01	   4.3019692689512794e+01	   5.9660830338442722e+01	   5.8389451260652386e+01	   5.4919411973035388e+01	   7.4267107250987806e+01	   6.2865219743832604e+01	   7.7263266886121514e+01	   7.1383774446901541e+01	   6.9477979784832044e+01	   6.3901930806928817e+01	   1.9480743610862582e+01	
   2.5000000000000000e+01	   4.0500570150827466e+03	   0.0000000000000000e+00	   3.6516936125127095e+03	   2.1335745188055189e+03	   1.0000000000000000e+03	   1.0049479434566985e+03	   4.8207837670154611e+01	   5.4178181035971001e+01	   4.3019692689512794e+01	   5.9660830338442835e+01	   5.8389451260652407e+01	   5.8689535212727023e+01	   7.4258398422692693e+01	   6.2910090577096398e+01	   7.7263266886121514e+01	   7.1383774446901569e+01	   6.9477979784832044e+01	   6.3922147857971368e+01	   1.9480743610862582e+01	
