  -6.7715609470793400e+06	   7.3178849206256224e+06	
  -6.7719521551484596e+06	   7.3181332911774339e+06	
  -6.2859563976782244e+06	   7.0524240064820526e+06	
  -6.8513220170243159e+06	   7.3863376260488704e+06	
  -6.2861246973994970e+06	   7.0533084418870164e+06	
  -7.0450849911610186e+06	   7.4076097012285730e+06	
  -6.7410688006058689e+06	   7.3098187331076115e+06	
  -7.5701487352175899e+06	   7.7989814652101314e+06	
  -6.3041755861935839e+06	   7.0666136143381903e+06	
  -7.1756294890315505e+06	   7.5198371698222393e+06	
  -7.6510851659951378e+06	   7.8477500488983430e+06	
  -6.8080672647305615e+06	   7.3496971248550154e+06	
  -6.8840746886947230e+06	   7.3929555961020691e+06	
  -7.0619472660051007e+06	   7.4236893768353146e+06	
  -6.1185980176947918e+06	   6.8810230865666056e+06	
  -6.1593714951401670e+06	   6.9626268637986537e+06	
  -6.2999820517108981e+06	   7.0612085871203570e+06	
  -7.6467318838683330e+06	   7.8422110694808057e+06	
  -6.6869879012760501e+06	   7.2811318466360886e+06	
  -6.7389628654546775e+06	   7.3096075774206836e+06	
  -6.6060854266033545e+06	   7.2350623540849239e+06	
  -6.1185954753232840e+06	   6.8809944183399249e+06	
  -6.5687968971662987e+06	   7.2162358117130166e+06	
  -6.3628206080251504e+06	   7.1064409597082026e+06	
  -6.5300395771998484e+06	   7.1924011155064683e+06	
  -6.1288340787931886e+06	   6.9162124242419749e+06	
  -6.5625271258940529e+06	   7.2116614181644116e+06	
  -6.2222668713561352e+06	   6.9978171931726392e+06	
  -6.6327209604615178e+06	   7.2475844105117302e+06	
  -6.3144769513383042e+06	   7.0756406294781053e+06	
  -6.1897658312412929e+06	   6.9637680582776722e+06	
  -7.2004454815039877e+06	   7.5271710092342580e+06	
  -7.2233596335943760e+06	   7.5528856036809012e+06	
  -6.6263143273660503e+06	   7.2442763966093352e+06	
  -6.1181378366636261e+06	   0.0000000000000000e+00	
  -6.1184793093324397e+06	   6.8801355931925820e+06	
  -7.2454450019100746e+06	   7.5834487339805393e+06	
  -6.6277687241302542e+06	   7.2448234621403655e+06	
  -7.4714595182268210e+06	   7.7420382670478960e+06	
  -6.1474395132231433e+06	   6.9264189186462844e+06	
  -6.8593752963512708e+06	   7.3772361157077448e+06	
  -7.4770866251062118e+06	   7.7530064688455751e+06	
  -6.4275674538916927e+06	   7.1473798687533671e+06	
  -7.6782235703413915e+06	   7.9478190231414102e+06	
  -6.4604681206364296e+06	   7.1533660440407842e+06	
  -6.5050889587118179e+06	   7.1742435472335909e+06	
  -6.8544510930179153e+06	   7.3651620001361836e+06	
  -6.9605807678705137e+06	   7.3949869208770497e+06	
  -7.1579707462368906e+06	   7.4865856956419684e+06	
  -6.4576294681012090e+06	   7.1517726613235008e+06	
  -7.3597814693966229e+06	   7.7132131436367892e+06	
  -7.3446741704131924e+06	   7.6968727777715931e+06	
  -6.7929550376147870e+06	   7.3346261781681851e+06	
  -7.0993710785109922e+06	   7.4348872166234413e+06	
  -7.0396711713870279e+06	   7.4028944344755467e+06	
  -6.5065836902479157e+06	   7.1785113302235464e+06	
  -7.2543651665636217e+06	   7.5985790528747635e+06	
  -6.7728196796728261e+06	   7.3188372322847014e+06	
  -6.5933994583105966e+06	   7.2223568059282023e+06	
  -6.4034900313037671e+06	   7.1290758852326302e+06	
  -6.8494426519797985e+06	   7.3516433285994008e+06	
  -6.3888095946651101e+06	   7.1221375626090104e+06	
  -7.5275382677341811e+06	   7.7764390987633672e+06	
  -7.6595351899759211e+06	   7.9453389557423405e+06	
  -6.2452126634236593e+06	   7.0146693490027217e+06	
  -7.3389669329770096e+06	   7.6944080701341890e+06	
  -7.3230984167206511e+06	   7.6844278347716611e+06	
  -7.3080708647076152e+06	   7.6362332455235422e+06	
  -7.4143927489468995e+06	   7.7251576562054958e+06	
  -6.4070163095493056e+06	   7.1311609075190481e+06	
  -6.6593790873929095e+06	   7.2666240071401531e+06	
  -6.7180237653509453e+06	   7.2851803360286290e+06	
  -7.6288460974829402e+06	   7.8378768482260974e+06	
  -6.4907888726075683e+06	   7.1685586618417297e+06	
  -6.5399958087176438e+06	   7.2003558237368353e+06	
  -7.2743797197358496e+06	   7.6221522443584464e+06	
  -6.3542489559774548e+06	   7.0897839185601380e+06	
  -6.6424076714031249e+06	   7.2516782620772477e+06	
  -7.5189714099068567e+06	   7.7689299906108258e+06	
  -6.2644552277712636e+06	   7.0330614084084975e+06	
  -6.6595579746449031e+06	   7.2666826373335030e+06	
  -7.6929120542157814e+06	   7.9540409260504786e+06	
  -6.1288692689615954e+06	   6.9167238825813122e+06	
  -6.8796284034235720e+06	   7.3890679111821912e+06	
  -6.9873593390947413e+06	   7.3972734056991721e+06	
