   5.4323425242403989e-01	   7.7636664621967744e-01	  -2.3412836140409432e-01	   9.9895417084629958e+00	   4.5572512309491451e+00	   1.7304838770704013e+01	   1.4444220470170363e+01	   6.6390892038990561e+00	   3.7056996386080030e+00	   6.3576762377439344e+00	   4.4319489172173654e+00	   6.9860934449809360e+00	   2.7762604964591771e+00	   1.0686896662233170e+01	   1.8387264570380959e+00	   7.7257921563176390e-01	   1.9598242316264942e+00	   1.0171799132841834e+00	   1.1583948465715077e+00	  -3.6855230043043108e-01	
   5.4322671142435919e-01	   7.7586871664650436e-01	  -2.2841980618866597e-01	   9.9897607326195885e+00	   4.5564250843752374e+00	   1.7305126484438400e+01	   1.4443473742466729e+01	   6.6394783565806703e+00	   3.7068445945404869e+00	   6.3600169797530857e+00	   4.4334890674387593e+00	   6.9837042107945484e+00	   2.7755712338525398e+00	   1.0683523746983914e+01	   1.8385148948073307e+00	   7.7282364810165194e-01	   1.9597332541898347e+00	   1.0172120068795663e+00	   1.1591031260416964e+00	  -3.6870520925344558e-01	
   2.7663934086213354e-01	   6.2184454597721484e-01	   5.9585297828263659e+00	   6.7259446912264309e+00	   1.1149337899667529e+01	   1.1159223540959843e+01	   8.2744559625939349e+00	   1.1854269879661317e+01	   6.5062459091356413e+00	   7.6936354197119279e+00	   5.1222133493676276e+00	   5.7679471019349560e+00	   3.4754748461149463e+00	   1.0948097453670826e+01	   1.7275153296014585e+00	   3.7462409400559427e-01	   3.0075758249090123e-01	   1.3907314991395434e+00	   1.5880112077601867e+00	   2.0540847041238646e+00	
   4.2595283450882404e-01	   3.7964743963517195e-01	   6.5038512758480955e+00	   9.3693276453051251e+00	   6.9483177470414521e+00	   1.0856765334199807e+01	   5.8649232828878466e+00	   4.8585315692252307e+00	   5.0378209211402485e+00	   8.7943943690731583e+00	   4.6731854363342373e+00	   3.1822326385658668e+00	   3.0492720059791001e+00	   7.7773263642499328e+00	   1.4526985151273886e+00	   7.1561225839604081e-01	   1.5350508311386173e+00	   1.3986879201992068e+00	   1.6090292268146507e+00	   8.2657339837143773e-01	
   1.7644994136934639e-01	   2.3043029705768159e-01	   1.2300419542584118e+01	   6.2629016735059286e+00	   1.2467807195185591e+01	   8.3220799312342635e+00	   4.8477026802993457e+00	   1.0463384963412633e+01	   9.4404268544869190e+00	   9.8440779226411284e+00	   5.7283504516121191e+00	   1.9595902982842137e+00	   2.2233289758481463e+00	   5.8405706909942303e+00	   1.3648544346689977e+00	   4.1367636525835089e-01	   5.1563193388935602e-01	   1.7620394943854809e+00	   1.1338035259607295e+00	   3.1583539234873887e+00	
   5.8679894097781238e-01	   5.7107109537331369e-01	   1.2401742110908627e+01	   1.2118402982830524e+01	   8.6151834172568300e+00	   1.3899948467781918e+01	  -3.8110057021226744e+00	   4.9423703711556302e+00	   4.9236550307964499e-01	   6.6992686731055882e+00	   6.2234782178342414e+00	   1.2706701198800747e+00	   4.5074055768884573e+00	   6.2457447736597613e+00	   1.1686212137002823e+00	   1.1163289652974919e+00	   9.0286678054953828e-01	   3.8682972245811755e+00	   8.6764839488024914e-01	   2.1317795636633878e+00	
   5.1313258364049041e-01	   7.5249650246185495e-01	   1.1837415444770456e+00	   9.7247681212125840e+00	   5.6702106253101112e+00	   1.5891583313586358e+01	   1.2030170928155727e+01	   6.5155132160482134e+00	   4.6527055157908412e+00	   6.3134473602107652e+00	   4.4820885444803258e+00	   6.3815384190323021e+00	   2.2862224710025827e+00	   9.4311389043076588e+00	   1.7687011198488782e+00	   7.1943550541636991e-01	   2.0154993548999256e+00	   1.2137143734179385e+00	   5.7880687825559007e-01	   2.1324795193403412e-01	
   6.0340501077560549e-01	   9.8784319027719003e-02	   9.5031871416784703e+00	   1.2598094545681978e+01	   4.0170091853792753e+00	   1.6801855153648219e+01	   6.8866496513231468e+00	   2.0077648883074550e+00	   4.2840285010832320e+00	   8.7107015027030759e+00	   6.2833004426650980e+00	   2.1880296164499069e-01	   8.9008172135445118e-01	   1.3790416949084179e+00	   1.1174295826276328e+00	   1.2372338097244167e+00	   2.6699348109719678e+00	   2.5991189017116092e+00	   2.6570202107213792e-01	   8.5023692561572339e-01	
   2.8528822145357763e-01	   6.8197021364530497e-01	   6.0675428823641457e+00	   6.7475412793761853e+00	   1.1207635203122173e+01	   1.2080365827131857e+01	   8.5595825796764231e+00	   1.2464778795687328e+01	   7.3807000901431543e+00	   7.4026627174565878e+00	   5.3036297989032697e+00	   5.9620537119600092e+00	   3.3032022126845479e+00	   1.0687204737104903e+01	   1.7285810371608306e+00	   3.7120523149093165e-01	   2.9824214034503616e-01	   1.3863424042167467e+00	   1.4443445094276046e+00	   2.0221917860807221e+00	
   4.2881162779621096e-01	   3.0744293293404407e-01	   1.0996881170057986e+01	   9.6981302969465446e+00	   7.1046406614260524e+00	   1.2189653472012086e+01	   2.4041587510488345e+00	   5.0178393923575779e+00	   8.8748033074804304e+00	   9.1085214182936571e+00	   5.5372333577573833e+00	   1.2277434010375983e+00	   2.5288531460458934e+00	   4.4694943990379077e+00	   1.2179309612491116e+00	   7.7262921553841890e-01	   1.5037610910532497e+00	   1.4943835462348130e+00	   1.4849775371848144e+00	   9.7833129228528770e-01	
   6.2339721602190057e-01	  -2.4073156175354113e-01	   9.3078104587876958e+00	   1.3199118344119416e+01	   1.1980112217612997e+00	   1.9195831828736427e+01	   1.2693604374589071e+01	   1.0007344658671324e-01	   7.3063338068742043e+00	   1.0221222892112255e+01	   6.7913166586885394e+00	  -1.2788043985872339e+00	  -1.5667804578703048e+00	  -3.0444571069527204e+00	   9.8520691321489706e-01	   1.3791729732362714e+00	   3.7976954770287317e+00	   2.0253426319611201e+00	  -2.3140404413828439e-01	   1.9058766667054328e-01	
   5.0185335383562080e-01	   6.4285252624050560e-01	   2.6650555590086449e+00	   9.6963085123095105e+00	   5.8431444136098296e+00	   1.5354605157192688e+01	   1.1040053889519641e+01	   6.4207798152009250e+00	   5.0125798626141140e+00	   6.7745310872371043e+00	   4.7485606409947643e+00	   5.7159120472207601e+00	   2.0320481869646656e+00	   8.4655299493107261e+00	   1.7067998263466477e+00	   7.4928606217521787e-01	   2.0198283586177967e+00	   1.2888255626381171e+00	   5.5488209653552756e-01	   3.7500157424419112e-01	
   5.4094867819515635e-01	   6.2545097874227473e-01	   1.4960569239926966e+00	   1.0055924945303683e+01	   4.3068574637323458e+00	   1.7392040882422059e+01	   1.4217897480154754e+01	   6.7570360780367089e+00	   4.0527201774402091e+00	   7.0671232393598418e+00	   4.8987474590189732e+00	   6.2619491253319790e+00	   2.5673543941664834e+00	   9.6646120187595770e+00	   1.7746048282191889e+00	   8.4666336594888603e-01	   1.9322502104825634e+00	   1.0269070446494994e+00	   1.3730647010308319e+00	  -4.1489688073195002e-01	
   5.8784753181652261e-01	   5.5768030811058289e-01	   1.2322570321157048e+01	   1.2141097937736774e+01	   8.4767378395481181e+00	   1.3992744030154331e+01	  -3.5162333064263152e+00	   4.8490917971256096e+00	   5.9400970631724448e-01	   6.7540538989094028e+00	   6.2265091499930048e+00	   1.2366479025599371e+00	   4.4042044122963695e+00	   6.1011918148494786e+00	   1.1664872134308519e+00	   1.1208893059217302e+00	   9.5489534013373412e-01	   3.8351137860634452e+00	   8.4957102299392684e-01	   2.0942227968274807e+00	
   2.0623644620448073e-01	   4.1772056493029497e-01	   8.5648488099039550e+00	   9.4321031332857821e+00	   3.5760275683788443e+00	   9.1015277091954960e+00	   2.5375097371634947e+00	   6.8872425670091380e+00	   2.1117823246077760e-01	   8.2086460748959436e+00	   8.9660475788973777e+00	   4.3660038626814863e+00	   2.3625474241943603e+00	   9.3548084664832114e+00	   1.5778600628356043e+00	   1.0093524250854160e+00	   1.5353216431250936e+00	   1.6085084801350213e+00	   1.9078878025143120e+00	   2.4502083324164139e+00	
   9.8451091705314756e-02	   4.8725552662034133e-01	   1.2050494337431823e+01	   5.2166856438860032e+00	   1.5006366989924212e+01	   5.8663850477289543e+00	   7.2707592535079457e-01	   1.1799916271172441e+01	   1.0153450192524041e+01	   9.0647713061418660e+00	   5.0311970974060278e+00	   3.0523876630575844e+00	   3.0773445831520649e+00	   8.5912866536402621e+00	   1.4503230225911707e+00	   1.5631159453906981e-01	  -1.7379762987784445e-01	   1.9940921809348466e+00	   1.3440232087017150e+00	   4.1428617604857685e+00	
   1.4186474407393193e-01	   1.8193727280938043e-01	   1.2848023393037266e+01	   6.1685858773915738e+00	   1.2740345486318526e+01	   7.3218319220027102e+00	   4.7176385763561361e+00	   9.7860158863464477e+00	   9.1602663350367468e+00	   1.0188449197025395e+01	   5.4957761988976124e+00	   1.2134737662252204e+00	   2.2994920687894593e+00	   5.3925473540500342e+00	   1.3165361407226355e+00	   4.0518590706604191e-01	   4.4701323226130124e-01	   1.8089317069931714e+00	   1.1870981092860990e+00	   3.3508550663936179e+00	
   6.2438313319162275e-01	  -2.5051480144755084e-01	   9.4377648780151553e+00	   1.3232274473129989e+01	   1.1545450198867937e+00	   1.9283462223645870e+01	   1.2727181893764527e+01	   6.2034092208458791e-02	   7.4166127340158550e+00	   1.0270075990722292e+01	   6.8391356717963072e+00	  -1.3746806263525286e+00	  -1.6273063480392127e+00	  -3.2378424353038007e+00	   9.7466527151455917e-01	   1.3868967117066107e+00	   3.8195777174270105e+00	   2.0324972360175142e+00	  -2.5063172729823879e-01	   1.9096278814221318e-01	
   5.7151064095461301e-01	   1.0002163581682244e+00	  -1.9903037521263265e+00	   1.0010207899236482e+01	   4.8710076473463984e+00	   1.8130399950235709e+01	   1.4721469738143739e+01	   7.0335281700486156e+00	   4.2981872355572328e+00	   4.9861938472193579e+00	   4.2041647256793109e+00	   8.2361777767847446e+00	   2.1690276314703505e+00	   1.0762799262537063e+01	   1.9336979441877449e+00	   7.1306838231460534e-01	   2.2575305201682339e+00	   1.0620030606178030e+00	   1.7575938133944646e-01	  -2.9039020515298275e-01	
   5.1105068306377133e-01	   7.5084558847389238e-01	   1.2818046849624578e+00	   9.7064557715564792e+00	   5.7471854542355860e+00	   1.5793839318979899e+01	   1.1863209715144997e+01	   6.5069664167918253e+00	   4.7182026181621479e+00	   6.3103883894172839e+00	   4.4855563163060621e+00	   6.3397260043708030e+00	   2.2523303152171898e+00	   9.3442878124547946e+00	   1.7638580066338776e+00	   7.1575996431125732e-01	   2.0193499743484793e+00	   1.2273071482517790e+00	   5.3872124266598520e-01	   2.5348659417153119e-01	
   5.2071819662459184e-01	   8.2609410791074067e-01	  -1.6867502756701054e+00	   9.7180959131758993e+00	   5.0631786753621641e+00	   1.5601743922431703e+01	   1.3880792703770355e+01	   6.0070884815861714e+00	   2.2648112666952538e+00	   6.1444119118031253e+00	   3.7909078321376222e+00	   7.3816375397064826e+00	   3.2572363585891724e+00	   1.2064241055771138e+01	   1.8968264583870347e+00	   6.8758593540823121e-01	   1.8946596456820712e+00	   1.0250269350859518e+00	   1.1771024828874972e+00	  -1.6927959807338522e-01	
   9.7892791288571743e-02	  -5.5070587464490006e-02	   8.5648488099039550e+00	   9.7694158131044535e+00	   1.4142626541531847e+01	   1.3285686194351282e+01	   2.5375097371634947e+00	   6.8872425670091380e+00	   2.1117823246077760e-01	   8.2086460748959436e+00	   5.1746553670393265e+00	   2.3654702973374016e+00	   2.3625474241943603e+00	   9.5591640709128161e+00	   1.5916155891483796e+00	   1.0093524250854160e+00	  -5.1119475576602391e-01	   1.9078625475401303e+00	  -1.2818593202574868e-01	   3.2602344787286093e+00	
   4.8847191568074039e-01	   7.3861533171721039e-01	  -7.4907611122235629e-01	   9.4294864111705881e+00	   5.6140462052415678e+00	   1.4297709982530534e+01	   1.2890785620950826e+01	   5.9206468036119837e+00	   2.0894969824280225e+00	   6.6124682676762845e+00	   3.8000971779616428e+00	   6.8800979013396546e+00	   3.3217619747693137e+00	   1.1846266681687755e+01	   1.8612804435471606e+00	   6.6692583693824536e-01	   1.7823649312290839e+00	   1.0824418421434170e+00	   1.2722563039613293e+00	   1.0856504480469686e-01	
   3.3044146003213576e-01	   3.3462221281298921e-01	   3.6822157595875651e+00	   7.9856303516399976e+00	   8.3345215121719285e+00	   8.1224129599806556e+00	   8.2998054305499700e+00	   5.6725881352039869e+00	   1.3455942203703311e+00	   8.8251582940433941e+00	   3.8408469365833517e+00	   4.5385708557628632e+00	   3.6722421962511529e+00	   1.0901024406542524e+01	   1.6959022455887254e+00	   5.5777160326182962e-01	   1.2108945691753819e+00	   1.3458687240382885e+00	   1.7461558948449458e+00	   1.4480882310754828e+00	
   4.3177501901332099e-01	   4.9576520519360673e-01	   7.9186543048600111e-01	   9.0246997005356349e+00	   6.3489118162756739e+00	   1.0907053570563694e+01	   1.0532354514088677e+01	   4.8610077572737538e+00	   5.5253244038439453e-01	   7.7626718939366199e+00	   3.6250566349035864e+00	   5.7712385305274765e+00	   3.5892227647706654e+00	   1.1724502354102517e+01	   1.7976458235870738e+00	   6.5307151830120291e-01	   1.6301186392548501e+00	   1.2065041916791484e+00	   1.5959840354267596e+00	   5.9478666203968134e-01	
   2.0623644620448073e-01	   4.8570063851008161e-01	   9.8469555510026900e+00	   4.9584937537698277e+00	   1.4634521045587542e+01	   9.1015277091954960e+00	   2.5375097371634947e+00	   1.3840052145205666e+01	   7.9419222758639698e+00	   8.9379285165098050e+00	   8.9660475788973777e+00	   4.3660038626814863e+00	   2.3625474241943603e+00	   9.7147821633977163e+00	   1.5778600628356043e+00	   1.0093524250854160e+00	  -6.7255269413795471e-01	   1.6085084801350213e+00	   1.9078878025143120e+00	   3.4245655452857076e+00	
   4.4921113628678588e-01	   5.5396359235399295e-01	   6.0680381581428977e-01	   9.1723418106542862e+00	   6.1599372048919276e+00	   1.1855154560400344e+01	   1.0950421637563682e+01	   5.1141588573007413e+00	   1.1512303387467115e+00	   7.4467443955346706e+00	   3.7281203478655769e+00	   5.9794228485117031e+00	   3.4041376950040809e+00	   1.1484323360574329e+01	   1.8027873164005099e+00	   6.6347185528539177e-01	   1.7044774109935776e+00	   1.1951936425158447e+00	   1.4301989296316586e+00	   4.8951537286237823e-01	
   1.1374428148765242e-01	   4.7821865893339410e-01	   1.0295719167318149e+01	   5.5169794427628096e+00	   1.4025914906529605e+01	   8.2646869764362432e+00	   6.2404847915913972e+00	   1.2841646647455830e+01	   8.3497796818458561e+00	   8.7851605159914694e+00	   5.2435178280049648e+00	   3.3953174533557560e+00	   3.5659884857362316e+00	   9.1835267787389849e+00	   1.5399958548526582e+00	   2.4221287449908629e-01	  -4.6089677259652562e-01	   1.6716950501307597e+00	   1.7932881509612577e+00	   3.3130732314797164e+00	
   5.5205364860401596e-01	   9.3976263940740701e-01	  -2.5376512716020732e+00	   9.9558238261795413e+00	   4.6275417393558644e+00	   1.7283253670475371e+01	   1.5153234940012368e+01	   6.4084017350161941e+00	   2.9397876399622977e+00	   5.5524337096345455e+00	   3.8738878833203976e+00	   7.9497090761983262e+00	   3.0033806281521294e+00	   1.1985345340603901e+01	   1.9321796371068276e+00	   7.0302410029504170e-01	   2.0376024814482530e+00	   9.7594986527506300e-01	   9.1608436170010388e-01	  -4.0496757890081581e-01	
   2.0822213305329385e-01	   2.7667935194211735e-01	   1.1147328077569794e+01	   6.5898098056795806e+00	   1.1805314833326689e+01	   8.9424634189723289e+00	   5.5305065560582172e+00	   1.0033704238317082e+01	   8.8209500103532399e+00	   9.5217711786902743e+00	   5.5773139238325671e+00	   2.4065429652457668e+00	   2.2743778651493103e+00	   6.2972300873990346e+00	   1.4082936204519116e+00	   4.4204715417711582e-01	   6.5156213100798510e-01	   1.7058273738888841e+00	   1.1108892205351322e+00	   2.8708588139625868e+00	
   9.8451091705314756e-02	   4.8725552662034133e-01	   1.2050494337431823e+01	   5.2166856438860032e+00	   1.5006366989924212e+01	   5.8663850477289543e+00	   7.2707592535079457e-01	   1.1799916271172441e+01	   1.0153450192524041e+01	   9.0647713061418660e+00	   5.0311970974060278e+00	   3.0523876630575844e+00	   3.0773445831520649e+00	   8.5912866536402621e+00	   1.4503230225911707e+00	   1.5631159453906981e-01	  -1.7379762987784445e-01	   1.9940921809348466e+00	   1.3440232087017150e+00	   4.1428617604857685e+00	
   4.5227742823951489e-01	   3.7314683857777736e-01	   1.1734242161604088e+01	   9.8858589040968230e+00	   6.8597274842664522e+00	   1.1501578071519420e+01	  -5.7232064573193586e-01	   4.1961007020370920e+00	   9.5023487324226608e+00	   9.0688828018121033e+00	   5.3543139885681326e+00	   1.0176932232505009e+00	   3.1106318033897455e+00	   4.6154102190772726e+00	   1.1669287053992552e+00	   7.6239345278906590e-01	   1.4802392604010297e+00	   1.3427059249459228e+00	   1.7280629619609160e+00	   6.5584718872267656e-01	
   4.5867042757676557e-01	   3.5549554211185974e-01	   1.0834060876943237e+01	   1.0088962905855803e+01	   6.6079900120146080e+00	   1.2164164183591955e+01	   1.1334552803918143e+00	   4.0579906720101313e+00	   8.9676546569310229e+00	   8.9265299390605701e+00	   5.3221571059364967e+00	   1.1090436838723035e+00	   2.7067000306943587e+00	   4.4273903863536983e+00	   1.1834382103039551e+00	   7.8655555337442007e-01	   1.6346188635617909e+00	   1.4601269525198028e+00	   1.4978961709760639e+00	   7.5819775172288695e-01	
   5.5015235085756453e-01	   9.3761904407914543e-01	  -2.5851531147108151e+00	   9.9540476248653142e+00	   4.5897279524528631e+00	   1.7151810950725860e+01	   1.5092899737652962e+01	   6.2988654622447058e+00	   2.8022071097450434e+00	   5.6256098093771039e+00	   3.8175237575622001e+00	   7.9031558411712792e+00	   3.1550881869711378e+00	   1.2171847403789963e+01	   1.9293555624699186e+00	   6.9995598402117554e-01	   1.9995698874934098e+00	   9.5564522550756470e-01	   1.0377138143600082e+00	  -4.3777933074208963e-01	
   3.8651886068761665e-01	   4.1697578511666400e-01	   5.3911251136434135e+00	   8.4820616821285171e+00	   8.6918423871340380e+00	   1.3329802681472476e+01	   1.2751120548957172e+01	   7.7364562240098662e+00	   8.1275200682676552e-01	   2.1579884380021621e+00	   9.3627606637492846e+00	   1.2659396932533038e+01	   1.0054472763727794e+01	   3.4045363642400108e+00	   3.7214344098935959e-01	   1.5378487230970717e+00	   2.2876967151997074e+00	   3.0503884275091613e+00	   1.7712990955096573e+00	   3.0657888478362398e+00	
   2.0487825730474052e-01	   4.4136497415334874e-01	   3.2902856730665242e+00	   6.6528442491826896e+00	   9.6725383522694663e+00	   6.8844207748473298e+00	   1.5429550952973859e+01	   5.8585762645229007e+00	   1.2039994373790890e+00	   8.0500690167224818e+00	   1.9472334732157224e+00	   3.2141565205670850e+00	   4.4599679575951487e+00	   1.1891200696049207e+01	   1.7678556556841389e+00	   3.1530669542653700e-01	   1.1756711309201435e+00	   1.0176612547349349e+00	   1.4196534022099980e+00	   1.1811653342598500e+00	
   4.2807830537075486e-01	   1.7499877946057749e-01	   1.0654742785370924e+01	   9.8362665270420031e+00	   6.7796714509964051e+00	   1.3300022595123643e+01	   5.1550581308510095e+00	   5.4156383596600124e+00	   8.2488888577196633e+00	   9.2490545848746635e+00	   5.9019527683406645e+00	   1.1557886137254094e+00	   1.7529714834767858e+00	   3.7719297172204880e+00	   1.2414410111638259e+00	   8.4248140914256386e-01	   1.6906365616822030e+00	   1.6554723867610466e+00	   1.1840227261793208e+00	   1.1749488505097767e+00	
   5.5395720049789787e-01	   9.4853306382312641e-01	  -2.7149685100974379e+00	   9.9674006725465549e+00	   4.5755625742918076e+00	   1.7352399340116786e+01	   1.5305973495997264e+01	   6.4038258955813685e+00	   2.8572251922159877e+00	   5.5172458629223140e+00	   3.8454913371511985e+00	   8.0244521169788037e+00	   3.0382479414488874e+00	   1.2107955741908285e+01	   1.9399939245430273e+00	   7.0243284115685822e-01	   2.0384498492910437e+00	   9.6428066950477898e-01	   9.3360334527736533e-01	  -4.3553614075169145e-01	
   5.9720670189446978e-01	   3.0510528529298292e-01	   1.0796627144436329e+01	   1.2406567709499329e+01	   6.0173666699787232e+00	   1.5556863935230037e+01	   2.1775950004935680e+00	   3.2776595568416416e+00	   2.6213244112324228e+00	   7.8290457205071071e+00	   6.2649566359018936e+00	   6.6394117482424053e-01	   2.4719678990806990e+00	   3.4868177214630389e+00	   1.1376677131378981e+00	   1.1869654570210406e+00	   1.8986132917922038e+00	   3.1620334575158147e+00	   5.2811881421113926e-01	   1.4107501708391628e+00	
   7.3356840306433635e-02	   4.8570063851008161e-01	   9.8469555510026900e+00	   4.9584937537698277e+00	   1.4634521045587542e+01	   7.9638405998106929e+00	   8.0011676049437028e+00	   1.3840052145205666e+01	   7.9419222758639698e+00	   8.9379285165098050e+00	   5.1967298213525748e+00	   3.6823939793941030e+00	   3.7575377436928776e+00	   9.7147821633977163e+00	   1.5871003397146368e+00	   1.8999765002753743e-01	  -6.7255269413795471e-01	   1.5826166117586125e+00	   1.8796980987372580e+00	   3.4245655452857076e+00	
   4.9514415973027542e-01	   5.7000793478970380e-01	   3.4982252619432508e+00	   9.7555458403995292e+00	   5.8466695925014109e+00	   1.5327715798138751e+01	   1.0900717478412101e+01	   6.3219546292828959e+00	   5.2646760950879017e+00	   7.1016289533006951e+00	   4.9309822016951497e+00	   5.1784704373838499e+00	   1.8776163054465385e+00	   7.7903292030489171e+00	   1.6559415016991119e+00	   7.7491881534820684e-01	   2.0181031518126629e+00	   1.3476457327761939e+00	   5.9551965684133890e-01	   4.6197097862646186e-01	
   5.4207105129100608e-01	   1.3086443993709751e-01	   9.6434607833296973e+00	   1.1553698869056518e+01	   4.0659838280253702e+00	   1.5109786406422735e+01	   5.8850965316361190e+00	   2.0003533388777406e+00	   7.8858295997658159e+00	   9.3126821922281540e+00	   5.7660701476407805e+00	   2.7716889687443658e-01	   1.0133866175482691e+00	   1.6122538679517504e+00	   1.1136668852997833e+00	   1.0396117722687559e+00	   2.6052467121222036e+00	   1.6807965427847573e+00	   7.8232955123064496e-01	   4.1046977497968129e-01	
   3.4989667092193877e-01	   3.5790900081944554e-01	   3.7248213536461496e+00	   8.2115363140800355e+00	   8.0555780076180934e+00	   9.0031141779907866e+00	   8.5424713825895360e+00	   5.7968719826018704e+00	   1.8009455351564858e+00	   8.6206140925653560e+00	   3.9838096936234937e+00	   4.5971599670066636e+00	   3.4735448351299261e+00	   1.0572805077961107e+01	   1.6888751065742649e+00	   5.8460374524817449e-01	   1.2802807387767259e+00	   1.3627015062396581e+00	   1.6480359266451512e+00	   1.3474156505478776e+00	
   6.1396421148592073e-01	  -1.4712801447361976e-01	   8.0644396527099822e+00	   1.2881888940922776e+01	   1.6138847779136798e+00	   1.8357406514667240e+01	   1.2372343217550606e+01	   4.6402430718177801e-01	   6.2512131011019658e+00	   9.7538088791125315e+00	   6.3337965125703928e+00	  -3.6148505455191215e-01	  -9.8768414629228340e-01	  -1.1941955073481347e+00	   1.0860666578565168e+00	   1.3052742094628735e+00	   3.5883317705496762e+00	   1.9568892013994741e+00	  -4.7438465655304574e-02	   1.8699859990867423e-01	
   3.8335990659372382e-01	   3.2714612064741982e-01	   1.6686509715149693e+00	   8.6495941866853876e+00	   7.0422266985221667e+00	   8.0152462561487283e+00	   8.6351094504400265e+00	   3.9707689523720129e+00	  -8.4152465304950952e-01	   8.5729911865424135e+00	   3.3642223366418857e+00	   5.0189433822654612e+00	   3.8845061290113052e+00	   1.1904342103900460e+01	   1.7609069312752634e+00	   6.2208467136773316e-01	   1.4972387102675666e+00	   1.3037486013463222e+00	   1.8339114213335519e+00	   1.0146398239284642e+00	
   4.2215483690526423e-01	   4.7557341813351939e-01	   5.3471847907659287e-01	   8.9325028883393447e+00	   6.7406377945126446e+00	   9.0859811450948111e+00	   1.0462658787725065e+01	   4.6468860707016146e+00	  -5.9731942341288757e-02	   8.3770666156407749e+00	   3.5252703529301170e+00	   5.7788336146024424e+00	   3.7406649764307272e+00	   1.2171886101144011e+01	   1.7645946605945166e+00	   6.3986342144989039e-01	   1.5766202437941428e+00	   1.2715532441951942e+00	   1.7738358331580950e+00	   6.2495822040489313e-01	
   5.2572849279382883e-01	   6.4917496757116511e-01	   1.8249764925312970e+00	   1.0002239577238825e+01	   5.0170529956985135e+00	   1.6532990637103797e+01	   1.2734038712064486e+01	   6.3107206179903699e+00	   4.5937718097903470e+00	   6.8000834168519573e+00	   4.7604925004259346e+00	   5.8966452476740141e+00	   2.1981794040048346e+00	   8.8679712398105881e+00	   1.7267621398968034e+00	   7.9637887951902842e-01	   2.0554979735166219e+00	   1.2009457708028819e+00	   8.3425253885044803e-01	   2.3302065477466050e-02	
   5.2859950087073304e-01	   5.4769153491691669e-01	   1.1921937575310947e+01	   1.1302074711516042e+01	   9.1432461039293127e+00	   1.3271072440551375e+01	  -2.0733245104927196e+00	   5.8428393987981639e+00	   1.4233471583679265e+00	   7.0086127811797621e+00	   6.0821970301177171e+00	   1.5539593679228867e+00	   4.3084895483552819e+00	   6.5400852393121571e+00	   1.2201416149958004e+00	   1.0113432993999369e+00	   7.8820171048626220e-01	   3.5522683112017370e+00	   9.5860601600067175e-01	   2.2265244618895537e+00	
   4.4783075801632832e-01	   4.3256360759212248e-01	   1.1107917053093370e+01	   9.8509663980621003e+00	   7.0867225731834109e+00	   1.1369503682250922e+01	  -6.2129210873884588e-01	   4.2125791309968168e+00	   9.3207328822549513e+00	   8.7713302684056416e+00	   5.1279970307538818e+00	   1.2603085085085817e+00	   3.2184492792373112e+00	   5.1154158935833127e+00	   1.1861381843245973e+00	   7.2522858633117915e-01	   1.4338028849239577e+00	   1.3860982949704073e+00	   1.6873548222569126e+00	   7.6485885255410968e-01	
   3.8232785666756475e-01	   3.2508339378575318e-01	   1.6699894515631719e+00	   8.6404344747327944e+00	   7.0596059286803383e+00	   7.9537436526873098e+00	   8.5992778593221502e+00	   3.9523696805901887e+00	  -8.7446606249854941e-01	   8.5834722252692046e+00	   3.3542612607648286e+00	   5.0105970685740981e+00	   3.8934440731883662e+00	   1.1919391969098839e+01	   1.7608193405329036e+00	   6.2066709325112601e-01	   1.4942926334052751e+00	   1.3054778704496115e+00	   1.8374612376082322e+00	   1.0237736469483407e+00	
   4.4324583383948879e-01	   6.5256018694336837e-03	   9.9431293869826298e+00	   1.0213770495975652e+01	   5.8739382748596691e+00	   1.5119715746677466e+01	   9.8228940679446080e+00	   5.5575019059811233e+00	   7.2147422615057701e+00	   9.6318630446983580e+00	   6.3420866440590515e+00	   1.0211425412714719e+00	   6.8302333509714952e-01	   2.5673787531164542e+00	   1.2625318215835344e+00	   9.7319851284421488e-01	   2.0047579804558682e+00	   1.8026435031261816e+00	   9.0986759715166476e-01	   1.1347144438308214e+00	
   3.7016594530557217e-01	  -4.6607103048621923e-02	   9.8937185246621961e+00	   9.0938445936475283e+00	   6.0186893980999043e+00	   1.3786391948536572e+01	   9.9988985661329650e+00	   5.9698083629273455e+00	   1.0491569707675938e+01	   1.0213722521865524e+01	   6.0499345954922426e+00	   1.0963232395458111e+00	   3.4328105100721390e-01	   2.5439928660230202e+00	   1.2863126891196583e+00	   7.9038193403538337e-01	   2.0451218998775058e+00	   1.0001161133176841e+00	   1.1199232064802471e+00	   9.8844349373825136e-01	
   5.3932832882657156e-01	   8.1505999448348698e-01	   8.4690051486704032e-01	   9.9711801896955627e+00	   5.2992598543994376e+00	   1.7046594746160551e+01	   1.2575027354437193e+01	   6.6705177327245817e+00	   5.1846171483913359e+00	   5.9426637691456339e+00	   4.5851021516353958e+00	   6.6475311643871029e+00	   2.0756759561802882e+00	   9.1942384157936807e+00	   1.7783743304385193e+00	   7.4210514313885478e-01	   2.1303349457446963e+00	   1.1951614242086537e+00	   4.0198623275907619e-01	   3.8391994974947274e-02	
   5.4454763433710784e-01	   4.9255296787725134e-01	   1.1753325586026273e+01	   1.1449421425661166e+01	   7.8908553932473158e+00	   1.3365489570328201e+01	  -1.9056977869482652e+00	   4.6173206188757279e+00	   3.2477238552669068e+00	   7.4497563941546874e+00	   5.9174414640958046e+00	   1.2372396242435233e+00	   3.8518121219135013e+00	   5.6130590049740459e+00	   1.1780869751030096e+00	   1.0091760528003422e+00	   1.1753177381199049e+00	   3.0598222201968373e+00	   1.0511408852300579e+00	   1.6661606285247657e+00	
   5.8380663866094229e-01	   5.5520915190700404e-01	   1.2173570008849133e+01	   1.2071358828218848e+01	   8.4773208763325236e+00	   1.3914678817759455e+01	  -3.2950550787436219e+00	   4.8730198623749583e+00	   6.3284155359584404e-01	   6.7746452538193944e+00	   6.1895773668867147e+00	   1.2958447555372894e+00	   4.3753033046892309e+00	   6.1550907172414604e+00	   1.1756406430223907e+00	   1.1109476343321776e+00	   9.6534694901417439e-01	   3.7911273685560900e+00	   8.4690546169392700e-01	   2.0812383872334612e+00	
   4.0135165983133825e-01	   3.6644154827710307e-01	   1.5943248960414571e+00	   8.8063860556628608e+00	   6.7406377945126446e+00	   9.0859811450948111e+00	   9.2823799037701562e+00	   4.2907938591104742e+00	  -2.8873700015643267e-01	   8.3770666156407749e+00	   3.5252703529301170e+00	   5.1854396016104252e+00	   3.7406649764307272e+00	   1.1681189003470845e+01	   1.7645946605945166e+00	   6.4512642054589842e-01	   1.5471219301588706e+00	   1.2715532441951942e+00	   1.7738358331580950e+00	   8.5322902398652978e-01	
   4.3924185826134227e-01	   2.8560742489290192e-01	   1.1260812872028833e+01	   9.8990410229083530e+00	   6.8156205908334986e+00	   1.2229867815966422e+01	   2.0576491965779415e+00	   4.5265990614095397e+00	   8.9506525750406034e+00	   9.2022023300258411e+00	   5.5465556376430163e+00	   9.4498534724313465e-01	   2.4735466650373308e+00	   4.0819576029536577e+00	   1.1872689875914813e+00	   7.9950529272787674e-01	   1.5893293355422864e+00	   1.4996494022311158e+00	   1.4803960309575592e+00	   9.0155061691774374e-01	
   5.4253044056373478e-01	   7.7434520776843208e-01	  -1.7327308061117463e-01	   9.9860419367568287e+00	   4.5742478321148985e+00	   1.7272946870438982e+01	   1.4371280197639495e+01	   6.6326727504535707e+00	   3.7349700287511638e+00	   6.3713212114954771e+00	   4.4367500376791984e+00	   6.9569906635600329e+00	   2.7780356161826871e+00	   1.0658734772359512e+01	   1.8355266551431191e+00	   7.7217088948953216e-01	   1.9559963170715391e+00	   1.0192484572745073e+00	   1.1613062686059430e+00	  -3.6119224164259101e-01	
   5.9275296763934293e-01	   1.0740678445906136e+00	  -4.6821634634254385e+00	   1.0039230303207948e+01	   3.7227787693637393e+00	   1.8557485330918876e+01	   1.7305118946658784e+01	   6.8854735583513076e+00	   2.0417770896143899e+00	   5.1061110726296084e+00	   3.6647802887410323e+00	   9.4025580784123690e+00	   3.4329415152213518e+00	   1.3735320338198942e+01	   2.0730283504339440e+00	   7.1963651434400466e-01	   2.0376818470687503e+00	   7.1127733427324757e-01	   1.2199118753892089e+00	  -1.0626152805780964e+00	
   3.4975842169057503e-01	   3.6230878284984280e-01	   3.2845071662209016e+00	   8.1879778945256039e+00	   7.9837073741793780e+00	   8.6881606394475028e+00	   8.6320823685655945e+00	   5.5488015294530548e+00	   1.3353493348454348e+00	   8.6259014639112728e+00	   3.8396268920689347e+00	   4.7226300143121369e+00	   3.5993311520583431e+00	   1.0908608565948036e+01	   1.7083725183060836e+00	   5.7805250453930268e-01	   1.2993079168240813e+00	   1.3294229553740948e+00	   1.6815785141923059e+00	   1.3037664780235350e+00	
   6.4004324168390159e-01	   8.9388112458307889e-01	  -3.0248147644473953e+00	   1.0889432637492467e+01	   2.5557454154315424e+00	   1.9809001749034540e+01	   1.6999217664040092e+01	   5.8262169377062891e+00	   2.7421052405631112e+00	   5.5479030651420720e+00	   4.2827321584040394e+00	   8.1404805384601922e+00	   2.6757108911870908e+00	   1.1326629013861758e+01	   1.9375557037805922e+00	   8.7305958747039980e-01	   2.4265097312059640e+00	   8.0563113294764366e-01	   9.9678723080875076e-01	  -1.2740249689162970e+00	
   3.4262329645304140e-01	   3.6248605283138757e-01	   3.5156176042465628e+00	   8.1015959848021719e+00	   8.1568653745493513e+00	   8.6404609116516156e+00	   8.5485460446776820e+00	   5.7287943440613809e+00	   1.5661122621385068e+00	   8.6576775148559921e+00	   3.8836048999665396e+00	   4.6614598551918247e+00	   3.5798224593988994e+00	   1.0803012503216165e+01	   1.7007564714555736e+00	   5.6855134544259234e-01	   1.2645455823695775e+00	   1.3370566775098578e+00	   1.6683171116280786e+00	   1.3657491333167195e+00	
   5.2404307439866216e-01	   1.3688358869001632e-01	   1.2120655617104870e+01	   1.1194526402241200e+01	   5.1549383156065822e+00	   1.5224628783287891e+01	   2.2625586960652191e+00	   3.9606567222498921e+00	   9.9422415378687639e+00	   9.4695177232946932e+00	   6.6604330442884407e+00	   3.7396795813488826e-01	   1.1004569657890919e+00	   1.3299177709846211e+00	   1.0669582449345087e+00	   1.0201922329328676e+00	   2.0872070481294496e+00	   1.7604418088726916e+00	   1.0840852175485640e+00	   8.0499521745826108e-01	
   6.6892164458247916e-01	  -2.0294317767947601e-01	   7.7297838879303855e+00	   1.3761109969715038e+01	   2.5946745510379632e-01	   1.9581523554110156e+01	   1.3098851254128714e+01	  -9.6728838002853079e-01	   6.0781645943037281e+00	   9.7963160076621296e+00	   6.4032106960609081e+00	  -8.3904453337761575e-01	  -1.5119592060077403e+00	  -2.3892557087257580e+00	   1.0235121969075938e+00	   1.4190494202693422e+00	   4.0322268110293038e+00	   2.0287878027816233e+00	  -2.6656573542447393e-01	  -1.0611525379351128e-01	
   2.5171445584891872e-01	   6.7029696859298882e-01	   6.4376330401213782e+00	   6.2909976705327990e+00	   1.1987709282932654e+01	   1.1614097838675326e+01	   8.5884086881103574e+00	   1.3414141940982017e+01	   7.5192727891573314e+00	   7.5237036697578681e+00	   5.4046314878525159e+00	   6.0521504053122790e+00	   3.4040303511659973e+00	   1.1016224687127776e+01	   1.7431221611111793e+00	   3.2109455388240404e-01	   6.5134710385767847e-02	   1.4155089423080205e+00	   1.5381793295201360e+00	   2.2929655635372095e+00	
   4.3457516767942095e-01	   1.8614674530082368e-02	   9.9961239826939021e+00	   1.0088107168693416e+01	   6.1035944469022461e+00	   1.4887019212900082e+01	   9.5941585539429788e+00	   5.7144819418667128e+00	   7.2886429110750948e+00	   9.6176022032576771e+00	   6.3091212758478168e+00	   1.0722229267531627e+00	   7.4323411468543676e-01	   2.7188639354633239e+00	   1.2672542683402825e+00	   9.5265599031237691e-01	   1.9499731299345811e+00	   1.8074579256483769e+00	   9.2078545032416392e-01	   1.2103613083438221e+00	
   4.2484008899313985e-01	   1.0908153667525289e-02	   1.0282559785629468e+01	   9.9660034405268476e+00	   6.4272237160711914e+00	   1.4652607416076055e+01	   8.5529883566031302e+00	   6.0087070290284963e+00	   7.4882560472575284e+00	   9.4301035040468353e+00	   6.3704261624658551e+00	   1.0854277176002380e+00	   8.2526819889061342e-01	   2.9607561705261038e+00	   1.2740090479102368e+00	   9.2603015138766387e-01	   1.8933502479891891e+00	   1.8450041709742060e+00	   8.3619660690357722e-01	   1.4179918287943418e+00	
   4.4617685817435299e-01	   1.2550523258303797e-01	   1.0524399414884510e+01	   1.0107353310602697e+01	   6.1938565565984360e+00	   1.3945521124657400e+01	   6.4493338810703769e+00	   5.1156862218908552e+00	   7.9571394438715810e+00	   9.4491590038766624e+00	   6.0215246743420607e+00	   1.0200231337105961e+00	   1.4708553812381315e+00	   3.2320266324855060e+00	   1.2315057316581319e+00	   9.0478592326508533e-01	   1.8345358619151917e+00	   1.6533799097388449e+00	   1.1753966298684213e+00	   9.7930760028528563e-01	
   4.9411494888862956e-01	   3.7620568283261807e-01	   1.3979819666321932e+01	   1.0386030534768771e+01	   6.9480465174877635e+00	   1.3050547914486764e+01	  -4.7095986114834805e+00	   5.2527021001219314e+00	   1.2051507053910697e+01	   9.2242849955700255e+00	   6.6432218405086036e+00	   9.9274268539273125e-01	   2.5387070654615056e+00	   2.9481530088028869e+00	   1.0470747573813490e+00	   8.4776613788006672e-01	   1.2980024500310732e+00	   1.5540539295933451e+00	   1.7669123639982998e+00	   9.3826985128555107e-01	
   3.5235967078985775e-01	   3.6979171362379282e-01	   3.2226313608928843e+00	   8.2093534377971515e+00	   7.9471940649208088e+00	   8.7989221758321925e+00	   8.7035135067200144e+00	   5.5662180128115892e+00	   1.3701047002984881e+00	   8.5832061249830112e+00	   3.8439030779600190e+00	   4.7638454437799984e+00	   3.5825530753519250e+00	   1.0906898159980406e+01	   1.7110156826589160e+00	   5.7963629897264579e-01	   1.3105482809211524e+00	   1.3262860047601448e+00	   1.6639146068094797e+00	   1.2850663331050711e+00	
   5.4514438319232994e-01	   8.9968046241022970e-01	  -2.4518339455931475e+00	   9.9169520087051222e+00	   5.3124898366087718e+00	   1.7047380308897569e+01	   1.5304874653021155e+01	   6.3926550275178160e+00	   3.2981519630646656e+00	   5.1155727066380816e+00	   4.0477093522435359e+00	   7.8948326310455021e+00	   1.5862389463039985e+00	   1.0162290814133254e+01	   1.9273634271858033e+00	   6.9989660153643829e-01	   2.4732099444913467e+00	   1.2904417824371177e+00	  -3.3722373755227131e-01	   2.3684408386024680e-01	
   5.4426555701716339e-01	   8.4446332804120317e-01	  -1.0148284626019544e+00	   9.9595880380920914e+00	   4.6702347599707998e+00	   1.7265491136657218e+01	   1.4546342701066616e+01	   6.5858688133706975e+00	   3.5491158483800631e+00	   6.0375571437770486e+00	   4.2213184882688548e+00	   7.3128443128812748e+00	   2.8705238199178287e+00	   1.1148175423154907e+01	   1.8676596369295271e+00	   7.3915071283619738e-01	   1.9722662754233018e+00	   1.0127908039180582e+00	   1.0615307832165304e+00	  -3.4764054095776248e-01	
   6.0589752698350829e-01	  -1.7889041333383576e-01	   8.6079727730261393e+00	   1.2828451557002097e+01	   1.6530755179823240e+00	   1.8479534557048307e+01	   1.2516532852271311e+01	   5.2261664738256641e-01	   6.7578311150260779e+00	   1.0029427329914137e+01	   6.5306637278638027e+00	  -6.8884946034661643e-01	  -1.1266488167407147e+00	  -1.8018280965155944e+00	   1.0536510113804600e+00	   1.3164676770381745e+00	   3.6094438998537566e+00	   1.9532223715424599e+00	  -7.3402372485955047e-02	   2.2971987344025718e-01	
   4.2215483690526423e-01	   4.7557341813351939e-01	   5.3471847907659287e-01	   8.9325028883393447e+00	   6.4183423261515458e+00	   1.0296504585533691e+01	   1.0462658787725065e+01	   4.6468860707016146e+00	  -5.9731942341288757e-02	   7.8983214428729127e+00	   3.4708247576031979e+00	   5.7788336146024424e+00	   3.8029878756357602e+00	   1.2171886101144011e+01	   1.8101169395098058e+00	   6.3986342144989039e-01	   1.5766202437941428e+00	   1.1952033155664619e+00	   1.7389039588322110e+00	   6.2495822040489313e-01	
   5.4006029159862556e-01	   9.7674910337668353e-01	  -3.2244333935424914e+00	   9.6982075167545485e+00	   5.5843166275573379e+00	   1.6951043115827190e+01	   1.5519840854920520e+01	   6.8306587163661128e+00	   3.0808737551881036e+00	   4.7752173909819779e+00	   3.8795868683077734e+00	   8.5027645439289170e+00	   1.7781428766173319e+00	   1.1001360048239402e+01	   1.9893160452205332e+00	   6.5532686425051268e-01	   2.3900684157821099e+00	   1.2408134337191490e+00	  -3.5621108666503543e-01	   2.3956440821234709e-01	
   4.2615129204866059e-01	   1.0880907517979900e-01	   1.0518392904309357e+01	   9.8775651545700747e+00	   6.6508728386540898e+00	   1.3839463469310090e+01	   6.5229530059616021e+00	   5.6815721986159602e+00	   7.9460244575327241e+00	   9.3239332173271823e+00	   6.0953476587567108e+00	   1.1324132232755910e+00	   1.3877065631643686e+00	   3.4588659142042477e+00	   1.2554948743810843e+00	   8.7538485096916441e-01	   1.7647274349432429e+00	   1.7292468141201414e+00	   1.0503915525731249e+00	   1.2728379558379057e+00	
   3.8061666161584873e-01	   4.2266956917333048e-01	   6.3391253054286301e-01	   8.3886903072239942e+00	   7.2138371795957186e+00	   7.9168262971269767e+00	   9.0163560440728912e+00	   4.4816521500151287e+00	  -1.2685531688479883e+00	   8.2426832738222995e+00	   3.1351370232132352e+00	   5.8307045453683308e+00	   4.2839301155471565e+00	   1.3181511267366087e+01	   1.8445116339115675e+00	   5.7407132416717932e-01	   1.3604969731817895e+00	   1.1864080320493660e+00	   1.9718090666143295e+00	   8.9304569862195327e-01	
   5.9238809453207719e-01	   1.0587701496258444e+00	  -4.0261692606404393e+00	   1.0102273166595012e+01	   4.4324851340453337e+00	   1.9378442907108838e+01	   1.7458125565711310e+01	   7.4639790350335176e+00	   3.4129354823128488e+00	   4.4227155300588503e+00	   4.1279779500737277e+00	   9.2496054772811416e+00	   1.8581027270378183e+00	   1.1462617839087194e+01	   2.0474467292990770e+00	   7.2745034332308900e-01	   2.4311570080861213e+00	   1.0515029948437500e+00	  -1.1796472793910495e-01	  -4.1287879421539841e-01	
   5.2126208980582345e-01	   1.4041319512165262e-01	   1.1986580578720126e+01	   1.1146890336780476e+01	   5.2012593083564482e+00	   1.5125275963384466e+01	   2.3628440885679183e+00	   3.9899796726308723e+00	   9.8122312804228855e+00	   9.4559613829354809e+00	   6.6176894208174772e+00	   4.4140909774384907e-01	   1.1383533602614100e+00	   1.4775195972691473e+00	   1.0768897805603821e+00	   1.0132362186317685e+00	   2.0743210534200260e+00	   1.7540902010789576e+00	   1.0930910781452070e+00	   8.1365725604847960e-01	
   2.5699136600235239e-01	   6.6714569507082722e-01	   6.6490564235260017e+00	   6.3884686698755093e+00	   1.1865753501540759e+01	   1.1527190726898102e+01	   8.1123128098012494e+00	   1.3110186205725093e+01	   7.6253159588902584e+00	   7.5652881376176540e+00	   5.3836646925375859e+00	   5.8857001920887386e+00	   3.4399331147538215e+00	   1.0853502305723321e+01	   1.7230346939597925e+00	   3.2989167161527089e-01	   9.4170169884457144e-02	   1.4076375477759864e+00	   1.5604500401183585e+00	   2.2431619963108349e+00	
   5.4514047968307433e-01	   8.9949329406108880e-01	  -2.4484312758755618e+00	   9.9170551835685128e+00	   5.3113873891159065e+00	   1.7047717156826476e+01	   1.5303480477587593e+01	   6.3930134559671359e+00	   3.2988042816518268e+00	   5.1174479681138880e+00	   4.0482903228814440e+00	   7.8934321126254385e+00	   1.5880187058445223e+00	   1.0163032174545913e+01	   1.9272262835141143e+00	   7.0000453173692478e-01	   2.4724375678677548e+00	   1.2900367981642269e+00	  -3.3498592036195074e-01	   2.3595101133974561e-01	
   5.7484464452335882e-01	  -1.0132682324119580e-01	   8.2151393737911143e+00	   1.2244140222270460e+01	   2.5872316022353239e+00	   1.7447881012978353e+01	   1.1845475832130727e+01	   1.4842325869165265e+00	   6.3176712235709669e+00	   9.6975735114863237e+00	   6.2570972692308420e+00	   3.1543028833586284e-02	  -5.8661590856788681e-01	  -2.4866192403810317e-01	   1.1360868625855507e+00	   1.2207640590810807e+00	   3.2673799326613731e+00	   1.9009963442576909e+00	   1.1391359611365587e-01	   3.9210195133262660e-01	
   2.0623644620448073e-01	   4.8570063851008161e-01	   8.5648488099039550e+00	   9.7694158131044535e+00	   1.4634521045587542e+01	   9.1015277091954960e+00	   2.5375097371634947e+00	   6.8872425670091380e+00	   7.9419222758639698e+00	   8.2086460748959436e+00	   5.1746553670393265e+00	   4.3660038626814863e+00	   2.3625474241943603e+00	   9.7147821633977163e+00	   1.5778600628356043e+00	   1.0093524250854160e+00	  -5.1119475576602391e-01	   1.9078625475401303e+00	   1.9078878025143120e+00	   3.4245655452857076e+00	
   3.6414428109735514e-01	   6.5952690978003692e-01	   1.2949382059405938e+01	   8.3496809678737467e+00	   9.5495021565608393e+00	   7.7915708145476454e+00	  -6.4365341194801324e+00	   5.5702345305868128e+00	   1.1062042212483044e+01	   8.6909158182193273e+00	   4.6419830530574213e+00	   1.4872827495521308e+00	   5.2067516442910247e+00	   7.2023969562446730e+00	   1.1819975986901661e+00	   4.5904719176154751e-01	   5.5329480164702860e-01	   9.8683349553558841e-01	   2.4173649891758449e+00	   8.9096548993304092e-01	
   3.8569836339811381e-01	   5.9548463906430815e-01	   1.2548902136194704e+01	   8.7378162971445175e+00	   8.8852277181369033e+00	   8.6781008234400314e+00	  -4.9438894722207092e+00	   5.1377784537059572e+00	   1.0677275221070204e+01	   8.7662367133417671e+00	   4.7781551744503998e+00	   1.3406893305544429e+00	   4.6987666187371699e+00	   6.5252059744326365e+00	   1.1737200032587261e+00	   5.2937689389427545e-01	   8.0186864080256648e-01	   1.0709003091905220e+00	   2.2192964896702803e+00	   8.3275814893542310e-01	
