   3.1167734698759486e+00	   3.0120882644347984e+00	   1.1093618031631404e+01	   3.2249835419087674e+01	   1.4875580297242973e+01	   2.1941389917341215e+01	   1.3399339646242298e+01	   1.6540644240869554e+01	   6.6001786316497245e+01	   4.3554587190998220e+01	   6.4377591561486838e+01	   4.1710022635783382e+01	   6.6637100709653780e+01	   5.6386069271253874e+01	   8.9190106195912264e+00	   1.4895866411218645e+01	   1.1715605025267241e+01	   7.3216941404892282e+00	   1.0828064590807491e+01	   7.0974079537378945e+00	
   3.1170650097754322e+00	   3.0131401954361645e+00	   1.1097358754120455e+01	   3.2252973079148077e+01	   1.4879406564669006e+01	   2.1943210955404989e+01	   1.3398972745916904e+01	   1.6536026842348740e+01	   6.6004868080810226e+01	   4.3579040687860243e+01	   6.4379690954268526e+01	   4.1744556833117606e+01	   6.6638199674349053e+01	   5.6390236665559762e+01	   8.9168084392498113e+00	   1.4896930880383575e+01	   1.1712974174676187e+01	   7.3207364462963938e+00	   1.0826201441916671e+01	   7.0977518880630868e+00	
   3.9813109649040688e+00	   3.7295968346333406e+00	   1.2762610722085849e+01	   3.7128452071514083e+01	   2.1813163849889243e+01	   2.4922041214594444e+01	   1.8481026024876272e+01	   2.9975013302631744e+01	   6.1914202230368801e+01	   4.6949880999726901e+01	   5.7651308686823718e+01	   5.0342291768724181e+01	   6.5521161767234076e+01	   5.9121764631417435e+01	   7.9408167673617847e+00	   1.3473412666134188e+01	   1.2020733261871081e+01	   4.7022256962690125e+00	   1.4940960796824859e+01	   9.8594326903934189e+00	
   3.4966867984292813e+00	   3.0052301207938426e+00	   1.4444689840261285e+01	   3.2805247821769370e+01	   1.7055432038703117e+01	   1.3447529555947707e+01	   1.5394339325643182e+01	   2.4702699772348982e+01	   6.6481004031228210e+01	   5.5114983736699479e+01	   6.4840618406517734e+01	   5.6013298679981332e+01	   6.6850792132339365e+01	   5.8951549477623324e+01	   7.0421536889162599e+00	   1.4801596954028806e+01	   9.8128881637607073e+00	   8.7082354819652217e+00	   9.2769405544809924e+00	   7.8211882349539188e+00	
   3.7884111844437549e+00	   4.0940193674158625e+00	   1.0314826636627028e+01	   4.0140037369270352e+01	   2.1456006307605112e+01	   2.4334404651436309e+01	   1.8192119636344309e+01	   3.0524204865752022e+01	   6.1815110997966428e+01	   4.2153603841597345e+01	   5.8587924020307568e+01	   6.0332814854059293e+01	   6.5550466833121732e+01	   6.1235402910403238e+01	   5.0938595312675128e+00	   1.2854564371360365e+01	   9.4209379403979572e+00	   6.8696556050758453e+00	   1.5082687450847242e+01	   1.0549321723206583e+01	
   3.3712408552062900e+00	   3.3179510774687890e+00	   1.3497215753329384e+01	   2.3608829663741602e+01	   1.7069961977908413e+01	   2.1495227509863536e+01	   1.6306040627509777e+01	   1.6627002349073052e+01	   6.7161090475359345e+01	   5.8281326126212434e+01	   6.7536784008225453e+01	   6.5516994544523101e+01	   6.6850190711926942e+01	   6.0091902489424186e+01	   8.9493566371717694e+00	   1.6394879628389976e+01	   1.0237413993019032e+01	   1.5512046709427446e+01	   1.5507576377166462e+01	   7.6924873045963977e+00	
   3.0954622196579131e+00	   3.0149319659019289e+00	   1.1390804924027426e+01	   3.2524710507197504e+01	   1.3874592589657990e+01	   1.9975340053101039e+01	   1.4119038345865826e+01	   1.7300522457534619e+01	   6.5864826848988599e+01	   4.4640112310954407e+01	   6.4101099497080128e+01	   4.2790297966199674e+01	   6.6552971572337682e+01	   5.7479107561683989e+01	   8.6503876103330839e+00	   1.4752943657428427e+01	   1.0555874006292045e+01	   7.4166294067711327e+00	   1.0811106810051612e+01	   7.4921926394150171e+00	
   2.9630263310878284e+00	   3.0614667101459165e+00	   1.6846808074079380e+01	   2.6372308408140977e+01	   1.1039774376117487e+01	   1.6962836000371322e+01	   1.2561440015051762e+01	   1.7318907756642574e+01	   7.0844655557862112e+01	   6.4237665117389398e+01	   6.8631669928201092e+01	   6.8042184446946322e+01	   7.0606566405510662e+01	   6.3553576679988488e+01	   9.3391681460464966e+00	   1.7252352188933706e+01	   7.7157287851163865e+00	   1.4182432968663985e+01	   9.9661026440836551e+00	   7.3133707475024377e+00	
   3.9372943847987378e+00	   3.8703980419659407e+00	   1.2432954416926222e+01	   3.7116663855518752e+01	   2.1455135394381642e+01	   2.6557045441809457e+01	   1.7788531601933155e+01	   2.6905639599013526e+01	   6.2156398965458244e+01	   4.5889045533173352e+01	   5.7530721321778174e+01	   4.9964614097035188e+01	   6.5573857814247305e+01	   5.9526122276060647e+01	   8.5872466812499724e+00	   1.3488694939942686e+01	   1.2084555308600764e+01	   4.8368420949466131e+00	   1.5050824349774132e+01	   9.6049815936312868e+00	
   3.4656032754407491e+00	   3.5167914370249704e+00	   1.5467720320935721e+01	   3.2455932409426055e+01	   1.6139606181821073e+01	   1.5037836249808898e+01	   1.2930013494222308e+01	   1.5657602685701930e+01	   6.8863882477442971e+01	   5.7440692167678904e+01	   6.6182782385814704e+01	   6.5952720784923912e+01	   6.7525715466205114e+01	   6.2045320059833799e+01	   8.5289388574657519e+00	   1.5176398050334175e+01	   8.6764803493696405e+00	   1.0019145922557628e+01	   7.8215410582639509e+00	   6.8036340373737092e+00	
   2.5517687909273827e+00	   2.8255489095600081e+00	   1.9323100194698437e+01	   2.1621333501194805e+01	   8.8965715589989092e+00	   1.2790332605399074e+01	   1.4184902034201318e+01	   1.0193588461002946e+01	   7.3363403886704191e+01	   6.8947204621217026e+01	   7.1822847027433085e+01	   7.0168523777109044e+01	   7.3393595205036334e+01	   6.9970781551065869e+01	   1.0336552776325705e+01	   1.7563102990275343e+01	   6.9856719555448663e+00	   1.2615267937984239e+01	   8.8327656984569138e+00	   9.6922164244845384e+00	
   3.1524544260335046e+00	   3.1720860505370956e+00	   1.2217021212897176e+01	   3.3039655933191916e+01	   1.4318133450595241e+01	   1.9373895764961947e+01	   1.4389769598832524e+01	   1.7287649780038063e+01	   6.6342095488943016e+01	   4.9573426705640983e+01	   6.4417349068621235e+01	   4.6667089577254586e+01	   6.6759324518048487e+01	   5.8549664991294506e+01	   8.1442623759316675e+00	   1.4896163897178948e+01	   9.5345392746202524e+00	   7.2779757476916211e+00	   1.0522690675427592e+01	   7.7839295234750052e+00	
   3.2051352400887683e+00	   3.3309142144576143e+00	   1.2227380036738579e+01	   3.3200817421050154e+01	   1.6035269806880255e+01	   2.2493321736021592e+01	   1.3288137158003677e+01	   1.5141173678521788e+01	   6.6935827079205154e+01	   5.0966108819593629e+01	   6.5013888901546025e+01	   5.2176867190282252e+01	   6.6970181931290128e+01	   5.7649149689046688e+01	   8.2515597710457982e+00	   1.5218492507738283e+01	   1.0918230066290802e+01	   7.0314300828039258e+00	   1.0263369554366951e+01	   7.2016497603131873e+00	
   3.3564869573387441e+00	   3.3202443005630262e+00	   1.3612441637474566e+01	   2.3703386409963421e+01	   1.6912299603869400e+01	   2.1402618108922233e+01	   1.6220978378038268e+01	   1.6470489006204875e+01	   6.7271810547010588e+01	   5.8420754300648284e+01	   6.7652252333272244e+01	   6.5647012742316036e+01	   6.6898733212693799e+01	   6.0214866389254503e+01	   8.9591848943211740e+00	   1.6415320398504132e+01	   1.0151239640288569e+01	   1.5493008845906610e+01	   1.4916916232139007e+01	   7.6477403358921885e+00	
   4.3138363911626385e+00	   3.2778444684093424e+00	   1.3766516447927319e+01	   4.2814932539633958e+01	   2.3739557549532194e+01	   2.2535131558017689e+01	   1.2421416467072872e+01	   1.3293561470630859e+01	   6.0011886523213192e+01	   4.4699076693619318e+01	   4.4303709259026220e+01	   5.0983223122431561e+01	   3.7031566975587609e+01	   5.8608013744101001e+01	   5.8524498715499051e+00	   1.5861840212036121e+01	   1.1048137276139364e+01	   4.7978320934872825e+00	   7.7607822793286445e+00	   8.0223661126695980e+00	
   4.1628802382236865e+00	   4.3097323037710327e+00	   1.4179313272512880e+01	   3.9004651577067698e+01	   4.2230717315421607e+01	   2.1491405509860215e+01	   2.1330369039134148e+01	   4.5030358915540724e+01	   2.1490948781232291e+01	   4.6109094656279041e+01	   5.5806054335484319e+01	   6.1160701072210180e+01	   6.5223893176850893e+01	   4.7233409803201127e+01	   9.2320403706148149e+00	   1.0472240051908340e+01	   9.8355695568314871e+00	   1.2855385366534588e+01	   1.8249593185586299e+01	   1.4712723659368251e+01	
   3.7649426074864234e+00	   3.9625144178465734e+00	   1.0533459539755045e+01	   4.0402551720724091e+01	   2.1728880294867594e+01	   2.2281465039830984e+01	   1.9432886809383866e+01	   3.2404628157227215e+01	   6.1886187995782088e+01	   4.1260078871167025e+01	   5.8849904585176589e+01	   6.3106998236393956e+01	   6.5568091272272099e+01	   6.0357192646497523e+01	   4.1276259207878088e+00	   1.2874528905658586e+01	   9.0730938816447075e+00	   8.1265964818538734e+00	   1.5153781997292853e+01	   1.0685913016536018e+01	
   2.5310915622345038e+00	   2.8150572833965972e+00	   1.9398874125330970e+01	   2.0986512783953959e+01	   9.0039378296881178e+00	   1.2598184356574475e+01	   1.4564188900405419e+01	   9.4183469249523863e+00	   7.3421510611637743e+01	   6.9102915035362784e+01	   7.2095671498051402e+01	   7.0239840661964038e+01	   7.3475133761871433e+01	   7.0451425519417839e+01	   1.0423741965498300e+01	   1.7546087486106718e+01	   7.0472059462256187e+00	   1.2527880053038096e+01	   9.1476633411579016e+00	   9.9624190406672266e+00	
   2.8880588497184538e+00	   2.8988824621628875e+00	   9.5958089869248386e+00	   3.1790733844299854e+01	   1.2066674452885064e+01	   2.1977704518306609e+01	   1.3039407694962843e+01	   1.2606495239641871e+01	   6.5608740906454429e+01	   4.0059457414697491e+01	   6.3864233528955765e+01	   3.4752535687947166e+01	   6.6375029114110404e+01	   5.6492820548698148e+01	   9.5387711718867649e+00	   1.4710909873561778e+01	   1.1230828990681239e+01	   6.6986173852646704e+00	   1.1228621796882585e+01	   7.0350595038912767e+00	
   3.0939882846266507e+00	   3.0151286428292785e+00	   1.1411359052342423e+01	   3.2543721499862947e+01	   1.3805361979863733e+01	   1.9839363527159826e+01	   1.4168814361560646e+01	   1.7353077380947230e+01	   6.5855354417528275e+01	   4.4715189722427183e+01	   6.4081976670618715e+01	   4.2865012290165595e+01	   6.6547153007900050e+01	   5.7554704601289515e+01	   8.6318090258062306e+00	   1.4743058791387222e+01	   1.0475664344342576e+01	   7.4231953479169368e+00	   1.0809933970971182e+01	   7.5194968553606873e+00	
   3.1531619590923050e+00	   2.5872499355759291e+00	   1.0787343843302363e+01	   3.1840425194745976e+01	   1.4707702801434724e+01	   1.9298347878388402e+01	   1.4762623830660736e+01	   2.1859407117452502e+01	   6.4650033390934723e+01	   3.9108907581127241e+01	   6.3630943979279671e+01	   3.3905066136767147e+01	   6.6135764249929920e+01	   5.4811530563394186e+01	   1.0376386355582424e+01	   1.4539781492924236e+01	   1.2174210677598262e+01	   7.4470505389216406e+00	   1.1219209886832093e+01	   7.3102781572408011e+00	
   4.1629897489451686e+00	   4.4086203794681396e+00	   1.3766516447927319e+01	   3.2981995421258652e+01	   2.5308345082738313e+01	   1.8499226091473442e+01	   1.2421416467072872e+01	   1.3293561470630859e+01	   6.0011886523213192e+01	   4.4699076693619318e+01	   5.5493206637748088e+01	   5.5684862160135545e+01	   3.7031566975587609e+01	   5.7032024934557889e+01	   5.6993684566140796e+00	   1.5861840212036121e+01	   1.1630406477887453e+01	   9.5560415731016572e+00	   1.0227482902976595e+01	   1.0879190169957601e+01	
   3.2502902240414100e+00	   2.5920059038501946e+00	   1.1210333550850702e+01	   3.2446257389747686e+01	   1.5521599213178002e+01	   1.8208662060124254e+01	   1.5654199125430177e+01	   2.5578380413183247e+01	   6.4294505314311635e+01	   4.1145046119752749e+01	   6.3306506238423339e+01	   3.6677972679322025e+01	   6.6067399813079305e+01	   5.5063861707012499e+01	   9.3209807229033785e+00	   1.4432730963328572e+01	   1.1913731816583020e+01	   7.3325614445422937e+00	   1.1412981348129497e+01	   7.8670288346578765e+00	
   3.7155016095277174e+00	   2.6254052334324047e+00	   1.3005968671750511e+01	   3.5440004490823668e+01	   1.9499880166957112e+01	   1.3402763696150801e+01	   1.9865934162885615e+01	   4.3661870126762174e+01	   6.2456751455498640e+01	   4.9929844402541988e+01	   6.1580425028981089e+01	   4.9274581265652472e+01	   6.5689813233734725e+01	   5.6165493878656036e+01	   4.9177400121712314e+00	   1.3860361973653585e+01	   1.0830455734586780e+01	   6.7804969652374618e+00	   1.2506985636065444e+01	   1.0554401522677477e+01	
   3.4914462746947748e+00	   2.4277810457056734e+00	   1.2980722359440145e+01	   3.3241601798651672e+01	   1.7308331314598398e+01	   1.3735661087770985e+01	   1.8151828207377847e+01	   3.4373846998232295e+01	   6.3680633392719741e+01	   4.8268234893306833e+01	   6.3148976610312623e+01	   4.3274225115419689e+01	   6.5996526934963839e+01	   5.5288994005213894e+01	   6.9515106886885736e+00	   1.4375181052134046e+01	   1.1106805194712621e+01	   7.0939636928860041e+00	   1.1277321518749993e+01	   9.0053655346054704e+00	
   4.3138363911626385e+00	   4.0566100494911348e+00	   1.2797886043600752e+01	   4.0962349836475497e+01	   2.6019148743590936e+01	   2.2535131558017689e+01	   1.2421416467072872e+01	   3.6645134938014252e+01	   6.0278846167588313e+01	   4.1749634768600856e+01	   4.4303709259026220e+01	   5.0983223122431561e+01	   3.7031566975587609e+01	   5.8252707164578631e+01	   5.8524498715499051e+00	   1.5861840212036121e+01	   1.1813401754203531e+01	   4.7978320934872825e+00	   7.7607822793286445e+00	   1.1057049761242315e+01	
   3.4145991121190127e+00	   2.4996769364846134e+00	   1.2633542084777389e+01	   3.3003802765250484e+01	   1.6640549829863232e+01	   1.4820134306553710e+01	   1.7418982678649776e+01	   3.1336633189568371e+01	   6.4018750358173634e+01	   4.7097784156158959e+01	   6.3316007266178126e+01	   4.2588939150470843e+01	   6.6073345139432377e+01	   5.5499684911439353e+01	   7.3555360303498816e+00	   1.4436309831253967e+01	   1.1136801098332162e+01	   7.1703888504502578e+00	   1.1196196681381963e+01	   8.6823698620465724e+00	
   4.1789399514973145e+00	   3.9943631989457775e+00	   1.3237823583809744e+01	   3.9562655562347594e+01	   2.4547761213311119e+01	   2.4558121157887861e+01	   2.1708964462254627e+01	   3.4127413925406138e+01	   6.1149348903315875e+01	   4.3723010638043661e+01	   5.6090916543312233e+01	   6.1298184340468531e+01	   6.5326369894987181e+01	   5.8641237795731335e+01	   6.2349770821711861e+00	   1.3068781338968698e+01	   1.1323858940274732e+01	   7.1084010653159266e+00	   1.6649813656868517e+01	   1.0642161268749671e+01	
   3.0058176324010470e+00	   2.6575426971066349e+00	   9.8417806401114341e+00	   3.1500282393426140e+01	   1.3567494219629982e+01	   2.1255046772578851e+01	   1.3567471744744321e+01	   1.8093310703262116e+01	   6.4993577861267539e+01	   3.6105831420856077e+01	   6.3822810359412756e+01	   3.0960322148478983e+01	   6.6187506615235833e+01	   5.4815122319839404e+01	   9.8695828190856076e+00	   1.4588446041389638e+01	   1.2411216372117787e+01	   7.5118020541763322e+00	   1.1279036079555288e+01	   6.8839082001794027e+00	
   3.7339396498473145e+00	   3.9680445468514165e+00	   1.0508639753226623e+01	   3.9382208452470586e+01	   2.0811365166841281e+01	   2.3708685041098555e+01	   1.7918763772615261e+01	   2.9685432887876836e+01	   6.2159648988666696e+01	   4.2626476650730609e+01	   5.9102104331495788e+01	   5.8596507633878673e+01	   6.5636323738357589e+01	   6.0796065174939407e+01	   5.3768410919507534e+00	   1.3040089798647760e+01	   9.5583678044786140e+00	   6.8983538857291444e+00	   1.4665742918418751e+01	   1.0285344834499622e+01	
   4.1628802382236865e+00	   4.3097323037710327e+00	   1.4179313272512880e+01	   3.9004651577067698e+01	   4.2230717315421607e+01	   2.1491405509860215e+01	   2.1330369039134148e+01	   4.5030358915540724e+01	   6.0786458304240398e+01	   4.6109094656279041e+01	   5.5806054335484319e+01	   6.1160701072210180e+01	   6.5223893176850893e+01	   4.7233409803201127e+01	   9.8309416818059034e+00	   1.0472240051908340e+01	   9.8355695568314871e+00	   1.2855385366534588e+01	   1.8249593185586299e+01	   1.4712723659368251e+01	
   3.4823843424214513e+00	   3.4036175359656422e+00	   1.4977348027407865e+01	   3.1455371176710592e+01	   1.5843675996150358e+01	   1.2157801201950324e+01	   1.1403693466592097e+01	   1.4057204213546360e+01	   6.9628501403782010e+01	   5.9037180988110684e+01	   6.6886996989316316e+01	   6.6317627983167895e+01	   6.7586347283463468e+01	   6.1773985955114320e+01	   8.7910980185418328e+00	   1.5137387149990108e+01	   9.0106122912610331e+00	   9.8206952568752008e+00	   6.7039280569234823e+00	   6.6272679676553397e+00	
   3.4250268210861958e+00	   3.3980681431196751e+00	   1.5227289545998808e+01	   3.1094236097959861e+01	   1.5207745443582976e+01	   1.3151143077799293e+01	   1.1977897126291849e+01	   1.3056447729548262e+01	   6.9334815938209843e+01	   5.9240708087337609e+01	   6.7000574603701381e+01	   6.6604292216854290e+01	   6.7593424331652400e+01	   6.1792927852352399e+01	   8.9225711583091059e+00	   1.5219962477475493e+01	   8.7468384911105925e+00	   1.0209211526094325e+01	   7.0473537804929220e+00	   6.4027116847372971e+00	
   3.0234926384570020e+00	   2.6183133792717350e+00	   9.8406382798828211e+00	   3.1401742469461439e+01	   1.3753577944486736e+01	   2.1067631449817711e+01	   1.3551849844209411e+01	   1.8701862288800324e+01	   6.4933074059062619e+01	   3.5553764295840978e+01	   6.3829521976134814e+01	   3.0419334194880101e+01	   6.6160892691776141e+01	   5.4597398518013797e+01	   9.9603009092356842e+00	   1.4566055755555272e+01	   1.2609902292503318e+01	   7.6359035488069829e+00	   1.1240921575697111e+01	   6.8236072800188277e+00	
   3.3204297663597888e+00	   4.1476686510274297e+00	   2.2895239881604383e+01	   1.5657061737051105e+01	   2.4641962316428355e+01	   1.8977708095979338e+01	   3.0329650117788802e+01	   2.3339051078738478e+01	   3.3250524077568365e+01	   5.5848816710343741e+01	   5.3264945677904088e+01	   3.2145529244529442e+01	   4.0981121752132253e+01	   3.4769383941818134e+01	   1.4764449568177936e+01	   8.3232739766778661e+00	   5.8430095361454644e+00	   9.4479891690889808e+00	   8.9743287476656359e+00	   1.4899692605519274e+01	
   3.8955143053046388e+00	   2.8695633417236781e+00	   1.5049508448280196e+01	   3.7541625350764519e+01	   2.4483032069295277e+01	   1.4323824120733814e+01	   3.2747602784895498e+01	   4.1957427322012379e+01	   6.0008775674692487e+01	   4.2378855766552036e+01	   5.8810329825238327e+01	   5.1450996218416741e+01	   6.3748288462081504e+01	   5.6721885634726156e+01	   4.6951575358041495e+00	   1.3087271481316112e+01	   9.5438558651498617e+00	   3.8514599713406170e+00	   1.4116647469968214e+01	   1.2407600702953420e+01	
   3.4032038721126892e+00	   3.7037124296600665e+00	   1.6424531464110466e+01	   3.3255654342817841e+01	   1.6445349406223219e+01	   1.7665728684926336e+01	   1.4013336973695731e+01	   1.6179155893449245e+01	   6.8965195336159269e+01	   5.6713221274596208e+01	   6.6485099080273855e+01	   6.6419637652904314e+01	   6.7725254481397670e+01	   6.1838875134326614e+01	   8.2366105818060706e+00	   1.5456163141226833e+01	   8.0530213428509683e+00	   1.0310729076739889e+01	   8.3420282484353692e+00	   7.0930745530115793e+00	
   3.0017243330550736e+00	   2.6409418636001467e+00	   9.7689133750287205e+00	   3.1451841007271796e+01	   1.3556451271406104e+01	   2.1320769495007529e+01	   1.3539554571875712e+01	   1.8127675840613559e+01	   6.4953570111238761e+01	   3.5706144225451197e+01	   6.3810778631560240e+01	   3.0407650038871637e+01	   6.6170810126021863e+01	   5.4687937932769131e+01	   9.9270461419782325e+00	   1.4581268185124893e+01	   1.2501073866073002e+01	   7.5159155972161678e+00	   1.1300814021600548e+01	   6.8544011639843587e+00	
   3.1390041882200177e+00	   3.1789379192427583e+00	   1.5399106749041135e+01	   2.5133869491452266e+01	   1.3671657987568929e+01	   1.8975138494051222e+01	   1.4190870922430447e+01	   1.6879167321060340e+01	   6.9255562878717200e+01	   6.1659128042096938e+01	   6.8211393936970211e+01	   6.7022816951023017e+01	   6.8946660218483601e+01	   6.2063012844401506e+01	   9.1538330463122559e+00	   1.6884980617724743e+01	   8.8058458460556253e+00	   1.4761368470382498e+01	   1.2398793065297077e+01	   7.4539558825623944e+00	
   4.2267522772879200e+00	   4.0566100494911348e+00	   1.2797886043600752e+01	   4.0962349836475497e+01	   2.6019148743590936e+01	   2.5708333881603362e+01	   2.3086833488957819e+01	   3.6645134938014252e+01	   6.0278846167588313e+01	   4.1749634768600856e+01	   5.4932250065498856e+01	   6.0544539709210042e+01	   6.5100494917926426e+01	   5.8252707164578631e+01	   5.5581108006412325e+00	   1.2848471134698654e+01	   1.1813401754203531e+01	   6.4726111138876359e+00	   1.6760026967230605e+01	   1.1057049761242315e+01	
   3.1631101009632832e+00	   3.2450199501036190e+00	   1.2854691165629340e+01	   3.3166216047332789e+01	   1.4458861428861486e+01	   1.9543961061303037e+01	   1.4483911973242533e+01	   1.7195188487802845e+01	   6.6668819090172391e+01	   5.0320217435923013e+01	   6.4715590216560031e+01	   4.9005836281747833e+01	   6.6912616462734718e+01	   5.9234228668279201e+01	   8.1212191704769605e+00	   1.5019235902095073e+01	   9.2922136852961099e+00	   7.7044678737695920e+00	   1.0307376420293638e+01	   7.6626378148651053e+00	
   3.0289709115677663e+00	   3.3920349694861018e+00	   1.7225747080137722e+01	   3.0022729044259723e+01	   1.1926839081573833e+01	   1.4087696123798445e+01	   1.1522686779376432e+01	   1.1442271977248357e+01	   7.1200637547573052e+01	   6.2523928498510955e+01	   7.0176483544135564e+01	   6.9401244884861796e+01	   6.8467351984625708e+01	   6.4069101073120962e+01	   9.2424772435277109e+00	   1.6227628908938595e+01	   7.3879627388529681e+00	   1.2178286735145875e+01	   6.6143993733085189e+00	   6.0709353550152523e+00	
   3.6691814950559456e+00	   2.7117793231807763e+00	   1.3245413313847081e+01	   3.5053403204752769e+01	   1.9050221822935633e+01	   1.4241518625734852e+01	   1.9338092146802335e+01	   3.7246122155013651e+01	   6.2982718389072581e+01	   5.0046435697568754e+01	   6.1938932173897662e+01	   4.9660665542548202e+01	   6.5855890466848763e+01	   5.6521906270208717e+01	   4.5530512000140337e+00	   1.4030180949468688e+01	   1.0510642993873024e+01	   6.9301407514960038e+00	   1.2123545343139515e+01	   9.7714474811952670e+00	
   2.7496032521188782e+00	   2.9259301182746822e+00	   1.8598114513023855e+01	   2.7695136543852669e+01	   7.8693184088098480e+00	   1.4628758142966158e+01	   1.0555981837640342e+01	   1.7610902156945549e+01	   7.2807453532351758e+01	   6.7457407011393329e+01	   6.9212531934133608e+01	   6.9486181974989179e+01	   7.2613455047116702e+01	   6.5372102399415255e+01	   9.5023488064472854e+00	   1.7725903003231672e+01	   6.3969303948597274e+00	   1.3451372978450234e+01	   5.8199052034875907e+00	   7.1069865670886045e+00	
   3.6780574837245363e+00	   2.2180794734306155e+00	   1.4185362275100244e+01	   3.3749582148950388e+01	   1.8601841539582406e+01	   9.9018979757186116e+00	   2.0295722718291429e+01	   4.2190835869409995e+01	   6.2910365461966023e+01	   5.2444475918808934e+01	   6.2831976232426463e+01	   4.6394280609531393e+01	   6.5837441717188597e+01	   5.5141172497905224e+01	   4.3666934750239452e+00	   1.4240949246902321e+01	   1.0631427962339176e+01	   6.9487146571551559e+00	   1.1311252500074984e+01	   9.9327319127703451e+00	
   3.5379822451275440e+00	   2.3256046782367097e+00	   1.3085561381721497e+01	   3.3269324432281863e+01	   1.8272135752491181e+01	   1.1334756646182452e+01	   1.8668274395877631e+01	   3.6719398290083149e+01	   6.3315274396900527e+01	   5.2025206281851602e+01	   6.3057510967639743e+01	   4.2808460994831314e+01	   6.5954135065206074e+01	   5.4841377081094706e+01	   4.4836519442070601e+00	   1.4303661803607174e+01	   1.1322642008072044e+01	   6.9666493610595293e+00	   1.1210484971015880e+01	   9.1730412776180508e+00	
   3.1168545259220255e+00	   3.1680543379070198e+00	   1.2211511168631670e+01	   3.2646167439057436e+01	   1.4448637957705758e+01	   2.0774895148808781e+01	   1.3755567965674651e+01	   1.6441398004489962e+01	   6.6641711873670346e+01	   4.7830993995787992e+01	   6.4864793290946196e+01	   4.7758790277983849e+01	   6.6862200043494283e+01	   5.8103720666154601e+01	   8.5927711912783007e+00	   1.5059580866041658e+01	   1.0438194414116403e+01	   7.6948305297847677e+00	   1.0417052634613185e+01	   7.2849787793126932e+00	
   3.4529842000287347e+00	   3.3934501800045629e+00	   1.3509949418732120e+01	   2.5760590047413519e+01	   1.7907933982618019e+01	   2.1772313979742755e+01	   1.7019453792971593e+01	   1.8925773919767497e+01	   6.6452886425231171e+01	   2.5583382691985538e+01	   6.6188518555734277e+01	   6.4841023936631402e+01	   6.6689044029849214e+01	   5.9970046391030152e+01	   8.6601177502852060e+00	   1.5992182712808997e+01	   1.0341925918455537e+01	   1.4830691827620479e+01	   1.5070366578637401e+01	   8.0598936724376014e+00	
   3.5069935500812099e+00	   3.3506106211556963e+00	   1.4609491325362674e+01	   3.0872164701454626e+01	   1.5661236399547054e+01	   1.2132300183895984e+01	   1.1686802535006123e+01	   1.3449015696819572e+01	   6.9047100868426881e+01	   5.9096024441955585e+01	   6.6495486158727374e+01	   6.6131526686995855e+01	   6.7394337610576713e+01	   6.1124404836681883e+01	   8.9960448802255275e+00	   1.4973291132961510e+01	   9.2762097727992874e+00	   9.8253205487649691e+00	   7.1594208716995444e+00	   6.6242734430691268e+00	
   3.6812719484063727e+00	   2.2108641135785350e+00	   1.4198903017736967e+01	   3.3753645415118179e+01	   1.8620237262623217e+01	   9.8196160819765055e+00	   2.0341862002832734e+01	   4.2369572427542792e+01	   6.2884221585803836e+01	   5.2458157816446224e+01	   6.2818007303554928e+01	   4.6361490769974090e+01	   6.5830155335513396e+01	   5.5124582170436000e+01	   4.4185020514635669e+00	   1.4234725241228768e+01	   1.0629738999568087e+01	   6.9479301665589155e+00	   1.1317894789863827e+01	   9.9507340940774611e+00	
   3.2455360498043411e+00	   3.8091931173657847e+00	   1.7787325770922649e+01	   3.4145209641097622e+01	   1.5547449173281395e+01	   2.0859484808811111e+01	   1.5212141258391766e+01	   1.6479963052175130e+01	   6.9196158091931807e+01	   5.6096945323631154e+01	   6.7022605939571818e+01	   6.7096986536156223e+01	   6.8098391561329763e+01	   6.4529605168541877e+01	   7.9429706703621852e+00	   1.5971247562345109e+01	   7.4177273894828053e+00	   1.1003556706423016e+01	   8.6418337028797811e+00	   6.7243974655105330e+00	
   3.3862806729658179e+00	   3.9665743525227088e+00	   1.8016853040291199e+01	   3.7203692887761825e+01	   1.6464981259458032e+01	   1.8233511263146610e+01	   1.3993060151716833e+01	   1.6735690942148690e+01	   6.9605485842875737e+01	   5.5469139003532895e+01	   6.6217779457233931e+01	   6.6900601037386153e+01	   6.8136761289519185e+01	   6.2646398372162714e+01	   7.7785666347160900e+00	   1.5302725369289679e+01	   6.9799595616836507e+00	   8.6712393384713131e+00	   6.4631783407847170e+00	   7.0255500240933797e+00	
   3.0036433713984030e+00	   3.0794644008070673e+00	   1.1127988444938856e+01	   3.2119422131596892e+01	   1.3049129932550450e+01	   2.1010214505726541e+01	   1.3257930916461214e+01	   1.3408103048790181e+01	   6.6361837923668901e+01	   4.3796108738572840e+01	   6.4452284423301251e+01	   4.1857771445827822e+01	   6.6677982935759871e+01	   5.7692329687470099e+01	   9.2466017780033969e+00	   1.4878124422337061e+01	   1.0517815448866889e+01	   7.5090769334774912e+00	   1.0580948772632022e+01	   7.0480765018458396e+00	
   3.3798172596398599e+00	   3.3397083349614425e+00	   1.4107991394230417e+01	   2.6168768524719873e+01	   1.6385757817973680e+01	   1.8740022332049179e+01	   1.4932815398176063e+01	   1.5609717881539611e+01	   6.7870861323792198e+01	   5.8568825870670260e+01	   6.7380073709102902e+01	   6.5751783840277724e+01	   6.7104980398273170e+01	   6.0684862675052635e+01	   9.0006178972913080e+00	   1.6011545340364364e+01	   9.7190371635976227e+00	   1.3867100491450053e+01	   1.2412685594913633e+01	   7.2905511760348176e+00	
   3.3591495826711211e+00	   3.3130289860718571e+00	   1.3596301125792067e+01	   2.3917077301292331e+01	   1.6924289456861267e+01	   2.1294994053711058e+01	   1.6283664518551170e+01	   1.6776952444916631e+01	   6.7201610393243058e+01	   5.8261673043461258e+01	   6.7553562782419277e+01	   6.5362057260842917e+01	   6.6881686893327199e+01	   6.0178307592187622e+01	   9.0362971814547350e+00	   1.6373419651478763e+01	   1.0163480495264299e+01	   1.5539314622817482e+01	   1.4865461981655880e+01	   7.6964294729965745e+00	
   3.6211141124454946e+00	   2.3361616628241628e+00	   1.3921504526545267e+01	   3.3663334927699566e+01	   1.8272135752491181e+01	   1.1334756646182452e+01	   1.9496407462651550e+01	   3.9133611517932330e+01	   6.3338940492196365e+01	   5.2025206281851602e+01	   6.3057510967639743e+01	   4.6739165432705036e+01	   6.5954135065206074e+01	   5.5386937929490657e+01	   4.4836519442070601e+00	   1.4341393968164807e+01	   1.0690410851354294e+01	   6.9666493610595293e+00	   1.1210484971015880e+01	   9.6149943274842844e+00	
   3.4306565309746757e+00	   3.4899779419273740e+00	   1.5643119913028256e+01	   3.2139216110198952e+01	   1.5760091823661456e+01	   1.4301064636954964e+01	   1.2604445975353595e+01	   1.4883532172398688e+01	   6.9299491522088900e+01	   5.8127775112896067e+01	   6.6754801265590274e+01	   6.6868451795111994e+01	   6.7651667393073083e+01	   6.2185846681872476e+01	   8.5298576776616404e+00	   1.5288243798337277e+01	   8.4590016968001951e+00	   1.0714271517545249e+01	   7.3524684788515842e+00	   6.6162911604332875e+00	
   3.1191745952661063e+00	   3.0145678590159659e+00	   1.1112883340469629e+01	   3.2251053164274431e+01	   1.4886181115439648e+01	   2.1900811368483645e+01	   1.3396103580757854e+01	   1.6541502392490944e+01	   6.6014419193489431e+01	   4.3624444403083970e+01	   6.4382891411972039e+01	   4.1833422196287380e+01	   6.6640410041498001e+01	   5.6411765124067145e+01	   8.9169843011301833e+00	   1.4895708833731396e+01	   1.1702971217741629e+01	   7.3331690011592574e+00	   1.0813896546635631e+01	   7.0977442870842813e+00	
   3.0094119466340765e+00	   2.6536363632636988e+00	   8.5774808458007694e+00	   3.1417688146157559e+01	   1.4251073876236385e+01	   2.2630029566067986e+01	   1.2768635865315479e+01	   1.6019074332314148e+01	   6.4719740207928382e+01	   3.8584527557084428e+01	   6.3447841864508170e+01	   3.1459446675468552e+01	   6.6118048136488127e+01	   5.3401498753518617e+01	   9.3061126534393335e+00	   1.4566282290616762e+01	   1.3313939642541143e+01	   6.0333701431984323e+00	   1.1605122194103375e+01	   7.1592905487702501e+00	
   3.6681058791165677e+00	   2.6124646034992627e+00	   1.3029904011024849e+01	   3.5052359491467485e+01	   1.9022729009062122e+01	   1.3521171820051350e+01	   1.9489479370867663e+01	   4.1576249463731749e+01	   6.2765133855759181e+01	   4.9903882260657483e+01	   6.1910875756420779e+01	   4.8606156140097781e+01	   6.5773317220524490e+01	   5.6149311983736695e+01	   4.9319978758979071e+00	   1.3972232804810115e+01	   1.0793232588007875e+01	   6.8400648886516464e+00	   1.2246526043685096e+01	   1.0261997478650905e+01	
   2.8596895189913325e+00	   2.8572894291014599e+00	   1.0168866281144208e+01	   3.0914635697546245e+01	   1.2933851982191911e+01	   2.2499772010971594e+01	   1.1391227972565050e+01	   1.1560995733456330e+01	   6.6950927469746418e+01	   4.1825647464003815e+01	   6.6084428201653353e+01	   3.7576715347994238e+01	   6.6820885933293027e+01	   5.5649423477674965e+01	   9.6403946364143511e+00	   1.5245269410440374e+01	   1.2079254879722161e+01	   7.1857646028434408e+00	   9.6566003271504410e+00	   6.1180232446144398e+00	
   3.6741574091488070e+00	   2.6513788595330690e+00	   1.2898269621139168e+01	   3.5245612810888979e+01	   1.9124786228435422e+01	   1.3841022810566903e+01	   1.9482731392065713e+01	   4.1904096575434217e+01	   6.2684001779069966e+01	   4.9577125289662284e+01	   6.1748503496255523e+01	   4.8842209528588334e+01	   6.5747368595366538e+01	   5.6253085583665275e+01	   5.1666327966678214e+00	   1.3919879282701132e+01	   1.0812146636519012e+01	   6.8229142496229205e+00	   1.2393904507436199e+01	   1.0350213563428198e+01	
   3.1726320362355014e+00	   3.7407163656613416e+00	   1.6777556151215990e+01	   3.0791463814694744e+01	   1.2701414016381161e+01	   1.6466220385201627e+01	   8.7671242736652015e+00	   1.2217770059459898e+01	   7.1906718127760527e+01	   6.2339432332616298e+01	   6.9296559977224419e+01	   6.9886174241517097e+01	   6.8863522038245208e+01	   6.4506716781421133e+01	   1.0113144167521671e+01	   1.6222754295020710e+01	   7.9389081347444606e+00	   1.2409451301884278e+01	   6.6481114565525159e+00	   5.5201077880614493e+00	
   2.4607236011985885e+00	   3.4036479079563229e+00	   2.0219969640510335e+01	   2.8314383830062699e+01	   7.3181061213082126e+00	   1.5790958290883715e+01	   1.1102694013087209e+01	   6.8170859024134733e+00	   7.3862679005747125e+01	   6.7267562326992362e+01	   7.4831010950317179e+01	   7.3506610333321191e+01	   6.9747603802143047e+01	   6.7320017969228857e+01	   9.6871824816932719e+00	   1.7726598525539220e+01	   5.1666191762657219e+00	   1.4870477728066739e+01	   5.4550355732578009e+00	   4.9992234646232010e+00	
   4.0532669599864102e+00	   3.9838373398435287e+00	   1.2552990582955301e+01	   3.7910257140356940e+01	   2.2590784214920689e+01	   2.7812253211520805e+01	   1.8558973765845789e+01	   2.8867969443119204e+01	   6.1440171551739915e+01	   4.5683925428177339e+01	   5.6453883705477558e+01	   5.0339495577016145e+01	   6.5396083000354068e+01	   5.9727295568357412e+01	   8.4993270007374537e+00	   1.3295703500718650e+01	   1.2336446926576590e+01	   4.8905258357208314e+00	   1.5850741924620063e+01	   9.9881426909010891e+00	
   3.2686048041665159e+00	   3.8217803400087074e+00	   1.7696593900472926e+01	   3.4267411616946298e+01	   1.6218462045136729e+01	   2.0875375925376634e+01	   1.5365998333617775e+01	   1.7197929195558757e+01	   6.8984676620624768e+01	   5.5845777575952681e+01	   6.6740539647538952e+01	   6.6947704823882574e+01	   6.8026105610229692e+01	   6.4094652086241609e+01	   7.8715930229130553e+00	   1.5890036759202843e+01	   7.4785296573220794e+00	   1.0896585195174740e+01	   8.8480243415275410e+00	   6.7221754369185307e+00	
   3.3357455344709455e+00	   3.9401007960563215e+00	   1.7582172133853849e+01	   3.4360280575195667e+01	   1.6797097310019787e+01	   2.1025347261529529e+01	   1.5372415231107519e+01	   1.7165225299876205e+01	   6.9074985449057493e+01	   5.5630690742992016e+01	   6.6785794833497462e+01	   6.6886468348326446e+01	   6.7962586938799205e+01	   6.2009065110434705e+01	   7.8620284882466827e+00	   1.5792169697024203e+01	   7.3614072214943196e+00	   1.0626115521458907e+01	   9.0394957855096116e+00	   7.3738162097438806e+00	
   3.3224004525425532e+00	   3.6775716288380145e+00	   1.6875403381378138e+01	   3.3272276065166736e+01	   1.5643583697044544e+01	   1.8035526460335664e+01	   1.3976185273057395e+01	   1.5693704856888179e+01	   6.9336466514998847e+01	   5.7051140330749739e+01	   6.6978596751867030e+01	   6.6844061218297981e+01	   6.7932217774899570e+01	   6.3635323758810706e+01	   8.2182135329702763e+00	   1.5700634750006532e+01	   7.9346665037698969e+00	   1.0619682548678801e+01	   8.0129249681216947e+00	   6.6928760187717504e+00	
   3.4288585228955362e+00	   3.6927335002529533e+00	   1.4479006011751038e+01	   3.0590715746423214e+01	   1.3805350039237512e+01	   1.4239095000059599e+01	   7.0398530270556199e+00	   1.1481715177739638e+01	   7.1539845407829219e+01	   6.2257944824951217e+01	   6.7927798684654221e+01	   6.6794159613076459e+01	   6.8624205883650163e+01	   6.2884679472055758e+01	   9.8806238981115637e+00	   1.5561330264309468e+01	   9.2278674849955458e+00	   1.1658015611264769e+01	   6.0702197159171511e+00	   5.2329645862113416e+00	
   3.6589555912892155e+00	   2.6158244084172919e+00	   1.2989620596419400e+01	   3.5014099216981613e+01	   1.8941131491306180e+01	   1.3620370593066555e+01	   1.9413817250357930e+01	   4.1717034344290255e+01	   6.2798490591957282e+01	   4.9788402914617571e+01	   6.1933789484920304e+01	   4.8443647201776614e+01	   6.5780375560352667e+01	   5.6153341487243658e+01	   5.2624006159115897e+00	   1.3980897805170104e+01	   1.0798365782399712e+01	   6.8384056484780764e+00	   1.2234585588189592e+01	   1.0224144105511536e+01	
   2.8264371497634211e+00	   2.6547310492247429e+00	   1.0125052150475486e+01	   3.1840647836686287e+01	   1.1112403955355397e+01	   2.0464806812239043e+01	   1.4845025569777295e+01	   1.8730812424821679e+01	   6.4773738530032219e+01	   3.7104185114870695e+01	   6.3457001914383817e+01	   2.9888076972938634e+01	   6.6465935344594214e+01	   5.6458630542722531e+01	   8.9715662287494098e+00	   1.4659950150019645e+01	   1.0553588634254817e+01	   7.2323122688995056e+00	   1.1916602265788660e+01	   7.7526095147092509e+00	
   3.0769025707708564e+00	   2.8682265326606586e+00	   1.0582038075662428e+01	   3.1820730079078270e+01	   1.4352301244315246e+01	   2.1692345361052976e+01	   1.3449516811979455e+01	   1.7172118117609735e+01	   6.5580325260202471e+01	   4.0210335142208201e+01	   6.4090479307112176e+01	   3.6987137363385791e+01	   6.6486806665638156e+01	   5.5816137820377079e+01	   9.2201800662407010e+00	   1.4750289964390761e+01	   1.2075399271825511e+01	   7.4526680778597845e+00	   1.1082868209712363e+01	   7.0503716105038716e+00	
   2.6232618174201878e+00	   2.7778883611304916e+00	   1.8782890595071486e+01	   2.2162697653099059e+01	   9.8009538246486052e+00	   1.2707353936545164e+01	   1.4908513373589612e+01	   1.1813456544551123e+01	   7.2486627773712129e+01	   6.7103302016871083e+01	   7.1237010484394474e+01	   6.8951942205213697e+01	   7.2757372823411956e+01	   6.8996207813119085e+01	   1.0090493803444318e+01	   1.7241759042254490e+01	   7.4368268788142515e+00	   1.2006358732764882e+01	   9.3520577541181673e+00	   9.8705656194932097e+00	
   3.5379822451275440e+00	   2.3256046782367097e+00	   1.3085561381721497e+01	   3.3269324432281863e+01	   1.7718818351195036e+01	   1.2961658045317447e+01	   1.8668274395877631e+01	   3.6719398290083149e+01	   6.3315274396900527e+01	   4.8089061359112009e+01	   6.2974857546828680e+01	   4.2808460994831314e+01	   6.5891811951660259e+01	   5.4841377081094706e+01	   6.7877726593808445e+00	   1.4303661803607174e+01	   1.1322642008072044e+01	   7.0687029688434508e+00	   1.1380915392028040e+01	   9.1730412776180508e+00	
   2.8325780296085181e+00	   2.6352896547058418e+00	   9.5012015029335757e+00	   3.2147304718135032e+01	   1.1357842156492598e+01	   2.0897894455779543e+01	   1.5159295658915308e+01	   1.8809967304780013e+01	   6.4182723542418856e+01	   3.5867306614563446e+01	   6.3033645179989655e+01	   2.7991078011768739e+01	   6.6012439147367715e+01	   5.5800612086345410e+01	   8.9322992618954480e+00	   1.4434016485549765e+01	   1.0862253324896839e+01	   6.7734172576320697e+00	   1.2244966141801612e+01	   7.7992157144613268e+00	
   3.3786180519472837e+00	   3.8003452623666574e+00	   1.6884086123538243e+01	   3.3731560258576465e+01	   1.6580026693561184e+01	   1.9048571225132502e+01	   1.4566056593056061e+01	   1.6667483876136675e+01	   6.9005289828509504e+01	   5.6228262494452949e+01	   6.6586710346822613e+01	   6.6578191703195429e+01	   6.7818353874956998e+01	   6.2021034677594187e+01	   8.0822088659890010e+00	   1.5588872762340189e+01	   7.7955784556189602e+00	   1.0425724581787840e+01	   8.6373881796074699e+00	   7.1855706344930299e+00	
   3.7209179419067224e+00	   2.1511217559684721e+00	   1.3299873216885507e+01	   3.3988049933207101e+01	   1.9158390630666489e+01	   1.0234072966217587e+01	   2.0389431680712153e+01	   4.2458492766229064e+01	   6.2232056876992992e+01	   5.1008375305123622e+01	   6.2098942130809768e+01	   4.4073772133503766e+01	   6.5565045069687031e+01	   5.4037207225976282e+01	   4.6782949764832669e+00	   1.4016100231923541e+01	   1.1193646536065710e+01	   6.1905655917464486e+00	   1.1644170049191800e+01	   1.0091530991000983e+01	
   2.7818535057464135e+00	   2.8695009304712080e+00	   9.0444557804789287e+00	   3.1957861423281820e+01	   1.1565372779324518e+01	   2.3877591001850796e+01	   1.3415366140572454e+01	   1.2328104075093274e+01	   6.5160590541415615e+01	   3.7245258114659400e+01	   6.3621461429230926e+01	   3.0289634189656446e+01	   6.6270981197316701e+01	   5.5602431535221690e+01	   9.5911562757783120e+00	   1.4734921370942049e+01	   1.1401852051966436e+01	   6.3039769691864835e+00	   1.1905757832668231e+01	   7.1654348718699739e+00	
   3.1805615505234415e+00	   3.7242850296991152e+00	   1.6721150537236475e+01	   3.0859523720284166e+01	   1.2802799611147591e+01	   1.6430693603176724e+01	   8.9359345287131458e+00	   1.0717390707190059e+01	   7.1764208691537206e+01	   6.2143122598051754e+01	   6.9179064300297441e+01	   6.9563188368991305e+01	   6.8815492467183134e+01	   6.4379205477339639e+01	   9.7728048584311225e+00	   1.6187740579141906e+01	   7.9799767693950674e+00	   1.2321950911891756e+01	   6.7355499391953160e+00	   5.5879984246149004e+00	
   4.0412913010387745e+00	   3.9584980476966227e+00	   1.2578311124022385e+01	   3.7673293390039568e+01	   2.2391458103167167e+01	   2.7174892264635229e+01	   1.8293183225764309e+01	   2.8409094485168648e+01	   6.1687966246152556e+01	   4.6122172225481059e+01	   5.6759746720146616e+01	   5.0867613851834648e+01	   6.5450872238124731e+01	   5.9730383580873777e+01	   8.5138028614657735e+00	   1.3333930065885781e+01	   1.2259070316482845e+01	   4.2861807338189299e+00	   1.5548711964447682e+01	   9.8897884870503763e+00	
   2.8268743067673547e+00	   2.6552684085004010e+00	   1.0126527319880850e+01	   3.1841260712032994e+01	   1.1118039493760747e+01	   2.0466951257574230e+01	   1.4842861834302440e+01	   1.8727543037084924e+01	   6.4775591290073706e+01	   3.7113922089279313e+01	   6.3458384583683419e+01	   2.9905915453833423e+01	   6.6466195894916467e+01	   5.6458560556643462e+01	   8.9714847192865328e+00	   1.4660302218268534e+01	   1.0555305055075896e+01	   7.2324628824529764e+00	   1.1914955549470639e+01	   7.7516315772253837e+00	
   2.9490687619353451e+00	   2.6152152904640422e+00	   1.7454359851554724e+01	   2.7398199376182923e+01	   8.3755727957655619e+00	   1.3894663192538092e+01	   1.0311383288455628e+01	   2.0796434824543251e+01	   7.1986834140662054e+01	   6.7311734739647918e+01	   6.6167772507942246e+01	   6.9439487110626274e+01	   7.4376842365332109e+01	   6.3982636514680024e+01	   9.0573775038426216e+00	   1.7672147905475331e+01	   6.9889090889539922e+00	   1.2412918001446378e+01	   5.6412030272149885e+00	   8.2797212397671451e+00	
   4.3138363911626385e+00	   4.0566100494911348e+00	   1.3766516447927319e+01	   3.2981995421258652e+01	   2.6019148743590936e+01	   2.2535131558017689e+01	   1.2421416467072872e+01	   1.3293561470630859e+01	   6.0278846167588313e+01	   4.4699076693619318e+01	   5.5493206637748088e+01	   5.0983223122431561e+01	   3.7031566975587609e+01	   5.8252707164578631e+01	   5.8524498715499051e+00	   1.5861840212036121e+01	   1.1630406477887453e+01	   9.5560415731016572e+00	   7.7607822793286445e+00	   1.1057049761242315e+01	
   3.8594559717884183e+00	   3.3051689565866536e+00	   1.2739948176926577e+01	   3.2051055523922003e+01	   1.8143254245760140e+01	   9.0405858133742854e+00	   1.1297403870699975e+01	   1.7367019192450378e+01	   6.7678689127257002e+01	   5.7062064405628774e+01	   6.3860744834111522e+01	   6.4891984015024008e+01	   6.6520865299162949e+01	   5.9279504090553537e+01	   8.8540098258804534e+00	   1.3952607973423021e+01	   1.0653323298739121e+01	   8.1639254631632667e+00	   7.5264945477283032e+00	   7.5249494634650675e+00	
   3.7588508558856000e+00	   3.3156919216758065e+00	   1.3283358697104253e+01	   3.1805343673884668e+01	   1.7390196547254593e+01	   9.6519937026620539e+00	   1.1324694684495347e+01	   1.6649294203969628e+01	   6.8105338619224383e+01	   5.7723715645885711e+01	   6.4625834605582028e+01	   6.5438236722237733e+01	   6.6756663061186813e+01	   5.9859716767023549e+01	   8.9010688416880193e+00	   1.4228204436095176e+01	   1.0257756908291885e+01	   8.6502259403040522e+00	   7.4160031672903175e+00	   7.3488099217542731e+00	
