  -8.4090873796016611e+06	   4.9042897598148677e+06	
  -8.4090873796016611e+06	   4.9042897598148677e+06	
  -8.4090873796016611e+06	   4.9042897598148677e+06	
  -8.4090873796016611e+06	   4.9042897598148677e+06	
  -8.4090873796016611e+06	   4.9042897598148677e+06	
  -8.4090873796016611e+06	   4.9042897598148677e+06	
  -8.4090873796016611e+06	   4.9042897598148677e+06	
  -8.4090873796016611e+06	   4.9042897598148677e+06	
  -8.4090873796016611e+06	   4.9042897598148677e+06	
  -8.4090873796016611e+06	   4.9042897598148677e+06	
  -8.4090873796016611e+06	   4.9042897598148677e+06	
  -8.4090873796016611e+06	   4.9042897598148677e+06	
  -8.4090873796016611e+06	   4.9042897598148677e+06	
  -8.4090873796016611e+06	   4.9042897598148677e+06	
  -8.4090873796016611e+06	   4.9042897598148677e+06	
  -8.4090873796016611e+06	   4.9042897598148677e+06	
  -8.4090873796016611e+06	   4.9042897598148677e+06	
  -8.4090873796016611e+06	   4.9042897598148677e+06	
  -8.4090873796016611e+06	   4.9042897598148677e+06	
  -8.4090873796016611e+06	   4.9042897598148677e+06	
  -8.4090873796016611e+06	   4.9042897598148677e+06	
  -8.4090873796016611e+06	   4.9042897598148677e+06	
  -8.4090873796016611e+06	   4.9042897598148677e+06	
  -8.4090873796016611e+06	   4.9042897598148677e+06	
  -8.4090873796016611e+06	   4.9042897598148677e+06	
  -8.4090873796016611e+06	   4.9042897598148677e+06	
  -8.4090873796016611e+06	   4.9042897598148677e+06	
  -8.4090873796016611e+06	   4.9042897598148677e+06	
  -8.4090873796016611e+06	   4.9042897598148677e+06	
  -8.4090873796016611e+06	   4.9042897598148677e+06	
  -8.4090873796016611e+06	   4.9042897598148677e+06	
  -8.4090873796016611e+06	   4.9042897598148677e+06	
  -8.4090873796016611e+06	   4.9042897598148677e+06	
  -8.4090873796016611e+06	   4.9042897598148677e+06	
  -8.4090873796016611e+06	   4.9042897598148677e+06	
  -8.4090873796016611e+06	   4.9042897598148677e+06	
