   1.3605816524027599e+01	   7.6324614574815632e+02	   0.0000000000000000e+00	   7.3816623462786197e+01	   7.1711003291381576e+03	   1.6675564455784905e+02	   4.6706675309528958e+02	  -2.2524283668338443e+00	   1.5841596815461334e+00	  -1.5343161903215503e+01	   2.9445649964539240e+02	   4.0798741610391538e+00	  -5.7287151782635647e+01	  -1.8623590914927462e+01	   9.1803850377390397e+00	  -2.2117324281943830e+01	   3.3481376668410606e-01	  -2.7048400059924148e+01	  -9.6965770689283033e+02	  -7.5560446053340451e+00	
   1.3605816524027599e+01	   7.6324614574815632e+02	   0.0000000000000000e+00	   7.3816623462786197e+01	   7.1711003291381576e+03	   1.6675564455784905e+02	   4.6706675309528958e+02	  -2.2524283668338443e+00	   1.5841596815461334e+00	  -1.5343161903215503e+01	   2.9445649964539240e+02	   4.0798741610391538e+00	  -5.7287151782635647e+01	  -1.8623590914927462e+01	   9.1803850377390397e+00	  -2.2117324281943830e+01	   3.3481376668410606e-01	  -2.7048400059924148e+01	  -9.6965770689283033e+02	  -7.5560446053340451e+00	
   1.3605816524027599e+01	   7.6324614574815632e+02	   0.0000000000000000e+00	   7.3816623462786197e+01	   7.1711003291381576e+03	   1.6675564455784905e+02	   4.6706675309528958e+02	  -2.2524283668338443e+00	   1.5841596815461334e+00	  -1.5343161903215503e+01	   2.9445649964539240e+02	   4.0798741610391538e+00	  -5.7287151782635647e+01	  -1.8623590914927462e+01	   9.1803850377390397e+00	  -2.2117324281943830e+01	   3.3481376668410606e-01	  -2.7048400059924148e+01	  -9.6965770689283033e+02	  -7.5560446053340451e+00	
   1.3605816524027599e+01	   7.6324614574815632e+02	   0.0000000000000000e+00	   7.3816623462786197e+01	   7.1711003291381576e+03	   1.6675564455784905e+02	   4.6706675309528958e+02	  -2.2524283668338443e+00	   1.5841596815461334e+00	  -1.5343161903215503e+01	   2.9445649964539240e+02	   4.0798741610391538e+00	  -5.7287151782635647e+01	  -1.8623590914927462e+01	   9.1803850377390397e+00	  -2.2117324281943830e+01	   3.3481376668410606e-01	  -2.7048400059924148e+01	  -9.6965770689283033e+02	  -7.5560446053340451e+00	
   1.3605816524027599e+01	   7.6324614574815632e+02	   0.0000000000000000e+00	   7.3816623462786197e+01	   7.1711003291381576e+03	   1.6675564455784905e+02	   4.6706675309528958e+02	  -2.2524283668338443e+00	   1.5841596815461334e+00	  -1.5343161903215503e+01	   2.9445649964539240e+02	   4.0798741610391538e+00	  -5.7287151782635647e+01	  -1.8623590914927462e+01	   9.1803850377390397e+00	  -2.2117324281943830e+01	   3.3481376668410606e-01	  -2.7048400059924148e+01	  -9.6965770689283033e+02	  -7.5560446053340451e+00	
   1.3605816524027599e+01	   7.6324614574815632e+02	   0.0000000000000000e+00	   7.3816623462786197e+01	   7.1711003291381576e+03	   1.6675564455784905e+02	   4.6706675309528958e+02	  -2.2524283668338443e+00	   1.5841596815461334e+00	  -1.5343161903215503e+01	   2.9445649964539240e+02	   4.0798741610391538e+00	  -5.7287151782635647e+01	  -1.8623590914927462e+01	   9.1803850377390397e+00	  -2.2117324281943830e+01	   3.3481376668410606e-01	  -2.7048400059924148e+01	  -9.6965770689283033e+02	  -7.5560446053340451e+00	
   1.3605816524027599e+01	   7.6324614574815632e+02	   0.0000000000000000e+00	   7.3816623462786197e+01	   7.1711003291381576e+03	   1.6675564455784905e+02	   4.6706675309528958e+02	  -2.2524283668338443e+00	   1.5841596815461334e+00	  -1.5343161903215503e+01	   2.9445649964539240e+02	   4.0798741610391538e+00	  -5.7287151782635647e+01	  -1.8623590914927462e+01	   9.1803850377390397e+00	  -2.2117324281943830e+01	   3.3481376668410606e-01	  -2.7048400059924148e+01	  -9.6965770689283033e+02	  -7.5560446053340451e+00	
   1.3605816524027599e+01	   7.6324614574815632e+02	   0.0000000000000000e+00	   7.3816623462786197e+01	   7.1711003291381576e+03	   1.6675564455784905e+02	   4.6706675309528958e+02	  -2.2524283668338443e+00	   1.5841596815461334e+00	  -1.5343161903215503e+01	   2.9445649964539240e+02	   4.0798741610391538e+00	  -5.7287151782635647e+01	  -1.8623590914927462e+01	   9.1803850377390397e+00	  -2.2117324281943830e+01	   3.3481376668410606e-01	  -2.7048400059924148e+01	  -9.6965770689283033e+02	  -7.5560446053340451e+00	
   1.3605816524027599e+01	   7.6324614574815632e+02	   0.0000000000000000e+00	   7.3816623462786197e+01	   7.1711003291381576e+03	   1.6675564455784905e+02	   4.6706675309528958e+02	  -2.2524283668338443e+00	   1.5841596815461334e+00	  -1.5343161903215503e+01	   2.9445649964539240e+02	   4.0798741610391538e+00	  -5.7287151782635647e+01	  -1.8623590914927462e+01	   9.1803850377390397e+00	  -2.2117324281943830e+01	   3.3481376668410606e-01	  -2.7048400059924148e+01	  -9.6965770689283033e+02	  -7.5560446053340451e+00	
   1.3605816524027599e+01	   7.6324614574815632e+02	   0.0000000000000000e+00	   7.3816623462786197e+01	   7.1711003291381576e+03	   1.6675564455784905e+02	   4.6706675309528958e+02	  -2.2524283668338443e+00	   1.5841596815461334e+00	  -1.5343161903215503e+01	   2.9445649964539240e+02	   4.0798741610391538e+00	  -5.7287151782635647e+01	  -1.8623590914927462e+01	   9.1803850377390397e+00	  -2.2117324281943830e+01	   3.3481376668410606e-01	  -2.7048400059924148e+01	  -9.6965770689283033e+02	  -7.5560446053340451e+00	
   1.3605816524027599e+01	   7.6324614574815632e+02	   0.0000000000000000e+00	   7.3816623462786197e+01	   7.1711003291381576e+03	   1.6675564455784905e+02	   4.6706675309528958e+02	  -2.2524283668338443e+00	   1.5841596815461334e+00	  -1.5343161903215503e+01	   2.9445649964539240e+02	   4.0798741610391538e+00	  -5.7287151782635647e+01	  -1.8623590914927462e+01	   9.1803850377390397e+00	  -2.2117324281943830e+01	   3.3481376668410606e-01	  -2.7048400059924148e+01	  -9.6965770689283033e+02	  -7.5560446053340451e+00	
   1.3605816524027599e+01	   7.6324614574815632e+02	   0.0000000000000000e+00	   7.3816623462786197e+01	   7.1711003291381576e+03	   1.6675564455784905e+02	   4.6706675309528958e+02	  -2.2524283668338443e+00	   1.5841596815461334e+00	  -1.5343161903215503e+01	   2.9445649964539240e+02	   4.0798741610391538e+00	  -5.7287151782635647e+01	  -1.8623590914927462e+01	   9.1803850377390397e+00	  -2.2117324281943830e+01	   3.3481376668410606e-01	  -2.7048400059924148e+01	  -9.6965770689283033e+02	  -7.5560446053340451e+00	
   1.3605816524027599e+01	   7.6324614574815632e+02	   0.0000000000000000e+00	   7.3816623462786197e+01	   7.1711003291381576e+03	   1.6675564455784905e+02	   4.6706675309528958e+02	  -2.2524283668338443e+00	   1.5841596815461334e+00	  -1.5343161903215503e+01	   2.9445649964539240e+02	   4.0798741610391538e+00	  -5.7287151782635647e+01	  -1.8623590914927462e+01	   9.1803850377390397e+00	  -2.2117324281943830e+01	   3.3481376668410606e-01	  -2.7048400059924148e+01	  -9.6965770689283033e+02	  -7.5560446053340451e+00	
   1.3605816524027599e+01	   7.6324614574815632e+02	   0.0000000000000000e+00	   7.3816623462786197e+01	   7.1711003291381576e+03	   1.6675564455784905e+02	   4.6706675309528958e+02	  -2.2524283668338443e+00	   1.5841596815461334e+00	  -1.5343161903215503e+01	   2.9445649964539240e+02	   4.0798741610391538e+00	  -5.7287151782635647e+01	  -1.8623590914927462e+01	   9.1803850377390397e+00	  -2.2117324281943830e+01	   3.3481376668410606e-01	  -2.7048400059924148e+01	  -9.6965770689283033e+02	  -7.5560446053340451e+00	
   1.3605816524027599e+01	   7.6324614574815632e+02	   0.0000000000000000e+00	   7.3816623462786197e+01	   7.1711003291381576e+03	   1.6675564455784905e+02	   4.6706675309528958e+02	  -2.2524283668338443e+00	   1.5841596815461334e+00	  -1.5343161903215503e+01	   2.9445649964539240e+02	   4.0798741610391538e+00	  -5.7287151782635647e+01	  -1.8623590914927462e+01	   9.1803850377390397e+00	  -2.2117324281943830e+01	   3.3481376668410606e-01	  -2.7048400059924148e+01	  -9.6965770689283033e+02	  -7.5560446053340451e+00	
   1.3605816524027599e+01	   7.6324614574815632e+02	   0.0000000000000000e+00	   7.3816623462786197e+01	   7.1711003291381576e+03	   1.6675564455784905e+02	   4.6706675309528958e+02	  -2.2524283668338443e+00	   1.5841596815461334e+00	  -1.5343161903215503e+01	   2.9445649964539240e+02	   4.0798741610391538e+00	  -5.7287151782635647e+01	  -1.8623590914927462e+01	   9.1803850377390397e+00	  -2.2117324281943830e+01	   3.3481376668410606e-01	  -2.7048400059924148e+01	  -9.6965770689283033e+02	  -7.5560446053340451e+00	
   1.3605816524027599e+01	   7.6324614574815632e+02	   0.0000000000000000e+00	   7.3816623462786197e+01	   7.1711003291381576e+03	   1.6675564455784905e+02	   4.6706675309528958e+02	  -2.2524283668338443e+00	   1.5841596815461334e+00	  -1.5343161903215503e+01	   2.9445649964539240e+02	   4.0798741610391538e+00	  -5.7287151782635647e+01	  -1.8623590914927462e+01	   9.1803850377390397e+00	  -2.2117324281943830e+01	   3.3481376668410606e-01	  -2.7048400059924148e+01	  -9.6965770689283033e+02	  -7.5560446053340451e+00	
   1.3605816524027599e+01	   7.6324614574815632e+02	   0.0000000000000000e+00	   7.3816623462786197e+01	   7.1711003291381576e+03	   1.6675564455784905e+02	   4.6706675309528958e+02	  -2.2524283668338443e+00	   1.5841596815461334e+00	  -1.5343161903215503e+01	   2.9445649964539240e+02	   4.0798741610391538e+00	  -5.7287151782635647e+01	  -1.8623590914927462e+01	   9.1803850377390397e+00	  -2.2117324281943830e+01	   3.3481376668410606e-01	  -2.7048400059924148e+01	  -9.6965770689283033e+02	  -7.5560446053340451e+00	
   1.3605816524027599e+01	   7.6324614574815632e+02	   0.0000000000000000e+00	   7.3816623462786197e+01	   7.1711003291381576e+03	   1.6675564455784905e+02	   4.6706675309528958e+02	  -2.2524283668338443e+00	   1.5841596815461334e+00	  -1.5343161903215503e+01	   2.9445649964539240e+02	   4.0798741610391538e+00	  -5.7287151782635647e+01	  -1.8623590914927462e+01	   9.1803850377390397e+00	  -2.2117324281943830e+01	   3.3481376668410606e-01	  -2.7048400059924148e+01	  -9.6965770689283033e+02	  -7.5560446053340451e+00	
   1.3605816524027599e+01	   7.6324614574815632e+02	   0.0000000000000000e+00	   7.3816623462786197e+01	   7.1711003291381576e+03	   1.6675564455784905e+02	   4.6706675309528958e+02	  -2.2524283668338443e+00	   1.5841596815461334e+00	  -1.5343161903215503e+01	   2.9445649964539240e+02	   4.0798741610391538e+00	  -5.7287151782635647e+01	  -1.8623590914927462e+01	   9.1803850377390397e+00	  -2.2117324281943830e+01	   3.3481376668410606e-01	  -2.7048400059924148e+01	  -9.6965770689283033e+02	  -7.5560446053340451e+00	
   1.3605816524027599e+01	   7.6324614574815632e+02	   0.0000000000000000e+00	   7.3816623462786197e+01	   7.1711003291381576e+03	   1.6675564455784905e+02	   4.6706675309528958e+02	  -2.2524283668338443e+00	   1.5841596815461334e+00	  -1.5343161903215503e+01	   2.9445649964539240e+02	   4.0798741610391538e+00	  -5.7287151782635647e+01	  -1.8623590914927462e+01	   9.1803850377390397e+00	  -2.2117324281943830e+01	   3.3481376668410606e-01	  -2.7048400059924148e+01	  -9.6965770689283033e+02	  -7.5560446053340451e+00	
   1.3605816524027599e+01	   7.6324614574815632e+02	   0.0000000000000000e+00	   7.3816623462786197e+01	   7.1711003291381576e+03	   1.6675564455784905e+02	   4.6706675309528958e+02	  -2.2524283668338443e+00	   1.5841596815461334e+00	  -1.5343161903215503e+01	   2.9445649964539240e+02	   4.0798741610391538e+00	  -5.7287151782635647e+01	  -1.8623590914927462e+01	   9.1803850377390397e+00	  -2.2117324281943830e+01	   3.3481376668410606e-01	  -2.7048400059924148e+01	  -9.6965770689283033e+02	  -7.5560446053340451e+00	
   1.3605816524027599e+01	   7.6324614574815632e+02	   0.0000000000000000e+00	   7.3816623462786197e+01	   7.1711003291381576e+03	   1.6675564455784905e+02	   4.6706675309528958e+02	  -2.2524283668338443e+00	   1.5841596815461334e+00	  -1.5343161903215503e+01	   2.9445649964539240e+02	   4.0798741610391538e+00	  -5.7287151782635647e+01	  -1.8623590914927462e+01	   9.1803850377390397e+00	  -2.2117324281943830e+01	   3.3481376668410606e-01	  -2.7048400059924148e+01	  -9.6965770689283033e+02	  -7.5560446053340451e+00	
   1.3605816524027599e+01	   7.6324614574815632e+02	   0.0000000000000000e+00	   7.3816623462786197e+01	   7.1711003291381576e+03	   1.6675564455784905e+02	   4.6706675309528958e+02	  -2.2524283668338443e+00	   1.5841596815461334e+00	  -1.5343161903215503e+01	   2.9445649964539240e+02	   4.0798741610391538e+00	  -5.7287151782635647e+01	  -1.8623590914927462e+01	   9.1803850377390397e+00	  -2.2117324281943830e+01	   3.3481376668410606e-01	  -2.7048400059924148e+01	  -9.6965770689283033e+02	  -7.5560446053340451e+00	
   1.3605816524027599e+01	   7.6324614574815632e+02	   0.0000000000000000e+00	   7.3816623462786197e+01	   7.1711003291381576e+03	   1.6675564455784905e+02	   4.6706675309528958e+02	  -2.2524283668338443e+00	   1.5841596815461334e+00	  -1.5343161903215503e+01	   2.9445649964539240e+02	   4.0798741610391538e+00	  -5.7287151782635647e+01	  -1.8623590914927462e+01	   9.1803850377390397e+00	  -2.2117324281943830e+01	   3.3481376668410606e-01	  -2.7048400059924148e+01	  -9.6965770689283033e+02	  -7.5560446053340451e+00	
   1.3605816524027599e+01	   7.6324614574815632e+02	   0.0000000000000000e+00	   7.3816623462786197e+01	   7.1711003291381576e+03	   1.6675564455784905e+02	   4.6706675309528958e+02	  -2.2524283668338443e+00	   1.5841596815461334e+00	  -1.5343161903215503e+01	   2.9445649964539240e+02	   4.0798741610391538e+00	  -5.7287151782635647e+01	  -1.8623590914927462e+01	   9.1803850377390397e+00	  -2.2117324281943830e+01	   3.3481376668410606e-01	  -2.7048400059924148e+01	  -9.6965770689283033e+02	  -7.5560446053340451e+00	
   1.3605816524027599e+01	   7.6324614574815632e+02	   0.0000000000000000e+00	   7.3816623462786197e+01	   7.1711003291381576e+03	   1.6675564455784905e+02	   4.6706675309528958e+02	  -2.2524283668338443e+00	   1.5841596815461334e+00	  -1.5343161903215503e+01	   2.9445649964539240e+02	   4.0798741610391538e+00	  -5.7287151782635647e+01	  -1.8623590914927462e+01	   9.1803850377390397e+00	  -2.2117324281943830e+01	   3.3481376668410606e-01	  -2.7048400059924148e+01	  -9.6965770689283033e+02	  -7.5560446053340451e+00	
   1.3605816524027599e+01	   7.6324614574815632e+02	   0.0000000000000000e+00	   7.3816623462786197e+01	   7.1711003291381576e+03	   1.6675564455784905e+02	   4.6706675309528958e+02	  -2.2524283668338443e+00	   1.5841596815461334e+00	  -1.5343161903215503e+01	   2.9445649964539240e+02	   4.0798741610391538e+00	  -5.7287151782635647e+01	  -1.8623590914927462e+01	   9.1803850377390397e+00	  -2.2117324281943830e+01	   3.3481376668410606e-01	  -2.7048400059924148e+01	  -9.6965770689283033e+02	  -7.5560446053340451e+00	
   1.3605816524027599e+01	   7.6324614574815632e+02	   0.0000000000000000e+00	   7.3816623462786197e+01	   7.1711003291381576e+03	   1.6675564455784905e+02	   4.6706675309528958e+02	  -2.2524283668338443e+00	   1.5841596815461334e+00	  -1.5343161903215503e+01	   2.9445649964539240e+02	   4.0798741610391538e+00	  -5.7287151782635647e+01	  -1.8623590914927462e+01	   9.1803850377390397e+00	  -2.2117324281943830e+01	   3.3481376668410606e-01	  -2.7048400059924148e+01	  -9.6965770689283033e+02	  -7.5560446053340451e+00	
   1.3605816524027599e+01	   7.6324614574815632e+02	   0.0000000000000000e+00	   7.3816623462786197e+01	   7.1711003291381576e+03	   1.6675564455784905e+02	   4.6706675309528958e+02	  -2.2524283668338443e+00	   1.5841596815461334e+00	  -1.5343161903215503e+01	   2.9445649964539240e+02	   4.0798741610391538e+00	  -5.7287151782635647e+01	  -1.8623590914927462e+01	   9.1803850377390397e+00	  -2.2117324281943830e+01	   3.3481376668410606e-01	  -2.7048400059924148e+01	  -9.6965770689283033e+02	  -7.5560446053340451e+00	
   1.3605816524027599e+01	   7.6324614574815632e+02	   0.0000000000000000e+00	   7.3816623462786197e+01	   7.1711003291381576e+03	   1.6675564455784905e+02	   4.6706675309528958e+02	  -2.2524283668338443e+00	   1.5841596815461334e+00	  -1.5343161903215503e+01	   2.9445649964539240e+02	   4.0798741610391538e+00	  -5.7287151782635647e+01	  -1.8623590914927462e+01	   9.1803850377390397e+00	  -2.2117324281943830e+01	   3.3481376668410606e-01	  -2.7048400059924148e+01	  -9.6965770689283033e+02	  -7.5560446053340451e+00	
   1.3605816524027599e+01	   7.6324614574815632e+02	   0.0000000000000000e+00	   7.3816623462786197e+01	   7.1711003291381576e+03	   1.6675564455784905e+02	   4.6706675309528958e+02	  -2.2524283668338443e+00	   1.5841596815461334e+00	  -1.5343161903215503e+01	   2.9445649964539240e+02	   4.0798741610391538e+00	  -5.7287151782635647e+01	  -1.8623590914927462e+01	   9.1803850377390397e+00	  -2.2117324281943830e+01	   3.3481376668410606e-01	  -2.7048400059924148e+01	  -9.6965770689283033e+02	  -7.5560446053340451e+00	
   1.3605816524027599e+01	   7.6324614574815632e+02	   0.0000000000000000e+00	   7.3816623462786197e+01	   7.1711003291381576e+03	   1.6675564455784905e+02	   4.6706675309528958e+02	  -2.2524283668338443e+00	   1.5841596815461334e+00	  -1.5343161903215503e+01	   2.9445649964539240e+02	   4.0798741610391538e+00	  -5.7287151782635647e+01	  -1.8623590914927462e+01	   9.1803850377390397e+00	  -2.2117324281943830e+01	   3.3481376668410606e-01	  -2.7048400059924148e+01	  -9.6965770689283033e+02	  -7.5560446053340451e+00	
   1.3605816524027599e+01	   7.6324614574815632e+02	   0.0000000000000000e+00	   7.3816623462786197e+01	   7.1711003291381576e+03	   1.6675564455784905e+02	   4.6706675309528958e+02	  -2.2524283668338443e+00	   1.5841596815461334e+00	  -1.5343161903215503e+01	   2.9445649964539240e+02	   4.0798741610391538e+00	  -5.7287151782635647e+01	  -1.8623590914927462e+01	   9.1803850377390397e+00	  -2.2117324281943830e+01	   3.3481376668410606e-01	  -2.7048400059924148e+01	  -9.6965770689283033e+02	  -7.5560446053340451e+00	
   1.3605816524027599e+01	   7.6324614574815632e+02	   0.0000000000000000e+00	   7.3816623462786197e+01	   7.1711003291381576e+03	   1.6675564455784905e+02	   4.6706675309528958e+02	  -2.2524283668338443e+00	   1.5841596815461334e+00	  -1.5343161903215503e+01	   2.9445649964539240e+02	   4.0798741610391538e+00	  -5.7287151782635647e+01	  -1.8623590914927462e+01	   9.1803850377390397e+00	  -2.2117324281943830e+01	   3.3481376668410606e-01	  -2.7048400059924148e+01	  -9.6965770689283033e+02	  -7.5560446053340451e+00	
   1.3605816524027599e+01	   7.6324614574815632e+02	   0.0000000000000000e+00	   7.3816623462786197e+01	   7.1711003291381576e+03	   1.6675564455784905e+02	   4.6706675309528958e+02	  -2.2524283668338443e+00	   1.5841596815461334e+00	  -1.5343161903215503e+01	   2.9445649964539240e+02	   4.0798741610391538e+00	  -5.7287151782635647e+01	  -1.8623590914927462e+01	   9.1803850377390397e+00	  -2.2117324281943830e+01	   3.3481376668410606e-01	  -2.7048400059924148e+01	  -9.6965770689283033e+02	  -7.5560446053340451e+00	
