   2.4999999230542951e+01	   4.0513285038469289e+03	   0.0000000000000000e+00	   3.5463070799621087e+03	   1.9871124150595806e+03	   1.0000000000000000e+03	   1.0003600408124611e+03	   4.4219253188977142e+01	   4.8674966207600150e+01	   5.4322844321910068e+01	   5.2656959589138737e+01	   5.2826605316698071e+01	   4.8384364633104624e+01	   6.9569941996393055e+01	   6.7070806589644349e+01	   7.4824308965756742e+01	   7.0949731763608142e+01	   6.8276463121769552e+01	   6.2244519028693041e+01	   1.7126170650418345e+01	
   2.4999999259446408e+01	   4.0513285038469289e+03	   0.0000000000000000e+00	   3.5463070799621059e+03	   1.9871124148372187e+03	   1.0000000000000000e+03	   1.0003600408121829e+03	   4.4217587549146486e+01	   5.1149633678496137e+01	   5.4322844321894046e+01	   5.2656959589138737e+01	   5.2826605316698071e+01	   4.8609592079816913e+01	   6.9569941996166179e+01	   6.7234129332864029e+01	   7.4824308965767088e+01	   7.0949731763608142e+01	   6.8276463121795132e+01	   6.4802803068725282e+01	   1.7126170650418345e+01	
   2.4999999162128098e+01	   4.0513285038462350e+03	   0.0000000000000000e+00	   3.5463070799623265e+03	   1.9871124150509479e+03	   1.0000000000000000e+03	   1.0003600408133927e+03	   4.4200648916657073e+01	   4.5017152020775541e+01	   5.4322844322166986e+01	   5.0477828620960089e+01	   5.2826605316698071e+01	   5.1448116249943610e+01	   6.9569941996451718e+01	   6.5901705379379678e+01	   7.4824308965772872e+01	   6.3781552301327494e+01	   6.8276463121668883e+01	   6.4168908733589376e+01	   1.7126170650420946e+01	
   2.4999999259446408e+01	   4.0513285038469289e+03	   0.0000000000000000e+00	   3.5463070799621059e+03	   1.9871124148372187e+03	   1.0000000000000000e+03	   1.0003600408121829e+03	   4.4217587549146486e+01	   5.1149633678496137e+01	   5.4322844321894046e+01	   5.2656959589138737e+01	   5.2826605316698071e+01	   4.8609592079816913e+01	   6.9569941996166179e+01	   6.7234129332864029e+01	   7.4824308965767088e+01	   7.0949731763608142e+01	   6.8276463121795132e+01	   6.4802803068725282e+01	   1.7126170650418345e+01	
   2.4999999259131432e+01	   4.0513285038468493e+03	   0.0000000000000000e+00	   3.5463070799621287e+03	   1.9871124152824962e+03	   1.0000000000000000e+03	   1.0003600408163076e+03	   4.4213260201899956e+01	   5.1005562266088802e+01	   5.4322844321798264e+01	   5.2656959589138737e+01	   5.2826605316698071e+01	   4.8609592079816913e+01	   6.9569941996332503e+01	   6.7234129332864029e+01	   7.4824308965947750e+01	   7.0949731763608142e+01	   6.8276463121781134e+01	   6.3377490894626298e+01	   1.7126170650415819e+01	
   2.4999999272914430e+01	   4.0513285038470126e+03	   0.0000000000000000e+00	   3.5463070799621410e+03	   1.9871124152938557e+03	   1.0000000000000000e+03	   1.0003600408112005e+03	   4.4250185276131319e+01	   4.8241809610163166e+01	   5.4322844322250120e+01	   5.1316832029374240e+01	   5.2826605316698071e+01	   5.0209949993622367e+01	   6.9569941995996487e+01	   6.7034072584555489e+01	   7.4824308965729642e+01	   6.5843571995713489e+01	   6.8276463121764792e+01	   6.7164269983280022e+01	   1.7126170650421592e+01	
   2.4999999259446408e+01	   4.0513285038468493e+03	   0.0000000000000000e+00	   3.5463070799621287e+03	   1.9871124148372187e+03	   1.0000000000000000e+03	   1.0003600408121829e+03	   4.4217587549146486e+01	   5.1149633678496137e+01	   5.4322844321894046e+01	   5.2656959589138737e+01	   5.2826605316698071e+01	   4.8609592079816913e+01	   6.9569941996166179e+01	   6.7234129332864029e+01	   7.4824308965767088e+01	   7.0764878470945860e+01	   6.8276463121781134e+01	   6.1676162376508834e+01	   1.7126170650416434e+01	
   2.4999999266837282e+01	   4.0513285038468493e+03	   0.0000000000000000e+00	   3.5463070799621287e+03	   1.9871124148509550e+03	   1.0000000000000000e+03	   1.0003600408121829e+03	   4.4217587549146486e+01	   5.1005562266088802e+01	   5.4322844321894046e+01	   5.2656959589138737e+01	   5.2826605316698071e+01	   4.8609592079816913e+01	   6.9569941996033194e+01	   6.7234129332864029e+01	   7.4824308965771976e+01	   7.0949731763608142e+01	   6.8276463121781134e+01	   6.3117780911174066e+01	   1.7126170650418711e+01	
   2.4999999266379788e+01	   4.0513285038468775e+03	   0.0000000000000000e+00	   3.5463070799621250e+03	   1.9871124152824962e+03	   1.0000000000000000e+03	   1.0003600408123904e+03	   4.4213260201899956e+01	   5.1005562266088802e+01	   5.4322844321798264e+01	   5.3127076543903463e+01	   5.2826605316698071e+01	   4.8670687171286019e+01	   6.9569941996407906e+01	   6.7540283411804651e+01	   7.4824308965947750e+01	   7.0949731763608142e+01	   6.8276463121781006e+01	   6.3377490894626298e+01	   1.7126170650419343e+01	
   2.4999999275967465e+01	   4.0513285038468239e+03	   0.0000000000000000e+00	   3.5463070799621319e+03	   1.9871124148313686e+03	   1.0000000000000000e+03	   1.0003600408111306e+03	   4.4216334684239726e+01	   5.2427250346311638e+01	   5.4322844321834296e+01	   5.2736466424237740e+01	   5.2826605316698071e+01	   5.0003182442109612e+01	   6.9569941997443408e+01	   6.9483695059514687e+01	   7.4824308965991008e+01	   7.0184685163166648e+01	   6.8276463121782143e+01	   6.5935078255987790e+01	   1.7126170650411872e+01	
   2.4999999260183611e+01	   4.0513285038472859e+03	   0.0000000000000000e+00	   3.5463070799621155e+03	   1.9871124148038250e+03	   1.0000000000000000e+03	   1.0003600408118742e+03	   4.4217857660090608e+01	   4.9393748139278401e+01	   5.4322844321824284e+01	   5.2829314048842178e+01	   5.2826605316698071e+01	   4.4145825630148941e+01	   6.9569941992815828e+01	   6.7746913023168688e+01	   7.4824308964976922e+01	   7.2646003106091428e+01	   6.8276463121780594e+01	   6.6265045967505472e+01	   1.7126170650436297e+01	
   2.4999999182706059e+01	   4.0513285038468853e+03	   0.0000000000000000e+00	   3.5463070799620500e+03	   1.9871124146013069e+03	   1.0000000000000000e+03	   1.0003600408117530e+03	   4.4223137467535487e+01	   5.0608581249514486e+01	   5.4322844321876559e+01	   5.1453323270570607e+01	   5.2826605316698071e+01	   4.8300728646409425e+01	   6.9569941996389900e+01	   6.7886991839569433e+01	   7.4824308965858762e+01	   7.1846808396936453e+01	   6.8276463121744939e+01	   6.6668097318492258e+01	   1.7126170650421248e+01	
   2.4999999266837282e+01	   4.0513285038468493e+03	   0.0000000000000000e+00	   3.5463070799621287e+03	   1.9871124148509550e+03	   1.0000000000000000e+03	   1.0003600408121829e+03	   4.4217587549146486e+01	   5.1005562266088802e+01	   5.4322844321894046e+01	   5.2656959589138737e+01	   5.2826605316698071e+01	   4.8609592079816913e+01	   6.9569941996033194e+01	   6.7234129332864029e+01	   7.4824308965771976e+01	   7.0949731763608142e+01	   6.8276463121781134e+01	   6.3117780911174066e+01	   1.7126170650418711e+01	
   2.4999999267170352e+01	   4.0513285038463137e+03	   0.0000000000000000e+00	   3.5463070799621287e+03	   1.9871124150185206e+03	   1.0000000000000000e+03	   1.0003600408121829e+03	   4.4218480481683123e+01	   5.1005562266088802e+01	   5.4322844321903318e+01	   5.3155800446837297e+01	   5.2826605316698071e+01	   4.8878693975580283e+01	   6.9569941996318676e+01	   6.7259015029549090e+01	   7.4824308965670298e+01	   7.0949731763608142e+01	   6.8276463121781134e+01	   7.0742384403652125e+01	   1.7126170650416434e+01	
   2.4999999266837282e+01	   4.0513285038468493e+03	   0.0000000000000000e+00	   3.5463070799621059e+03	   1.9871124147156577e+03	   1.0000000000000000e+03	   1.0003600408121829e+03	   4.4217587549146486e+01	   5.1005562266088802e+01	   5.4322844321894046e+01	   5.2656959589138737e+01	   5.2826605316698071e+01	   4.8278562720936840e+01	   6.9569941996166179e+01	   6.7234129332864029e+01	   7.4824308965759002e+01	   7.1205542827643782e+01	   6.8276463121781134e+01	   6.4802803068725282e+01	   1.7126170650418711e+01	
   2.4999999220169592e+01	   4.0513285038483214e+03	   0.0000000000000000e+00	   3.5463070799606489e+03	   1.9871124152578982e+03	   1.0000000000000000e+03	   1.0003600408113732e+03	   4.4230264901337485e+01	   4.0874637349660532e+01	   5.4322844321833969e+01	   5.3477702322464175e+01	   5.2826605316698071e+01	   4.5438133312479458e+01	   6.9569941996413007e+01	   6.7151349949744386e+01	   7.4824308965682945e+01	   7.9153281853374153e+01	   6.8276463121980811e+01	   6.3950950325149591e+01	   1.7126170650449822e+01	
   2.4999999271302560e+01	   4.0513285038457807e+03	   0.0000000000000000e+00	   3.5463070799623206e+03	   1.9871124149747966e+03	   1.0000000000000000e+03	   1.0003600408122580e+03	   4.4229519581428534e+01	   5.6015584213088609e+01	   5.4322844321885391e+01	   5.5628063456434205e+01	   5.2826605316698071e+01	   4.3715939163340224e+01	   6.9569941995502134e+01	   6.6627306838200937e+01	   7.4824308965656229e+01	   7.1990848436816520e+01	   6.8276463121780196e+01	   6.0641209368814330e+01	   1.7126170650414913e+01	
   2.4999999266837282e+01	   4.0513285038468493e+03	   0.0000000000000000e+00	   3.5463070799621059e+03	   1.9871124147156577e+03	   1.0000000000000000e+03	   1.0003600408121829e+03	   4.4217587549146486e+01	   5.1005562266088802e+01	   5.4322844321894046e+01	   5.2656959589138737e+01	   5.2826605316698071e+01	   4.8278562720936840e+01	   6.9569941996166179e+01	   6.7234129332864029e+01	   7.4824308965759002e+01	   7.1205542827643782e+01	   6.8276463121781134e+01	   6.4802803068725282e+01	   1.7126170650418711e+01	
   2.4999999248090898e+01	   4.0513285038467934e+03	   0.0000000000000000e+00	   3.5463070799621792e+03	   1.9871124148734043e+03	   1.0000000000000000e+03	   1.0003600408121742e+03	   4.4207985600725721e+01	   5.1576930298445689e+01	   5.4322844321806194e+01	   5.1889477566516007e+01	   5.2826605316698071e+01	   4.7843465410662702e+01	   6.9569941995868462e+01	   6.7421055520323605e+01	   7.4824308965669942e+01	   7.1559517126743586e+01	   6.8276463121775990e+01	   6.8168441889183811e+01	   1.7126170650412636e+01	
   2.4999999156330365e+01	   4.0513285038459799e+03	   0.0000000000000000e+00	   3.5463070799623820e+03	   1.9871124150855169e+03	   1.0000000000000000e+03	   1.0003600408134170e+03	   4.4208339401491507e+01	   4.5086618864629401e+01	   5.4322844322117085e+01	   5.0791449112260793e+01	   5.2826605316698071e+01	   4.9955065759377497e+01	   6.9569941996402221e+01	   6.5557016525950843e+01	   7.4824308965737927e+01	   6.4735036605047398e+01	   6.8276463121668513e+01	   6.3391913060925539e+01	   1.7126170650420971e+01	
   2.4999999261010288e+01	   4.0513285038465006e+03	   0.0000000000000000e+00	   3.5463070799619850e+03	   1.9871124146516174e+03	   1.0000000000000000e+03	   1.0003600408118066e+03	   4.4223107191529287e+01	   5.0671834884769424e+01	   5.4322844321906473e+01	   5.2082090679691348e+01	   5.2826605316698071e+01	   4.8430037611674777e+01	   6.9569941995782287e+01	   6.7622860324326467e+01	   7.4824308965602370e+01	   7.2533519442519690e+01	   6.8276463121751078e+01	   6.8541211142493225e+01	   1.7126170650427333e+01	
   2.4999999266837282e+01	   4.0513285038468493e+03	   0.0000000000000000e+00	   3.5463070799621287e+03	   1.9871124148509550e+03	   1.0000000000000000e+03	   1.0003600408121829e+03	   4.4217587549146486e+01	   5.1005562266088802e+01	   5.4322844321894046e+01	   5.2656959589138737e+01	   5.2826605316698071e+01	   4.8609592079816913e+01	   6.9569941996033194e+01	   6.7234129332864029e+01	   7.4824308965771976e+01	   7.0949731763608142e+01	   6.8276463121781134e+01	   6.3117780911174066e+01	   1.7126170650418711e+01	
   2.4999999266379788e+01	   4.0513285038469289e+03	   0.0000000000000000e+00	   3.5463070799621310e+03	   1.9871124147986145e+03	   1.0000000000000000e+03	   1.0003600408117388e+03	   4.4218402336328950e+01	   4.9684813935063218e+01	   5.4322844321794662e+01	   5.2980173080476391e+01	   5.2826605316698071e+01	   4.5837123309740704e+01	   6.9569941993741580e+01	   6.7540283411804651e+01	   7.4824308965258936e+01	   7.0764878470945860e+01	   6.8276463121781006e+01	   6.4802803068725282e+01	   1.7126170650448397e+01	
   2.4999999227014609e+01	   4.0513285038463050e+03	   0.0000000000000000e+00	   3.5463070799619891e+03	   1.9871124146248535e+03	   1.0000000000000000e+03	   1.0003600408118431e+03	   4.4224817173582537e+01	   5.0759894931377900e+01	   5.4322844321849772e+01	   5.0869108099483910e+01	   5.2826605316698071e+01	   4.8412422651773603e+01	   6.9569941995865008e+01	   6.8076458137879854e+01	   7.4824308965475083e+01	   7.2417092481951173e+01	   6.8276463121726152e+01	   7.1116504424242478e+01	   1.7126170650437999e+01	
   2.4999999246873195e+01	   4.0513285038463341e+03	   0.0000000000000000e+00	   3.5463070799619545e+03	   1.9871124148524880e+03	   1.0000000000000000e+03	   1.0003600408103700e+03	   4.4213708467223448e+01	   4.4132383081759116e+01	   5.4322844321711010e+01	   5.3425537136219603e+01	   5.2826605316698071e+01	   4.6753811377678353e+01	   6.9569941999129142e+01	   6.7591354375801430e+01	   7.4824308965576336e+01	   7.0430561750029256e+01	   6.8276463121754531e+01	   6.6334588543188488e+01	   1.7126170650433952e+01	
   2.4999999266962416e+01	   4.0513285038469157e+03	   0.0000000000000000e+00	   3.5463070799621346e+03	   1.9871124147097337e+03	   1.0000000000000000e+03	   1.0003600408115517e+03	   4.4217297912852658e+01	   5.2645168323090232e+01	   5.4322844321900909e+01	   5.1562496618616841e+01	   5.2826605316698071e+01	   5.3364409491136229e+01	   6.9569941995775679e+01	   6.7367995362077309e+01	   7.4824308965765766e+01	   7.0984972358784859e+01	   6.8276463121782953e+01	   6.3482315353634618e+01	   1.7126170650418199e+01	
   2.4999999267170352e+01	   4.0513285038464905e+03	   0.0000000000000000e+00	   3.5463070799621287e+03	   1.9871124150185206e+03	   1.0000000000000000e+03	   1.0003600408121829e+03	   4.4218480481683123e+01	   5.1005562266088802e+01	   5.4322844321903318e+01	   5.3155800446837297e+01	   5.2826605316698071e+01	   4.8609592079816913e+01	   6.9569941995989666e+01	   6.7259015029549090e+01	   7.4824308965780943e+01	   7.0949731763608142e+01	   6.8276463121781134e+01	   6.3117780911174066e+01	   1.7126170650418711e+01	
   2.4999999241319205e+01	   4.0513285038466265e+03	   0.0000000000000000e+00	   3.5463070799621382e+03	   1.9871124146728775e+03	   1.0000000000000000e+03	   1.0003600408124145e+03	   4.4224356774915513e+01	   5.1598601576505267e+01	   5.4322844321922240e+01	   5.2463350684032456e+01	   5.2826605316698071e+01	   4.7401795546392414e+01	   6.9569941995946834e+01	   6.7778776932720277e+01	   7.4824308965614975e+01	   7.1865467539064952e+01	   6.8276463121770561e+01	   6.7653574641541482e+01	   1.7126170650424406e+01	
   2.4999999265462058e+01	   4.0513285038467961e+03	   0.0000000000000000e+00	   3.5463070799621310e+03	   1.9871124148253218e+03	   1.0000000000000000e+03	   1.0003600408121832e+03	   4.4219253188977142e+01	   5.1221258851099648e+01	   5.4322844321776877e+01	   5.3413842728518262e+01	   5.2826605316698071e+01	   4.5596142195516364e+01	   6.9569941995952050e+01	   6.7069472451406469e+01	   7.4824308965751669e+01	   7.1273922298775204e+01	   6.8276463121781134e+01	   6.2512641354921811e+01	   1.7126170650418345e+01	
   2.4999999230542951e+01	   4.0513285038471981e+03	   0.0000000000000000e+00	   3.5463070799621287e+03	   1.9871124148509550e+03	   1.0000000000000000e+03	   1.0003600408121829e+03	   4.4217587549146486e+01	   5.1005562266088802e+01	   5.4322844321894046e+01	   5.2870100230860373e+01	   5.2826605316698071e+01	   4.7783540225811272e+01	   6.9569941996033194e+01	   6.7070806589644349e+01	   7.4824308965756742e+01	   7.0262927234083222e+01	   6.8276463121811332e+01	   6.3117780911174066e+01	   1.7126170650419660e+01	
   2.4999999216948893e+01	   4.0513285038465174e+03	   0.0000000000000000e+00	   3.5463070799621792e+03	   1.9871124149258683e+03	   1.0000000000000000e+03	   1.0003600408126055e+03	   4.4211557315906340e+01	   5.0183213953005819e+01	   5.4322844321912257e+01	   5.1917107000343570e+01	   5.2826605316698071e+01	   4.8913367162564761e+01	   6.9569941995916409e+01	   6.6935514234363254e+01	   7.4824308965719936e+01	   6.8395572277881712e+01	   6.8276463121757871e+01	   6.6146691125176744e+01	   1.7126170650415663e+01	
   2.4999999366628597e+01	   4.0513285038463687e+03	   0.0000000000000000e+00	   3.5463070799621432e+03	   1.9871124146562358e+03	   1.0000000000000000e+03	   1.0003600408123850e+03	   4.4218664421140417e+01	   4.8616425077657240e+01	   5.4322844321940408e+01	   5.3163925644686962e+01	   5.2826605316698071e+01	   4.8639635396308243e+01	   6.9569941996335743e+01	   6.7245410126148997e+01	   7.4824308965787424e+01	   7.0932812696736903e+01	   6.8276463121789035e+01	   6.3578733431993427e+01	   1.7126170650413410e+01	
   2.4999999266837282e+01	   4.0513285038468493e+03	   0.0000000000000000e+00	   3.5463070799621287e+03	   1.9871124148509550e+03	   1.0000000000000000e+03	   1.0003600408121829e+03	   4.4217587549146486e+01	   5.1005562266088802e+01	   5.4322844321894046e+01	   5.2656959589138737e+01	   5.2826605316698071e+01	   4.8609592079816913e+01	   6.9569941996033194e+01	   6.7234129332864029e+01	   7.4824308965771976e+01	   7.0949731763608142e+01	   6.8276463121781134e+01	   6.3117780911174066e+01	   1.7126170650418711e+01	
   2.4999999266837282e+01	   4.0513285038468493e+03	   0.0000000000000000e+00	   3.5463070799621287e+03	   1.9871124148509550e+03	   1.0000000000000000e+03	   1.0003600408121829e+03	   4.4217587549146486e+01	   5.1005562266088802e+01	   5.4322844321894046e+01	   5.2656959589138737e+01	   5.2826605316698071e+01	   4.8609592079816913e+01	   6.9569941996033194e+01	   6.7234129332864029e+01	   7.4824308965771976e+01	   7.0949731763608142e+01	   6.8276463121781134e+01	   6.3117780911174066e+01	   1.7126170650418711e+01	
   2.4999999259446408e+01	   4.0513285038472459e+03	   0.0000000000000000e+00	   3.5463070799621059e+03	   1.9871124148253218e+03	   1.0000000000000000e+03	   1.0003600408121829e+03	   4.4217587549146486e+01	   5.1149633678496137e+01	   5.4322844321894046e+01	   5.2656959589138737e+01	   5.2826605316698071e+01	   4.8278562720936840e+01	   6.9569941996407906e+01	   6.7234129332864029e+01	   7.4824308965767088e+01	   7.0949731763608142e+01	   6.8276463121961612e+01	   6.1362208885226188e+01	   1.7126170650418345e+01	
   2.4999999266837282e+01	   4.0513285038469289e+03	   0.0000000000000000e+00	   3.5463070799621719e+03	   1.9871124152824962e+03	   1.0000000000000000e+03	   1.0003600408124611e+03	   4.4219253188977142e+01	   5.1005562266088802e+01	   5.4322844321921757e+01	   5.3155800446837297e+01	   5.2826605316698071e+01	   4.8384364633104624e+01	   6.9569941996332503e+01	   6.7044690553313686e+01	   7.4824308965947750e+01	   7.0949731763608142e+01	   6.8276463121769552e+01	   6.3377490894626298e+01	   1.7126170650415819e+01	
