  -7.3681391840354837e+06	   4.5886618414748978e+05	
  -7.3688613130778112e+06	   4.6437876110765798e+05	
  -7.3687216560031399e+06	   4.6287283978184103e+05	
  -7.3775594634990720e+06	   4.7228689135408547e+05	
  -7.3779626151004005e+06	   4.7471232200322847e+05	
  -7.3776785159319751e+06	   4.7300960635339830e+05	
  -7.3681800629205592e+06	   4.5912805874286959e+05	
  -7.3680190903344387e+06	   4.5808539312695758e+05	
  -7.3680535033052666e+06	   4.5831102399259014e+05	
  -7.7455971834997805e+06	   5.4087532279810663e+06	
  -7.3778040157509875e+06	   4.7376483474269917e+05	
  -7.3688119508508965e+06	   4.6378625158115802e+05	
  -7.3686406368715167e+06	   4.6208702204254869e+05	
  -7.3777178517468125e+06	   4.7324547731440666e+05	
  -7.3776220472397916e+06	   4.7266743065630412e+05	
  -7.7332566831682157e+06	   5.0341851381194574e+05	
  -7.3774998113599308e+06	   4.7192406039723131e+05	
  -7.3690655366633777e+06	   4.6706388808467920e+05	
  -7.3686621948061343e+06	   4.6222003349165741e+05	
  -7.3779353697882267e+06	   4.7455086687499046e+05	
  -7.3680913446817398e+06	   4.5855857384978392e+05	
  -7.3776680696258359e+06	   4.7294487086266751e+05	
  -7.3779022260197354e+06	   4.7435275916332193e+05	
  -7.3686870370173175e+06	   4.6237197125420603e+05	
  -7.3779612156897802e+06	   4.7470310660869320e+05	
  -7.3683476972300690e+06	   4.6019254633642489e+05	
  -7.3692389080515392e+06	   4.6918413371842750e+05	
  -7.3773655067908857e+06	   4.7109946796758601e+05	
  -7.3682541647950914e+06	   4.5960035250214505e+05	
  -7.3689760952390525e+06	   4.6585143911431183e+05	
  -7.3692383948784154e+06	   4.6886479131282255e+05	
  -7.3779627562845852e+06	   4.7471841801703983e+05	
  -7.3691114503068067e+06	   4.6732930667946686e+05	
  -7.3683866251305100e+06	   4.6058670838636241e+05	
  -7.3687137642803537e+06	   4.7142827064923028e+05	
  -7.3684824824517854e+06	   4.6110511164827878e+05	
  -7.3680287231875099e+06	   4.5815061152573657e+05	
  -7.3690250045202048e+06	   4.6681866963976680e+05	
  -7.3679240620726915e+06	   4.5745481222261151e+05	
  -7.3773655019443501e+06	   4.7109946259554144e+05	
  -7.3777220744337402e+06	   4.7327109417057096e+05	
  -7.3772167343084980e+06	   4.7017311369345977e+05	
  -7.3684397808417454e+06	   4.6083836713364307e+05	
  -7.3689333236146718e+06	   4.6538604014844942e+05	
  -7.3680138223669641e+06	   4.5805096717936161e+05	
  -7.3773213824678343e+06	   4.7082625508948317e+05	
  -7.3772677749909125e+06	   4.7049359523979313e+05	
  -7.3679553823439665e+06	   4.5766449910025578e+05	
  -7.3779102175752968e+06	   4.7439895110766857e+05	
  -7.3690201256749127e+06	   4.6622235724952235e+05	
  -7.3689679256057888e+06	   4.6559528264241340e+05	
  -7.3771769409624236e+06	   4.6992487777074077e+05	
  -7.3774106760242749e+06	   4.7137640815055539e+05	
  -7.3691168013018202e+06	   4.6737360795876285e+05	
  -7.3682849066401627e+06	   4.5986428205551929e+05	
  -7.3774544276795154e+06	   4.7164542290817824e+05	
  -7.3692389180174209e+06	   4.6918455700573610e+05	
  -7.3685300968735460e+06	   4.6140207798919373e+05	
  -7.3778039999544285e+06	   4.7376414939078467e+05	
  -7.3772922112362441e+06	   4.7064685680619651e+05	
  -7.3686078853220306e+06	   4.6188535626079532e+05	
  -7.3772277313295789e+06	   4.7024438079221698e+05	
  -7.3682255790934581e+06	   4.5941830121218401e+05	
  -7.3774106760242758e+06	   4.7137640815056540e+05	
  -7.3685301121098474e+06	   4.6140275492875505e+05	
  -7.3687285709982980e+06	   4.6742637214446272e+05	
  -7.3679054331033267e+06	   4.5732966017973964e+05	
  -7.3692298144962508e+06	   4.6874723356765596e+05	
  -7.3689759581867531e+06	   4.6584538860159391e+05	
  -7.3684044919086378e+06	   4.6061700137237081e+05	
  -7.3681688361648787e+06	   4.5905511771732534e+05	
  -7.3772922112362441e+06	   4.7064685680619651e+05	
  -7.3679833917308263e+06	   4.5785190529262257e+05	
  -7.3692383948784154e+06	   4.6886479131282255e+05	
  -7.3685959602308776e+06	   4.6181193170214107e+05	
  -7.3779626239084546e+06	   4.7471271710599039e+05	
  -7.3776148812706806e+06	   4.7262297575089132e+05	
  -7.3774106760242749e+06	   4.7137640815055539e+05	
  -7.3771932707227441e+06	   4.7002719794114883e+05	
  -7.3588401733033713e+06	   9.3228072225666576e+04	
  -7.3686880692909025e+06	   4.6237831767514435e+05	
  -7.3680190903344387e+06	   4.5808539312695758e+05	
  -7.3688101682087779e+06	   4.6377671092574298e+05	
  -7.3776435858460888e+06	   4.7279891173577233e+05	
  -7.3779295639392557e+06	   4.7451470803453494e+05	
  -7.3686893607549220e+06	   4.6238779967532860e+05	
  -7.3775517461463045e+06	   4.7223995535543998e+05	
  -7.3690219128627256e+06	   4.6623166581037070e+05	
  -7.3683691496296301e+06	   4.6032953098770225e+05	
  -7.3687631424970906e+06	   4.6348725575551949e+05	
  -7.3777220650316030e+06	   4.7327068821250094e+05	
  -7.3681438599757683e+06	   4.5889697929688846e+05	
