   4.5779185355746357e+00	   3.8053088924454526e-01	   7.8492579495646198e-02	   1.5651013306083544e-01	   8.9787311918442008e+00	  -1.4129122298361679e+01	   1.3849778436191275e+02	   3.7333601212321348e+01	   8.4637643062173495e+00	   2.9043220372949525e+00	   1.0246198552860997e-01	
   2.0996536221872883e+01	   3.8092919546452120e-01	   7.8492579495646198e-02	   1.5651013306083544e-01	  -4.8300252328425034e+02	   1.5172456567356100e+01	   1.0622900055419683e+01	   3.7333601212321348e+01	   8.4637643062173495e+00	   2.9043220372949525e+00	   1.0246198552860997e-01	
   1.6356889852479558e+01	   3.8092281832750025e-01	   7.8492579495646198e-02	   1.5651013306083544e-01	  -5.0080643390886769e+02	   3.0104629117191263e+02	   4.4751305685697048e+01	   3.7333601212321348e+01	   8.4637643062173495e+00	   2.9043220372949525e+00	   1.0246198552860997e-01	
   6.0339928527736220e-01	   3.8092919546452120e-01	   7.8492579495646198e-02	   1.5651013306083544e-01	   8.9787311918442008e+00	   2.7969120912258484e+02	   2.0427178085233905e+02	   3.7333601212321348e+01	   8.4637643062173495e+00	   3.5900260371536064e-01	   1.0246198552860997e-01	
   1.7558781370716790e+01	   3.8053088924454526e-01	   7.8492579495646198e-02	   1.5651013306083544e-01	   4.3344290254237796e+02	   2.7969120912258484e+02	   1.0622900055419683e+01	   3.7333601212321348e+01	   8.4637643062173495e+00	   3.5900260371536064e-01	   1.0246198552860997e-01	
   2.0243569561282815e+01	   3.8053088924454526e-01	   7.8492579495646198e-02	   1.5651013306083544e-01	   2.6281473817036058e+01	   2.7969120912258484e+02	   4.7310739723703769e+01	   3.7333601212321348e+01	   8.4637643062173495e+00	   3.5900260371536064e-01	   1.0246198552860997e-01	
   4.5779185355746357e+00	   3.8053088924454526e-01	   7.8492579495646198e-02	   1.5651013306083544e-01	   8.9787311918442008e+00	  -1.4129122298361679e+01	   1.5818965225835026e+02	   3.7333601212321348e+01	   8.4637643062173495e+00	   2.9043220372949525e+00	   1.0246198552860997e-01	
   2.0243569561282815e+01	   3.8092919546452120e-01	   7.8492579495646198e-02	   1.5651013306083544e-01	   8.9787311918442008e+00	   2.7547108166683529e+02	   1.0553678280932745e+02	   3.7333601212321348e+01	   8.4637643062173495e+00	   2.9043220372949525e+00	   1.0246198552860997e-01	
   2.0198621472737170e+01	   3.8053088924454526e-01	   7.8492579495646198e-02	   1.5651013306083544e-01	   8.9787311918442008e+00	   3.0425662852009145e+02	  -2.1951501601896663e+01	   3.7333601212321348e+01	   8.4637643062173495e+00	   2.9043220372949525e+00	   1.0246198552860997e-01	
   2.3791368910366735e+01	   3.8092919546452120e-01	   7.8492579495646198e-02	   1.5651013306083544e-01	   2.6603208866989785e+01	   1.8624574484345597e+01	   1.0622900055419683e+01	   3.7333601212321348e+01	   3.7410935178692046e+00	   5.8377767303777848e+00	   1.0246198552860997e-01	
   2.0243569561282815e+01	   3.8092919546452120e-01	   7.8492579495646198e-02	   1.5651013306083544e-01	  -4.8300252328425034e+02	   2.7969120912258484e+02	   1.0590912393577446e+01	   3.7333601212321348e+01	   8.4637643062173495e+00	   3.5900260371536064e-01	   1.0246198552860997e-01	
   1.6356889852479558e+01	   3.8053088924454526e-01	   7.8492579495646198e-02	   1.5651013306083544e-01	  -2.3171297669463749e+02	   2.6812182891729293e+02	   1.0622900055419683e+01	   3.7333601212321348e+01	   8.4637643062173495e+00	   2.9043220372949525e+00	   1.0246198552860997e-01	
   1.6356889852479558e+01	   3.8091538998887992e-01	   7.8492579495646198e-02	   1.5651013306083544e-01	  -3.3978337084694579e+02	   3.0425662852009145e+02	   3.2469357661102902e+02	   3.7333601212321348e+01	   8.4637643062173495e+00	   2.9043220372949525e+00	   1.0246198552860997e-01	
   4.5779185355746357e+00	   3.8092919546452120e-01	   7.8492579495646198e-02	   1.5651013306083544e-01	   8.4375839760229034e+00	   2.7969120912258484e+02	   2.4231278614780804e+03	   3.7333601212321348e+01	   8.4637643062173495e+00	   3.5900260371536064e-01	   1.0246198552860997e-01	
   1.7765881070804177e+01	   3.8092919546452120e-01	   7.8492579495646198e-02	   1.5651013306083544e-01	   8.9787311918442008e+00	   2.7969120912258484e+02	   1.6372319195488940e+03	   3.7333601212321348e+01	   8.4637643062173495e+00	   3.5900260371536064e-01	   1.0246198552860997e-01	
   2.3006730740575332e+01	   3.8092919546452120e-01	   7.8492579495646198e-02	   1.5651013306083544e-01	   8.9787311918442008e+00	  -1.9873797602271236e+02	   1.2013164861603766e+01	   3.7333601212321348e+01	   3.3432503753855736e+00	   2.9043220372949525e+00	   1.0246198552860997e-01	
   2.8369283648303892e+01	   3.8053088924454526e-01	   7.8492579495646198e-02	   1.5651013306083544e-01	   4.3344290254237796e+02	   2.7969120912258484e+02	   1.8241646370890072e+02	   3.7333601212321348e+01	   8.4637643062173495e+00	   3.5900260371536064e-01	   1.0246198552860997e-01	
   2.7711857500373608e+01	   3.8092919546452120e-01	   7.8492579495646198e-02	   1.5651013306083544e-01	   3.7962721781893424e+02	   4.1877954026325705e+02	   8.0165054207155981e+02	   3.7333601212321348e+01	   8.4637643062173495e+00	   2.9445880351340361e+00	   1.0246198552860997e-01	
   2.3006730740575332e+01	   3.8092919546452120e-01	   7.8492579495646198e-02	   1.5651013306083544e-01	  -4.8300252328425034e+02	   2.0676211156147644e+01	   1.2013164861603766e+01	   3.7333601212321348e+01	   8.4637643062173495e+00	   2.9043220372949525e+00	   1.0246198552860997e-01	
   2.3006730740575332e+01	   3.8092919546452120e-01	   7.8492579495646198e-02	   1.5651013306083544e-01	   3.7962721781893424e+02	   2.7969120912258484e+02	   1.2013164861603766e+01	   3.7333601212321348e+01	   8.4637643062173495e+00	   3.5900260371536064e-01	   1.0246198552860997e-01	
   2.0243569561282815e+01	   3.8091538998887992e-01	   7.8492579495646198e-02	   1.5651013306083544e-01	  -4.8300252328425034e+02	   1.8219800217104432e+02	   1.2828797218618257e+02	   3.7333601212321348e+01	   8.4637643062173495e+00	   2.9043220372949525e+00	   1.0246198552860997e-01	
   1.3624530206145041e+01	   3.8092919546452120e-01	   7.8492579495646198e-02	   1.5651013306083544e-01	   8.9787311918442008e+00	   2.7969120912258484e+02	   2.1348619755821082e+03	   3.7333601212321348e+01	   8.4637643062173495e+00	   3.5900260371536064e-01	   1.0246198552860997e-01	
   4.5328927538838101e+01	   3.8092919546452120e-01	   7.8492579495646198e-02	   1.5651013306083544e-01	   8.1775202616079287e+02	   2.7969120912258484e+02	   1.3697145590265087e+01	   3.7333601212321348e+01	   8.4637643062173495e+00	   3.5900260371536064e-01	   1.0246198552860997e-01	
   2.0243569561282815e+01	   3.8073766698114081e-01	   7.8492579495646198e-02	   1.5651013306083544e-01	  -4.8300252328425034e+02	   3.0425662852009145e+02	  -3.3730608481044669e+01	   3.7333601212321348e+01	   8.4637643062173495e+00	   2.9043220372949525e+00	   1.0246198552860997e-01	
   4.5779185355746357e+00	   3.8092919546452120e-01	   7.8492579495646198e-02	   1.5651013306083544e-01	   1.7919098844174176e+01	   2.7969120912258484e+02	   1.0622900055419683e+01	   3.7333601212321348e+01	   8.4637643062173495e+00	   3.5900260371536064e-01	   1.0246198552860997e-01	
   2.0243569561282815e+01	   3.8091538998887992e-01	   7.8492579495646198e-02	   1.5651013306083544e-01	  -4.8300252328425034e+02	   3.0425662852009145e+02	   1.6372319195488940e+03	   3.7333601212321348e+01	   8.4637643062173495e+00	   2.9043220372949525e+00	   1.0246198552860997e-01	
   1.7558781370716790e+01	   3.8091538998887992e-01	   7.8492579495646198e-02	   1.5651013306083544e-01	  -3.3978337084694579e+02	   2.7969120912258484e+02	   1.0622900055419683e+01	   3.7333601212321348e+01	   8.4637643062173495e+00	   2.9445880351340361e+00	   1.0246198552860997e-01	
   1.6356889852479558e+01	   3.8092919546452120e-01	   7.8492579495646198e-02	   1.5651013306083544e-01	   8.9787311918442008e+00	   2.7969120912258484e+02	   1.2828797218618257e+02	   3.7333601212321348e+01	   8.4637643062173495e+00	   3.5900260371536064e-01	   1.0246198552860997e-01	
   2.0243569561282815e+01	   3.8053088924454526e-01	   7.8492579495646198e-02	   1.5651013306083544e-01	   8.9787311918442008e+00	   3.0425662852009145e+02	   7.7537021606943057e+01	   3.7333601212321348e+01	   8.4637643062173495e+00	   2.9043220372949525e+00	   1.0246198552860997e-01	
   4.5779185355746357e+00	   3.8092919546452120e-01	   7.8492579495646198e-02	   1.5651013306083544e-01	   8.9787311918442008e+00	   2.7751312605036617e+02	   1.0622900055419683e+01	   3.7333601212321348e+01	   8.4637643062173495e+00	   2.9043220372949525e+00	   1.0246198552860997e-01	
   1.8795996585445195e+01	   3.8073766698114081e-01	   7.8492579495646198e-02	   1.5651013306083544e-01	   2.8318983722682532e+01	   2.7969120912258484e+02	  -3.3730608481044669e+01	   3.7333601212321348e+01	   8.4637643062173495e+00	   3.0493207631580947e+00	   1.0246198552860997e-01	
   4.5779185355746357e+00	   3.8092919546452120e-01	   7.8492579495646198e-02	   1.5651013306083544e-01	   8.9787311918442008e+00	   2.7969120912258484e+02	   1.0622900055419683e+01	   3.7333601212321348e+01	   8.4637643062173495e+00	   3.5900260371536064e-01	   1.0246198552860997e-01	
   5.2741878579904444e+00	   3.8092919546452120e-01	   7.8492579495646198e-02	   1.5651013306083544e-01	   1.7919098844174176e+01	   4.1877954026325705e+02	   4.0021518161995004e+02	   3.7333601212321348e+01	   8.4637643062173495e+00	   2.9445880351340361e+00	   1.0246198552860997e-01	
   2.0243569561282815e+01	   3.8092919546452120e-01	   7.8492579495646198e-02	   1.5651013306083544e-01	   2.6205980554389527e+01	  -5.1396508871506683e+01	   4.7310739723703769e+01	   3.7333601212321348e+01	   8.4637643062173495e+00	   2.9043220372949525e+00	   1.0246198552860997e-01	
   4.5779185355746357e+00	   3.8053088924454526e-01	   7.8492579495646198e-02	   1.5651013306083544e-01	   8.9787311918442008e+00	   2.4845448615806012e+02	   2.3364093196577585e+01	   3.7333601212321348e+01	   8.4637643062173495e+00	   2.9043220372949525e+00	   1.0246198552860997e-01	
   7.9319603625563229e-01	   3.8092919546452120e-01	   7.8492579495646198e-02	   1.5651013306083544e-01	   8.9787311918442008e+00	   3.0425662852009145e+02	   4.2665677250739805e+01	   3.7333601212321348e+01	   8.4637643062173495e+00	   2.9043220372949525e+00	   1.0246198552860997e-01	
   1.4815044123632239e+01	   3.8086152304670073e-01	   7.8492579495646198e-02	   1.5651013306083544e-01	   2.9157777734169166e+00	  -3.0202518129268469e+01	   1.0849628758606079e+02	   3.7333601212321348e+01	   8.4637643062173495e+00	   2.9043220372949525e+00	   1.0246198552860997e-01	
   4.5779185355746357e+00	   3.8092919546452120e-01	   7.8492579495646198e-02	   1.5651013306083544e-01	   8.9787311918442008e+00	   4.1877954026325705e+02	   1.0583151551561782e+01	   3.7333601212321348e+01	   8.4637643062173495e+00	   2.9445880351340361e+00	   1.0246198552860997e-01	
   4.5779185355746357e+00	   3.8091538998887992e-01	   7.8492579495646198e-02	   1.5651013306083544e-01	   8.9787311918442008e+00	   3.0425662852009145e+02	  -6.8614289864371813e+01	   3.7333601212321348e+01	   8.4637643062173495e+00	   2.9043220372949525e+00	   1.0246198552860997e-01	
   1.6356889852479558e+01	   3.8092919546452120e-01	   7.8492579495646198e-02	   1.5651013306083544e-01	   8.9787311918442008e+00	   2.7969120912258484e+02	   1.2828797218618257e+02	   3.7333601212321348e+01	   8.4637643062173495e+00	   3.5900260371536064e-01	   1.0246198552860997e-01	
   4.5779185355746357e+00	   3.8053088924454526e-01	   7.8492579495646198e-02	   1.5651013306083544e-01	   8.9787311918442008e+00	   2.7969120912258484e+02	   2.4061630044466219e+03	   3.7333601212321348e+01	   8.4637643062173495e+00	   3.5900260371536064e-01	   1.0246198552860997e-01	
   2.7711857500373608e+01	   3.8092919546452120e-01	   7.8492579495646198e-02	   1.5651013306083544e-01	  -3.3978337084694579e+02	   2.7969120912258484e+02	  -2.3233178736176747e+01	   3.7333601212321348e+01	   8.4637643062173495e+00	   3.5900260371536064e-01	   1.0246198552860997e-01	
   1.7558781370716790e+01	   3.8092919546452120e-01	   7.8492579495646198e-02	   1.5651013306083544e-01	  -9.2503941494365392e+01	  -1.4129122298361679e+01	   1.9206887992602826e+03	   3.7333601212321348e+01	   8.4637643062173495e+00	   2.9043220372949525e+00	   1.0246198552860997e-01	
   2.0243569561282815e+01	   3.8092919546452120e-01	   7.8492579495646198e-02	   1.5651013306083544e-01	   8.9787311918442008e+00	   2.7751312605036617e+02	   1.2427635631209364e+01	   3.7333601212321348e+01	   8.4637643062173495e+00	   2.9043220372949525e+00	   1.0246198552860997e-01	
   2.0198621472737170e+01	   3.8053088924454526e-01	   7.8492579495646198e-02	   1.5651013306083544e-01	  -1.3256573888093877e+02	   3.0425662852009145e+02	   4.7310739723703769e+01	   3.7333601212321348e+01	   8.4637643062173495e+00	   2.9043220372949525e+00	   1.0246198552860997e-01	
   1.7765881070804177e+01	   3.8092919546452120e-01	   7.8492579495646198e-02	   1.5651013306083544e-01	  -2.3171297669463749e+02	   2.7969120912258484e+02	   9.0544859604603204e+01	   3.7333601212321348e+01	   8.4637643062173495e+00	   3.5900260371536064e-01	   1.0246198552860997e-01	
   4.5779185355746357e+00	   3.8053088924454526e-01	   7.8492579495646198e-02	   1.5651013306083544e-01	   8.9787311918442008e+00	   2.7969120912258484e+02	   1.0945319117134024e+02	   3.7333601212321348e+01	   8.4637643062173495e+00	   3.5900260371536064e-01	   1.0246198552860997e-01	
   2.0198621472737170e+01	   3.8092919546452120e-01	   7.8492579495646198e-02	   1.5651013306083544e-01	  -1.3256573888093877e+02	  -1.4129122298361679e+01	  -2.3233178736176747e+01	   3.7333601212321348e+01	   8.4637643062173495e+00	   2.9043220372949525e+00	   1.0246198552860997e-01	
   2.7711857500373608e+01	   3.8092919546452120e-01	   7.8492579495646198e-02	   1.5651013306083544e-01	   3.7962721781893424e+02	   2.7969120912258484e+02	   8.0165054207155981e+02	   3.7333601212321348e+01	   8.4637643062173495e+00	   3.5900260371536064e-01	   1.0246198552860997e-01	
   2.0243569561282815e+01	   3.8092919546452120e-01	   7.8492579495646198e-02	   1.5651013306083544e-01	   2.6281473817036058e+01	   2.3040457146604962e+02	   1.0622900055419683e+01	   3.7333601212321348e+01	   8.4637643062173495e+00	   2.9043220372949525e+00	   1.0246198552860997e-01	
   4.5779185355746357e+00	   3.8053088924454526e-01	   7.8492579495646198e-02	   1.5651013306083544e-01	   8.9787311918442008e+00	   2.7751312605036617e+02	   1.0622900055419683e+01	   3.7333601212321348e+01	   8.4637643062173495e+00	   2.9043220372949525e+00	   1.0246198552860997e-01	
   1.7765881070804177e+01	   3.8053088924454526e-01	   7.8492579495646198e-02	   1.5651013306083544e-01	  -1.3256573888093877e+02	   2.7969120912258484e+02	   4.7310739723703769e+01	   3.7333601212321348e+01	   8.4637643062173495e+00	   3.5900260371536064e-01	   1.0246198552860997e-01	
   1.7765881070804177e+01	   3.8092919546452120e-01	   7.8492579495646198e-02	   1.5651013306083544e-01	   3.7962721781893424e+02	   2.7969120912258484e+02	   1.2733798751592377e+02	   3.7333601212321348e+01	   8.4637643062173495e+00	   3.5900260371536064e-01	   1.0246198552860997e-01	
   1.6356889852479558e+01	   3.8098213294260014e-01	   7.8492579495646198e-02	   1.5651013306083544e-01	  -4.8300252328425034e+02	   4.1877954026325705e+02	   1.0622900055419683e+01	   3.7333601212321348e+01	   8.4637643062173495e+00	   2.9445880351340361e+00	   1.0246198552860997e-01	
   2.0243569561282815e+01	   3.8091538998887992e-01	   7.8492579495646198e-02	   1.5651013306083544e-01	  -4.8300252328425034e+02	   2.0676211156147644e+01	   2.0427178085233905e+02	   3.7333601212321348e+01	   8.4637643062173495e+00	   2.9043220372949525e+00	   1.0246198552860997e-01	
   1.7765881070804177e+01	   3.8092919546452120e-01	   7.8492579495646198e-02	   1.5651013306083544e-01	  -3.3978337084694579e+02	   2.7969120912258484e+02	   1.5818965225835026e+02	   3.7333601212321348e+01	   8.4637643062173495e+00	   3.5900260371536064e-01	   1.0246198552860997e-01	
   4.5779185355746357e+00	   3.8092919546452120e-01	   7.8492579495646198e-02	   1.5651013306083544e-01	  -3.3978337084694579e+02	   2.7969120912258484e+02	   1.0622900055419683e+01	   3.7333601212321348e+01	   8.4637643062173495e+00	   2.9445880351340361e+00	   1.0246198552860997e-01	
   2.0243569561282815e+01	   3.8091538998887992e-01	   7.8492579495646198e-02	   1.5651013306083544e-01	   8.9787311918442008e+00	  -5.1396508871506683e+01	   1.0590912393577446e+01	   3.7333601212321348e+01	   8.4637643062173495e+00	   2.9043220372949525e+00	   1.0246198552860997e-01	
   2.0243569561282815e+01	   3.8091538998887992e-01	   7.8492579495646198e-02	   1.5651013306083544e-01	  -4.8300252328425034e+02	   2.7969120912258484e+02	   1.0590912393577446e+01	   3.7333601212321348e+01	   8.4637643062173495e+00	   3.5900260371536064e-01	   1.0246198552860997e-01	
   1.6356889852479558e+01	   3.8092919546452120e-01	   7.8492579495646198e-02	   1.5651013306083544e-01	   8.9787311918442008e+00	   2.7969120912258484e+02	   1.0553678280932745e+02	   3.7333601212321348e+01	   8.4637643062173495e+00	   3.5900260371536064e-01	   1.0246198552860997e-01	
   2.0198621472737170e+01	   3.8092919546452120e-01	   7.8492579495646198e-02	   1.5651013306083544e-01	  -1.3256573888093877e+02	  -1.4129122298361679e+01	  -2.3233178736176747e+01	   3.7333601212321348e+01	   8.4637643062173495e+00	   2.9043220372949525e+00	   1.0246198552860997e-01	
   2.7711857500373608e+01	   3.8092919546452120e-01	   7.8492579495646198e-02	   1.5651013306083544e-01	   3.7962721781893424e+02	   2.7969120912258484e+02	  -2.3233178736176747e+01	   3.7333601212321348e+01	   8.4637643062173495e+00	   3.5900260371536064e-01	   1.0246198552860997e-01	
   2.0243569561282815e+01	   3.8091538998887992e-01	   7.8492579495646198e-02	   1.5651013306083544e-01	  -4.8300252328425034e+02	   3.0425662852009145e+02	   1.8241646370890072e+02	   3.7333601212321348e+01	   8.4637643062173495e+00	   2.9043220372949525e+00	   1.0246198552860997e-01	
   2.3417698423603930e+01	   3.8091538998887992e-01	   7.8492579495646198e-02	   1.5651013306083544e-01	  -2.3171297669463749e+02	   2.7969120912258484e+02	   1.2733798751592377e+02	   3.7333601212321348e+01	   8.4637643062173495e+00	   3.5900260371536064e-01	   1.0246198552860997e-01	
   2.0243569561282815e+01	   3.8091538998887992e-01	   7.8492579495646198e-02	   1.5651013306083544e-01	  -4.8300252328425034e+02	  -5.1396508871506683e+01	   1.0590912393577446e+01	   3.7333601212321348e+01	   8.4637643062173495e+00	   2.9043220372949525e+00	   1.0246198552860997e-01	
   4.5779185355746357e+00	   3.8073766698114081e-01	   7.8492579495646198e-02	   1.5651013306083544e-01	   2.8318983722682532e+01	   2.7969120912258484e+02	   1.5818965225835026e+02	   3.7333601212321348e+01	   8.4637643062173495e+00	   3.0493207631580947e+00	   1.0246198552860997e-01	
   4.5779185355746357e+00	   3.8092919546452120e-01	   7.8492579495646198e-02	   1.5651013306083544e-01	   8.9787311918442008e+00	  -5.1396508871506683e+01	   4.7310739723703769e+01	   3.7333601212321348e+01	   8.4637643062173495e+00	   2.9043220372949525e+00	   1.0246198552860997e-01	
   4.5779185355746357e+00	   3.8053088924454526e-01	   7.8492579495646198e-02	   1.5651013306083544e-01	   2.6205980554389527e+01	   2.7969120912258484e+02	   4.0021518161995004e+02	   3.7333601212321348e+01	   8.4637643062173495e+00	   2.9445880351340361e+00	   1.0246198552860997e-01	
   1.6356889852479558e+01	   3.8092919546452120e-01	   7.8492579495646198e-02	   1.5651013306083544e-01	  -3.3978337084694579e+02	   2.7751312605036617e+02	   1.0622900055419683e+01	   3.7333601212321348e+01	   8.4637643062173495e+00	   2.9043220372949525e+00	   1.0246198552860997e-01	
   2.0243569561282815e+01	   3.8092919546452120e-01	   7.8492579495646198e-02	   1.5651013306083544e-01	   2.6281473817036058e+01	  -5.1396508871506683e+01	   4.7310739723703769e+01	   3.7333601212321348e+01	   8.4637643062173495e+00	   2.9043220372949525e+00	   1.0246198552860997e-01	
   9.3501611670865010e+00	   3.8035884619583804e-01	   7.8492579495646198e-02	   1.5651013306083544e-01	  -4.1880898734330901e+02	  -4.2670634951795421e+00	   3.6801432624928304e+02	   3.7333601212321348e+01	   8.4637643062173495e+00	   2.9043220372949525e+00	   1.0246198552860997e-01	
   1.6356889852479558e+01	   3.8092919546452120e-01	   7.8492579495646198e-02	   1.5651013306083544e-01	   8.9787311918442008e+00	   2.7969120912258484e+02	   1.0553678280932745e+02	   3.7333601212321348e+01	   8.4637643062173495e+00	   3.5900260371536064e-01	   1.0246198552860997e-01	
   1.7765881070804177e+01	   3.8092919546452120e-01	   7.8492579495646198e-02	   1.5651013306083544e-01	   8.9787311918442008e+00	   1.8219800217104432e+02	  -1.9382809606799165e+03	   3.7333601212321348e+01	   8.4637643062173495e+00	   2.9043220372949525e+00	   1.0246198552860997e-01	
   1.7558781370716790e+01	   3.8073766698114081e-01	   7.8492579495646198e-02	   1.5651013306083544e-01	  -3.3978337084694579e+02	   2.7969120912258484e+02	  -3.3730608481044669e+01	   3.7333601212321348e+01	   8.4637643062173495e+00	   3.0493207631580947e+00	   1.0246198552860997e-01	
   1.7558781370716790e+01	   3.8091538998887992e-01	   7.8492579495646198e-02	   1.5651013306083544e-01	  -3.3978337084694579e+02	  -3.5947090327322982e+01	   1.0583151551561782e+01	   3.7333601212321348e+01	   8.4637643062173495e+00	   2.9043220372949525e+00	   1.0246198552860997e-01	
   2.0198621472737170e+01	   3.8053088924454526e-01	   7.8492579495646198e-02	   1.5651013306083544e-01	   8.9787311918442008e+00	   2.7969120912258484e+02	   1.0622900055419683e+01	   3.7333601212321348e+01	   8.4637643062173495e+00	   3.5900260371536064e-01	   1.0246198552860997e-01	
   1.6356889852479558e+01	   3.8092919546452120e-01	   7.8492579495646198e-02	   1.5651013306083544e-01	   8.9787311918442008e+00	   2.7969120912258484e+02	  -2.1653344619488607e+01	   3.7333601212321348e+01	   8.4637643062173495e+00	   3.5900260371536064e-01	   1.0246198552860997e-01	
   2.7711857500373608e+01	   3.8092919546452120e-01	   7.8492579495646198e-02	   1.5651013306083544e-01	   3.7962721781893424e+02	   2.7969120912258484e+02	   1.2733798751592377e+02	   3.7333601212321348e+01	   8.4637643062173495e+00	   3.5900260371536064e-01	   1.0246198552860997e-01	
   3.5237131259729111e+01	   3.7999435619364647e-01	   7.8492579495646198e-02	   1.5651013306083544e-01	   5.7354685886371090e+02	   2.7969120912258484e+02	   9.7195387710342357e+02	   3.7333601212321348e+01	   8.4637643062173495e+00	   3.5900260371536064e-01	   1.0246198552860997e-01	
   2.3417698423603930e+01	   3.8092919546452120e-01	   4.0703055799446289e-02	   1.5651013306083544e-01	   8.9787311918442008e+00	   1.5170126564911513e+01	   2.7046173907479459e+02	   3.7333601212321348e+01	   9.9366641784089609e+00	  -2.9203828412842974e+01	   3.1969376770107116e+00	
   2.0243569561282815e+01	   3.8091538998887992e-01	   7.8492579495646198e-02	   1.5651013306083544e-01	  -4.8300252328425034e+02	  -5.1396508871506683e+01	   1.0622900055419683e+01	   3.7333601212321348e+01	   8.4637643062173495e+00	   2.9043220372949525e+00	   1.0246198552860997e-01	
   2.0243569561282815e+01	   3.8092919546452120e-01	   7.8492579495646198e-02	   1.5651013306083544e-01	   2.6205980554389527e+01	   2.7547108166683529e+02	   1.0553678280932745e+02	   3.7333601212321348e+01	   8.4637643062173495e+00	   2.9043220372949525e+00	   1.0246198552860997e-01	
   1.6356889852479558e+01	   3.8092919546452120e-01	   7.8492579495646198e-02	   1.5651013306083544e-01	   8.9787311918442008e+00	   2.6812182891729293e+02	   1.0622900055419683e+01	   3.7333601212321348e+01	   8.4637643062173495e+00	   2.9043220372949525e+00	   1.0246198552860997e-01	
   2.0243569561282815e+01	   3.8091538998887992e-01	   7.8492579495646198e-02	   1.5651013306083544e-01	   8.9787311918442008e+00	   2.7969120912258484e+02	  -4.6322121694710745e+01	   3.7333601212321348e+01	   8.4637643062173495e+00	   3.5900260371536064e-01	   1.0246198552860997e-01	
   2.0243569561282815e+01	   3.8053088924454526e-01	   7.8492579495646198e-02	   1.5651013306083544e-01	   2.6281473817036058e+01	   2.7969120912258484e+02	  -6.3911689462140430e+02	   3.7333601212321348e+01	   8.4637643062173495e+00	   3.5900260371536064e-01	   1.0246198552860997e-01	
   2.0243569561282815e+01	   3.8091538998887992e-01	   7.8492579495646198e-02	   1.5651013306083544e-01	  -3.3978337084694579e+02	   3.0425662852009145e+02	   1.0622900055419683e+01	   3.7333601212321348e+01	   8.4637643062173495e+00	   2.9043220372949525e+00	   1.0246198552860997e-01	
   4.5779185355746357e+00	   3.8092919546452120e-01	   7.8492579495646198e-02	   1.5651013306083544e-01	   2.6205980554389527e+01	   2.7969120912258484e+02	   2.2922186109939247e+01	   3.7333601212321348e+01	   8.4637643062173495e+00	   3.5900260371536064e-01	   1.0246198552860997e-01	
   1.6356889852479558e+01	   3.8092919546452120e-01	   7.8492579495646198e-02	   1.5651013306083544e-01	   8.9787311918442008e+00	   2.3040457146604962e+02	   1.0622900055419683e+01	   3.7333601212321348e+01	   8.4637643062173495e+00	   2.9043220372949525e+00	   1.0246198552860997e-01	
   4.5779185355746357e+00	   3.8091538998887992e-01	   7.8492579495646198e-02	   1.5651013306083544e-01	  -4.8300252328425034e+02	   2.0676211156147644e+01	  -4.6322121694710745e+01	   3.7333601212321348e+01	   8.4637643062173495e+00	   2.9043220372949525e+00	   1.0246198552860997e-01	
   1.6356889852479558e+01	   3.8092919546452120e-01	   7.8492579495646198e-02	   1.5651013306083544e-01	   3.7962721781893424e+02	   2.6812182891729293e+02	   3.2469357661102902e+02	   3.7333601212321348e+01	   8.4637643062173495e+00	   2.9043220372949525e+00	   1.0246198552860997e-01	
   2.7711857500373608e+01	   3.8092919546452120e-01	   7.8492579495646198e-02	   1.5651013306083544e-01	   8.9787311918442008e+00	   2.7969120912258484e+02	   2.4061630044466219e+03	   3.7333601212321348e+01	   8.4637643062173495e+00	   3.5900260371536064e-01	   1.0246198552860997e-01	
  -1.1762518365753323e+00	   3.8038965778295519e-01	   7.8492579495646198e-02	   1.5651013306083544e-01	   1.8968899682420010e+02	  -2.6913513973375629e+01	   1.4126316649622100e+02	   3.7333601212321348e+01	   8.4637643062173495e+00	   2.9043220372949525e+00	   1.0246198552860997e-01	
