   1.8172461142006711e+01	   5.0000000000000000e+00	   9.0000000000000002e-01	   9.0000000000000002e-01	   2.0249162015787326e+02	   2.0000000000000000e+02	   4.5286872377978042e+01	   1.6962897107847204e-04	   0.0000000000000000e+00	   6.7224541575887613e+01	   8.0000000000000000e+01	
   1.5279396423717460e+01	   5.0000000000000000e+00	   9.0000000000000002e-01	   9.0000000000000002e-01	   2.0749994855288946e+02	   2.0160578579525406e+02	   9.9867567632631250e+01	   1.6962897107847204e-04	   0.0000000000000000e+00	   6.7224541575887613e+01	   8.0000000000000000e+01	
   1.6850312695130647e+01	   5.0000000000000000e+00	   9.0000000000000002e-01	   9.0000000000000002e-01	   2.0768844360087408e+02	   2.0049829545779551e+02	   9.8101932865515764e+01	   4.6756171022067287e-06	   0.0000000000000000e+00	   6.7224541575887613e+01	   8.0000000000000000e+01	
   1.6363626109015549e+01	   5.0000000000000000e+00	   9.0000000000000002e-01	   9.0000000000000002e-01	   2.0249162015787326e+02	   2.0512866753940841e+02	   6.1858671207709740e+01	   1.6556703595447965e-05	   0.0000000000000000e+00	   6.8213297009965061e+01	   8.0000000000000000e+01	
   1.4667490975674440e+01	   5.0000000000000000e+00	   9.0000000000000002e-01	   8.9999994866990640e-01	   2.0085202319011626e+02	   2.0512866753940841e+02	   1.0000000000000000e+02	   0.0000000000000000e+00	   0.0000000000000000e+00	   6.8213297009965061e+01	   8.0000000000000000e+01	
   1.4510504293836014e+01	   5.0000000000000000e+00	   9.0000000000000002e-01	   9.0000000000000002e-01	   2.0196135685098577e+02	   2.0512866753940841e+02	   7.4042998037995417e+01	   1.6556703595447965e-05	   0.0000000000000000e+00	   6.8213297009965061e+01	   8.0000000000000000e+01	
   1.8172461142006711e+01	   5.0000000000000000e+00	   9.0000000000000002e-01	   9.0000000000000002e-01	   2.0249162015787326e+02	   2.0000000000000000e+02	   5.0167501640217750e+01	   1.6962897107847204e-04	   0.0000000000000000e+00	   6.7224541575887613e+01	   8.0000000000000000e+01	
   1.4510504293836014e+01	   5.0000000000000000e+00	   9.0000000000000002e-01	   9.0000000000000002e-01	   2.0249162015787326e+02	   2.0000000000000000e+02	   2.9329340104128477e+01	   1.6962897107847204e-04	   0.0000000000000000e+00	   6.7224541575887613e+01	   8.0000000000000000e+01	
   1.4382086906262410e+01	   5.0000000000000000e+00	   9.0000000000000002e-01	   9.0000000000000002e-01	   2.0249162015787326e+02	   2.0000000000000000e+02	   3.4205550855218505e+01	   1.6962897107847204e-04	   0.0000000000000000e+00	   6.7224541575887613e+01	   8.0000000000000000e+01	
   1.4145381368523712e+01	   5.0000000000000000e+00	   9.0000000000000002e-01	   9.0000000000000002e-01	   2.7175241017154849e+02	   2.8797107418926976e+02	   1.0000000000000000e+02	   6.3255721788373065e-05	   2.9079999146461510e-01	   8.0000000000000000e+01	   8.0000000000000000e+01	
   1.4510504293836014e+01	   5.0000000000000000e+00	   9.0000000000000002e-01	   8.9999510093376933e-01	   2.0749994855288946e+02	   2.0512866753940841e+02	   8.5937928878120715e+01	   0.0000000000000000e+00	   0.0000000000000000e+00	   6.8213297009965061e+01	   8.0000000000000000e+01	
   1.6850312695130647e+01	   5.0000000000000000e+00	   9.0000000000000002e-01	   9.0000000000000002e-01	   2.0190535115519270e+02	   2.0112830334565800e+02	   1.0000000000000000e+02	   1.6556703595447965e-05	   0.0000000000000000e+00	   6.7224541575887613e+01	   8.0000000000000000e+01	
   1.6850312695130647e+01	   5.0000000000000000e+00	   9.0000000000000002e-01	   9.0000000000000002e-01	   2.0604695128946349e+02	   2.0000000000000000e+02	   9.5797973796012172e+01	   1.6962897107847204e-04	   0.0000000000000000e+00	   6.7224541575887613e+01	   8.0000000000000000e+01	
   1.8172461142006711e+01	   5.0000000000000000e+00	   9.0000000000000002e-01	   8.9999834400155987e-01	   2.0248950927127802e+02	   2.0512866753940841e+02	   7.7832396614497384e+01	   1.6728165915011852e-06	   0.0000000000000000e+00	   6.8213297009965061e+01	   8.0000000000000000e+01	
   1.4291365745914405e+01	   5.0000000000000000e+00	   9.0000000000000002e-01	   9.0000000000000002e-01	   2.1551338044815560e+02	   2.0512866753940841e+02	   6.8383159786429900e+01	   1.9575641272152053e-05	   0.0000000000000000e+00	   6.8213297009965061e+01	   8.0000000000000000e+01	
   1.4238196233497581e+01	   5.0000000000000000e+00	   9.0000000000000002e-01	   9.0000000000000002e-01	   2.0249162015787326e+02	   2.2992154652238375e+02	   9.7663156608896600e+01	   0.0000000000000000e+00	   5.7023552400141497e-01	   6.7087366273277084e+01	   8.0000000000000000e+01	
   1.2700453345239499e+01	   5.0000000000000000e+00	   9.0000000000000002e-01	   8.9999994866990640e-01	   2.0085202319011626e+02	   2.0512866753940841e+02	   5.5366574608415270e+01	   2.6852163269489910e-04	   0.0000000000000000e+00	   6.8213297009965061e+01	   8.0000000000000000e+01	
   1.4733235786231564e+01	   5.0000000000000000e+00	   9.0000000000000002e-01	   8.9999995690247248e-01	   2.0093724466593628e+02	   2.0398940598250761e+02	   9.5446154594358973e+01	   2.3198006167381990e-04	   0.0000000000000000e+00	   6.7210662986165488e+01	   8.0000000000000000e+01	
   1.4238196233497581e+01	   5.0000000000000000e+00	   9.0000000000000002e-01	   9.0000000000000002e-01	   2.0000000000000000e+02	   2.0000000000000000e+02	   9.7663156608896600e+01	   0.0000000000000000e+00	   0.0000000000000000e+00	   6.7224541575887613e+01	   8.0000000000000000e+01	
   1.4238196233497581e+01	   5.0000000000000000e+00	   9.0000000000000002e-01	   9.0000000000000002e-01	   2.0093724466593628e+02	   2.0512866753940841e+02	   9.7663156608896600e+01	   0.0000000000000000e+00	   0.0000000000000000e+00	   6.8213297009965061e+01	   8.0000000000000000e+01	
   1.4510504293836014e+01	   5.0000000000000000e+00	   9.0000000000000002e-01	   9.0000000000000002e-01	   2.0749994855288946e+02	   2.0000000000000000e+02	   3.9287769005492137e+01	   0.0000000000000000e+00	   0.0000000000000000e+00	   6.7224541575887613e+01	   8.0000000000000000e+01	
   1.5939900435250763e+01	   5.0000000000000000e+00	   9.0000000000000002e-01	   9.0000000000000002e-01	   2.0249162015787326e+02	   2.0512866753940841e+02	   7.2985010922167291e+01	   0.0000000000000000e+00	   0.0000000000000000e+00	   6.8213297009965061e+01	   8.0000000000000000e+01	
   1.2871532848790300e+01	   5.0000000000000000e+00	   9.0000000000000002e-01	   9.0000000000000002e-01	   2.0035444741176499e+02	   2.0512866753940841e+02	   9.4763904521454435e+01	   3.0611013940360797e-05	   0.0000000000000000e+00	   6.8213297009965061e+01	   8.0000000000000000e+01	
   1.4510504293836014e+01	   5.0000000000000000e+00	   9.0000000000000002e-01	   9.0000000000000002e-01	   2.0749994855288946e+02	   2.0000000000000000e+02	   9.9779526267936902e+01	   1.6556703595447965e-05	   0.0000000000000000e+00	   6.7224541575887613e+01	   8.0000000000000000e+01	
   1.8172461142006711e+01	   5.0000000000000000e+00	   9.0000000000000002e-01	   9.0000000000000002e-01	   2.0252649440591887e+02	   2.0512866753940841e+02	   9.9867567632631250e+01	   1.6962897107847204e-04	   0.0000000000000000e+00	   6.8213297009965061e+01	   8.0000000000000000e+01	
   1.4510504293836014e+01	   5.0000000000000000e+00	   9.0000000000000002e-01	   8.9999964284038758e-01	   2.0749994855288946e+02	   2.0000000000000000e+02	   6.8383159786429900e+01	   0.0000000000000000e+00	   0.0000000000000000e+00	   6.7224541575887613e+01	   8.0000000000000000e+01	
   1.4667490975674440e+01	   5.0000000000000000e+00	   9.0000000000000002e-01	   9.0000000000000002e-01	   2.0604695128946349e+02	   2.0512866753940841e+02	   1.0000000000000000e+02	   0.0000000000000000e+00	   0.0000000000000000e+00	   6.7210662986165488e+01	   8.0000000000000000e+01	
   1.6850312695130647e+01	   5.0000000000000000e+00	   9.0000000000000002e-01	   9.0000000000000002e-01	   2.0249162015787326e+02	   2.0512866753940841e+02	   3.9287769005492137e+01	   1.6962897107847204e-04	   0.0000000000000000e+00	   6.8213297009965061e+01	   8.0000000000000000e+01	
   1.4510504293836014e+01	   5.0000000000000000e+00	   9.0000000000000002e-01	   9.0000000000000002e-01	   2.0249162015787326e+02	   2.0000000000000000e+02	   5.8528109399037945e+01	   2.7308651421776138e-04	   0.0000000000000000e+00	   6.7224541575887613e+01	   8.0000000000000000e+01	
   1.8172461142006711e+01	   5.0000000000000000e+00	   9.0000000000000002e-01	   8.9995590696959715e-01	   2.0249162015787326e+02	   2.0259689029347356e+02	   1.0000000000000000e+02	   5.2042027849652686e-05	   0.0000000000000000e+00	   6.7087366273277084e+01	   8.0000000000000000e+01	
   1.4722434793075944e+01	   5.0000000000000000e+00	   9.0000000000000002e-01	   9.0000000000000002e-01	   2.0253868117863797e+02	   2.0512866753940841e+02	   9.9779526267936902e+01	   2.1126556884188734e-05	   0.0000000000000000e+00	   6.7170049902858992e+01	   8.0000000000000000e+01	
   1.8172461142006711e+01	   5.0000000000000000e+00	   9.0000000000000002e-01	   8.9995590696959715e-01	   2.0249162015787326e+02	   2.0512866753940841e+02	   1.0000000000000000e+02	   1.9575641272152053e-05	   0.0000000000000000e+00	   6.8213297009965061e+01	   8.0000000000000000e+01	
   1.7769453108136332e+01	   5.0000000000000000e+00	   9.0000000000000002e-01	   9.0000000000000002e-01	   2.0252649440591887e+02	   2.0398940598250761e+02	   9.9238736493618632e+01	   4.0041946783145327e-04	   0.0000000000000000e+00	   6.7210662986165488e+01	   8.0000000000000000e+01	
   1.4510504293836014e+01	   5.0000000000000000e+00	   9.0000000000000002e-01	   9.0000000000000002e-01	   2.0255881956071397e+02	   2.0000000000000000e+02	   7.4042998037995417e+01	   1.9575641272152053e-05	   0.0000000000000000e+00	   6.7224541575887613e+01	   8.0136944476386091e+01	
   1.8172461142006711e+01	   5.0000000000000000e+00	   9.0000000000000002e-01	   9.0000000000000002e-01	   2.0249162015787326e+02	   2.0272743993364099e+02	   7.5413801523184489e+01	   1.6962897107847204e-04	   0.0000000000000000e+00	   6.7229202121296950e+01	   8.0000000000000000e+01	
   1.8744999277896987e+01	   5.0000000000000000e+00	   9.0000000000000002e-01	   8.9999955123620345e-01	   2.0249162015787326e+02	   2.0000000000000000e+02	   8.1521488703894377e+01	   8.7426809300925279e-05	   0.0000000000000000e+00	   6.7224541575887613e+01	   8.0000000000000000e+01	
   1.5779460551654523e+01	   5.0000000000000000e+00	   9.0000000000000002e-01	   9.0000000000000002e-01	   2.0246797001845778e+02	   2.0000000000000000e+02	   3.0762136159005330e+01	   7.5327654851508325e-05	   0.0000000000000000e+00	   6.7224541575887613e+01	   8.0000000000000000e+01	
   1.8172461142006711e+01	   5.0000000000000000e+00	   9.0000000000000002e-01	   9.0000000000000002e-01	   2.0249162015787326e+02	   2.0398940598250761e+02	   9.1887484081121670e+01	   0.0000000000000000e+00	   0.0000000000000000e+00	   6.7210662986165488e+01	   8.0000000000000000e+01	
   1.8172461142006711e+01	   5.0000000000000000e+00	   9.0000000000000002e-01	   9.0000000000000002e-01	   2.0249162015787326e+02	   2.0000000000000000e+02	   1.3932173396569645e+01	   1.6556703595447965e-05	   0.0000000000000000e+00	   6.7224541575887613e+01	   8.0000000000000000e+01	
   1.6850312695130647e+01	   5.0000000000000000e+00	   9.0000000000000002e-01	   9.0000000000000002e-01	   2.0249162015787326e+02	   2.0512866753940841e+02	   3.9287769005492137e+01	   5.7743756387293368e-04	   0.0000000000000000e+00	   6.8213297009965061e+01	   8.0000000000000000e+01	
   1.8172461142006711e+01	   5.0000000000000000e+00	   9.0000000000000002e-01	   8.9999745529502406e-01	   2.0249162015787326e+02	   2.0512866753940841e+02	   7.8238101022489587e+01	   4.2649108322531328e-05	   0.0000000000000000e+00	   6.8213297009965061e+01	   8.0000000000000000e+01	
   1.4733235786231564e+01	   5.0000000000000000e+00	   9.0000000000000002e-01	   9.0000000000000002e-01	   2.0604695128946349e+02	   2.0512866753940841e+02	   1.7516442187710666e+01	   2.3198006167381990e-04	   0.0000000000000000e+00	   6.8213297009965061e+01	   8.0000000000000000e+01	
   1.4667490975674440e+01	   5.0000000000000000e+00	   9.0000000000000002e-01	   9.0000000000000002e-01	   2.0192443717027382e+02	   2.0000000000000000e+02	   7.7468515136406253e+01	   1.6962897107847204e-04	   0.0000000000000000e+00	   6.7224541575887613e+01	   8.0000000000000000e+01	
   1.4510504293836014e+01	   5.0000000000000000e+00	   9.0000000000000002e-01	   9.0000000000000002e-01	   2.0249162015787326e+02	   2.0259689029347356e+02	   9.6908082477487923e+01	   0.0000000000000000e+00	   0.0000000000000000e+00	   6.7229717877446205e+01	   8.0000000000000000e+01	
   2.3989537452593765e+01	   5.0000000000000000e+00	   9.0000000000000002e-01	   9.0000000000000002e-01	   2.0196907915845279e+02	   2.0000000000000000e+02	   2.8560123500683787e+01	   1.6962897107847204e-04	   0.0000000000000000e+00	   6.7224541575887613e+01	   8.0000000000000000e+01	
   1.4291365745914405e+01	   5.0000000000000000e+00	   9.0000000000000002e-01	   9.0000000000000002e-01	   2.0190535115519270e+02	   2.0512866753940841e+02	   3.3401740453908801e+01	   0.0000000000000000e+00	   0.0000000000000000e+00	   6.8213297009965061e+01	   8.0000000000000000e+01	
   1.9449385767221496e+01	   5.0000000000000000e+00	   9.0000000000000002e-01	   9.0000000000000002e-01	   2.0249162015787326e+02	   2.0512866753940841e+02	   2.5701250391765125e+01	   1.9575641272152053e-05	   0.0000000000000000e+00	   6.8213297009965061e+01	   8.0000000000000000e+01	
   2.3989537452593765e+01	   5.0000000000000000e+00	   9.0000000000000002e-01	   9.0000000000000002e-01	   2.0196907915845279e+02	   2.0000000000000000e+02	   1.9414598093374600e+01	   1.6547624942719105e-04	   0.0000000000000000e+00	   6.7224541575887613e+01	   8.0000000000000000e+01	
   1.4733235786231564e+01	   5.0000000000000000e+00	   9.0000000000000002e-01	   8.9999995690247248e-01	   2.0093724466593628e+02	   2.0512866753940841e+02	   9.5446154594358973e+01	   2.3198006167381990e-04	   0.0000000000000000e+00	   6.8213297009965061e+01	   8.0000000000000000e+01	
   1.4510504293836014e+01	   5.0000000000000000e+00	   9.0000000000000002e-01	   9.0000000000000002e-01	   2.0196135685098577e+02	   2.0308616919506900e+02	   9.9867567632631250e+01	   1.6962897107847204e-04	   0.0000000000000000e+00	   6.7224541575887613e+01	   8.0000000000000000e+01	
   1.8172461142006711e+01	   5.0000000000000000e+00	   9.0000000000000002e-01	   9.0000000000000002e-01	   2.0249162015787326e+02	   2.0259689029347356e+02	   9.9867567632631250e+01	   1.6962897107847204e-04	   0.0000000000000000e+00	   6.7229717877446205e+01	   8.0000000000000000e+01	
   1.4291365745914405e+01	   5.0000000000000000e+00	   9.0000000000000002e-01	   9.0000000000000002e-01	   2.0196907915845279e+02	   2.0512866753940841e+02	   1.0423307599980980e+01	   0.0000000000000000e+00	   0.0000000000000000e+00	   6.8213297009965061e+01	   8.0000000000000000e+01	
   1.4291365745914405e+01	   5.0000000000000000e+00	   9.0000000000000002e-01	   9.0000000000000002e-01	   2.0093724466593628e+02	   2.0512866753940841e+02	   4.4933587634287662e+01	   0.0000000000000000e+00	   0.0000000000000000e+00	   6.8213297009965061e+01	   8.0000000000000000e+01	
   1.6850312695130647e+01	   5.0000000000000000e+00	   9.0000000000000002e-01	   9.0000000000000002e-01	   2.0749994855288946e+02	   2.0398940598250761e+02	   9.9867567632631250e+01	   1.9575641272152053e-05	   0.0000000000000000e+00	   6.7210662986165488e+01	   8.0000000000000000e+01	
   1.4510504293836014e+01	   5.0000000000000000e+00	   9.0000000000000002e-01	   9.0000000000000002e-01	   2.0749994855288946e+02	   2.0000000000000000e+02	   6.1858671207709740e+01	   0.0000000000000000e+00	   0.0000000000000000e+00	   6.7224541575887613e+01	   8.0000000000000000e+01	
   1.4291365745914405e+01	   5.0000000000000000e+00	   9.0000000000000002e-01	   9.0000000000000002e-01	   2.0604695128946349e+02	   2.0512866753940841e+02	   5.0167501640217750e+01	   0.0000000000000000e+00	   0.0000000000000000e+00	   6.8213297009965061e+01	   8.0000000000000000e+01	
   1.8172461142006711e+01	   5.0000000000000000e+00	   9.0000000000000002e-01	   8.9999745529502406e-01	   2.0604695128946349e+02	   2.0512866753940841e+02	   1.0000000000000000e+02	   1.6556703595447965e-05	   0.0000000000000000e+00	   6.7210662986165488e+01	   8.0000000000000000e+01	
   1.4510504293836014e+01	   5.0000000000000000e+00	   9.0000000000000002e-01	   9.0000000000000002e-01	   2.0249162015787326e+02	   2.0000000000000000e+02	   8.5937928878120715e+01	   0.0000000000000000e+00	   0.0000000000000000e+00	   6.7224541575887613e+01	   8.0000000000000000e+01	
   1.4510504293836014e+01	   5.0000000000000000e+00	   9.0000000000000002e-01	   8.9999964284038758e-01	   2.0749994855288946e+02	   2.0512866753940841e+02	   8.5937928878120715e+01	   0.0000000000000000e+00	   0.0000000000000000e+00	   6.8213297009965061e+01	   8.0000000000000000e+01	
   1.6850312695130647e+01	   5.0000000000000000e+00	   9.0000000000000002e-01	   9.0000000000000002e-01	   2.0249162015787326e+02	   2.0512866753940841e+02	   2.9329340104128477e+01	   1.6962897107847204e-04	   0.0000000000000000e+00	   6.8213297009965061e+01	   8.0000000000000000e+01	
   2.3989537452593765e+01	   5.0000000000000000e+00	   9.0000000000000002e-01	   9.0000000000000002e-01	   2.0196907915845279e+02	   2.0000000000000000e+02	   9.2936730924432709e+01	   0.0000000000000000e+00	   0.0000000000000000e+00	   6.7224541575887613e+01	   8.0000000000000000e+01	
   1.4733235786231564e+01	   5.0000000000000000e+00	   9.0000000000000002e-01	   9.0000000000000002e-01	   2.0093724466593628e+02	   2.0512866753940841e+02	   1.9414598093374600e+01	   1.6962897107847204e-04	   0.0000000000000000e+00	   6.8213297009965061e+01	   8.0000000000000000e+01	
   1.4510504293836014e+01	   5.0000000000000000e+00	   9.0000000000000002e-01	   8.9999964284038758e-01	   2.0749994855288946e+02	   2.0000000000000000e+02	   5.5366574608415270e+01	   1.6556703595447965e-05	   0.0000000000000000e+00	   6.7224541575887613e+01	   8.0000000000000000e+01	
   2.1475203093979012e+01	   5.0000000000000000e+00	   9.0000000000000002e-01	   9.0000000000000002e-01	   2.0190535115519270e+02	   2.0512866753940841e+02	   4.4933587634287662e+01	   0.0000000000000000e+00	   0.0000000000000000e+00	   6.8213297009965061e+01	   8.0000000000000000e+01	
   1.4510504293836014e+01	   5.0000000000000000e+00	   9.0000000000000002e-01	   8.9999510093376933e-01	   2.0749994855288946e+02	   2.0000000000000000e+02	   8.5937928878120715e+01	   0.0000000000000000e+00	   0.0000000000000000e+00	   6.7224541575887613e+01	   8.0000000000000000e+01	
   1.8172461142006711e+01	   5.0000000000000000e+00	   9.0000000000000002e-01	   9.0000000000000002e-01	   2.0253868117863797e+02	   2.0512866753940841e+02	   5.0167501640217750e+01	   2.1126556884188734e-05	   0.0000000000000000e+00	   6.7170049902858992e+01	   8.0000000000000000e+01	
   1.9449385767221496e+01	   5.0000000000000000e+00	   9.0000000000000002e-01	   9.0000000000000002e-01	   2.0249162015787326e+02	   2.0000000000000000e+02	   1.0423307599980980e+01	   1.9575641272152053e-05	   0.0000000000000000e+00	   6.7224541575887613e+01	   8.0000000000000000e+01	
   1.8172461142006711e+01	   5.0000000000000000e+00	   9.0000000000000002e-01	   9.0000000000000002e-01	   2.0255881956071397e+02	   2.0512866753940841e+02	   9.9238736493618632e+01	   1.9575641272152053e-05	   0.0000000000000000e+00	   6.7210662986165488e+01	   8.0000000000000000e+01	
   1.6850312695130647e+01	   5.0000000000000000e+00	   9.0000000000000002e-01	   9.0000000000000002e-01	   2.0604695128946349e+02	   2.0259689029347356e+02	   1.0000000000000000e+02	   0.0000000000000000e+00	   0.0000000000000000e+00	   6.7087366273277084e+01	   8.0000000000000000e+01	
   1.4510504293836014e+01	   5.0000000000000000e+00	   9.0000000000000002e-01	   9.0000000000000002e-01	   2.0196135685098577e+02	   2.0000000000000000e+02	   7.4042998037995417e+01	   1.6962897107847204e-04	   0.0000000000000000e+00	   6.7224541575887613e+01	   8.0000000000000000e+01	
   1.7056915636944815e+01	   5.0000000000000000e+00	   9.0000000000000002e-01	   8.9999985954175965e-01	   2.0685041805817318e+02	   2.0000000000000000e+02	   4.8823843940825206e+01	   2.3318509827422660e-04	   0.0000000000000000e+00	   6.7224541575887613e+01	   8.0000000000000000e+01	
   1.6850312695130647e+01	   5.0000000000000000e+00	   9.0000000000000002e-01	   9.0000000000000002e-01	   2.1551338044815560e+02	   2.0512866753940841e+02	   2.9329340104128477e+01	   1.6962897107847204e-04	   0.0000000000000000e+00	   6.8213297009965061e+01	   8.0000000000000000e+01	
   1.4291365745914405e+01	   5.0000000000000000e+00	   9.0000000000000002e-01	   9.0000000000000002e-01	   2.0249162015787326e+02	   2.0000000000000000e+02	   2.3978999786074105e+01	   1.6962897107847204e-04	   0.0000000000000000e+00	   6.7224541575887613e+01	   8.0000000000000000e+01	
   1.4667490975674440e+01	   5.0000000000000000e+00	   9.0000000000000002e-01	   8.9999955123620345e-01	   2.0604695128946349e+02	   2.0512866753940841e+02	   9.9779526267936902e+01	   2.1126556884188734e-05	   0.0000000000000000e+00	   6.7170049902858992e+01	   8.0000000000000000e+01	
   1.4667490975674440e+01	   5.0000000000000000e+00	   9.0000000000000002e-01	   8.9999955123620345e-01	   2.0604695128946349e+02	   2.0000000000000000e+02	   9.1887484081121670e+01	   1.6962897107847204e-04	   0.0000000000000000e+00	   6.7224541575887613e+01	   8.0000000000000000e+01	
   1.4382086906262410e+01	   5.0000000000000000e+00	   9.0000000000000002e-01	   8.9999745529502406e-01	   2.0249162015787326e+02	   2.0512866753940841e+02	   1.0000000000000000e+02	   0.0000000000000000e+00	   0.0000000000000000e+00	   6.8213297009965061e+01	   8.0000000000000000e+01	
   1.6850312695130647e+01	   5.0000000000000000e+00	   9.0000000000000002e-01	   9.0000000000000002e-01	   2.0249162015787326e+02	   2.0512866753940841e+02	   6.7634753554620005e+01	   3.7225290195988310e-05	   0.0000000000000000e+00	   6.8213297009965061e+01	   8.0000000000000000e+01	
   1.4733235786231564e+01	   5.0000000000000000e+00	   9.0000000000000002e-01	   9.0000000000000002e-01	   2.0093724466593628e+02	   2.0512866753940841e+02	   4.4933587634287662e+01	   0.0000000000000000e+00	   0.0000000000000000e+00	   6.8213297009965061e+01	   8.0000000000000000e+01	
   1.2456327303537881e+01	   5.0000000000000000e+00	   9.0000000000000002e-01	   8.9999996585477904e-01	   2.0076506918752972e+02	   2.0512866753940841e+02	   1.3441676805971881e+01	   1.6213509239890018e-06	   0.0000000000000000e+00	   6.8213297009965061e+01	   8.0000000000000000e+01	
   1.4189582857960339e+01	   5.0000000000000000e+00	   2.3681416718312376e-01	   9.0000000000000002e-01	   2.6989834475097285e+02	   2.0751351858835784e+02	   6.8891429026183914e+01	   1.9575641272152053e-05	   6.9444382709627117e-01	   6.0570439558483855e+01	   8.7519523342700921e+01	
   1.4510504293836014e+01	   5.0000000000000000e+00	   9.0000000000000002e-01	   9.0000000000000002e-01	   2.0749994855288946e+02	   2.0000000000000000e+02	   9.9867567632631250e+01	   0.0000000000000000e+00	   0.0000000000000000e+00	   6.7224541575887613e+01	   8.0000000000000000e+01	
   1.4510504293836014e+01	   5.0000000000000000e+00	   9.0000000000000002e-01	   9.0000000000000002e-01	   2.0255881956071397e+02	   2.0000000000000000e+02	   2.9329340104128477e+01	   4.7849361976667047e-05	   0.0000000000000000e+00	   6.7224541575887613e+01	   8.0000000000000000e+01	
   1.6850312695130647e+01	   5.0000000000000000e+00	   9.0000000000000002e-01	   9.0000000000000002e-01	   2.0249162015787326e+02	   2.0112830334565800e+02	   9.9867567632631250e+01	   0.0000000000000000e+00	   0.0000000000000000e+00	   6.7224541575887613e+01	   8.0000000000000000e+01	
   1.4510504293836014e+01	   5.0000000000000000e+00	   9.0000000000000002e-01	   8.9999964284038758e-01	   2.0249162015787326e+02	   2.0512866753940841e+02	   7.0580235494562586e+01	   0.0000000000000000e+00	   0.0000000000000000e+00	   6.8213297009965061e+01	   8.0000000000000000e+01	
   1.4510504293836014e+01	   5.0000000000000000e+00	   9.0000000000000002e-01	   9.0000000000000002e-01	   2.0196135685098577e+02	   2.0512866753940841e+02	   9.7137273033220737e+01	   1.6959359217671086e-05	   0.0000000000000000e+00	   6.8213297009965061e+01	   8.0000000000000000e+01	
   1.4510504293836014e+01	   5.0000000000000000e+00	   9.0000000000000002e-01	   8.9999964284038758e-01	   2.0604695128946349e+02	   2.0000000000000000e+02	   1.0000000000000000e+02	   0.0000000000000000e+00	   0.0000000000000000e+00	   6.7224541575887613e+01	   8.0000000000000000e+01	
   1.8172461142006711e+01	   5.0000000000000000e+00	   9.0000000000000002e-01	   9.0000000000000002e-01	   2.0255881956071397e+02	   2.0512866753940841e+02	   6.1036751744212950e+01	   1.9575641272152053e-05	   0.0000000000000000e+00	   6.8213297009965061e+01	   8.0000000000000000e+01	
   1.6850312695130647e+01	   5.0000000000000000e+00	   9.0000000000000002e-01	   9.0000000000000002e-01	   2.0249162015787326e+02	   2.0308616919506900e+02	   1.0000000000000000e+02	   0.0000000000000000e+00	   0.0000000000000000e+00	   6.7224541575887613e+01	   8.0000000000000000e+01	
   1.8172461142006711e+01	   5.0000000000000000e+00	   9.0000000000000002e-01	   9.0000000000000002e-01	   2.0000000000000000e+02	   2.0000000000000000e+02	   7.0580235494562586e+01	   2.8258415165110346e-04	   0.0000000000000000e+00	   6.7224541575887613e+01	   8.0000000000000000e+01	
   1.6850312695130647e+01	   5.0000000000000000e+00	   9.0000000000000002e-01	   9.0000000000000002e-01	   2.0093724466593628e+02	   2.0112830334565800e+02	   9.5797973796012172e+01	   6.3255721788373065e-05	   0.0000000000000000e+00	   6.7224541575887613e+01	   8.0000000000000000e+01	
   1.4733235786231564e+01	   5.0000000000000000e+00	   9.0000000000000002e-01	   8.9999995690247248e-01	   2.1992165709388163e+02	   2.0512866753940841e+02	   7.8238101022489587e+01	   4.2649108322531328e-05	   0.0000000000000000e+00	   6.8213297009965061e+01	   8.0000000000000000e+01	
   2.0362080688865234e+01	   5.0000000000000000e+00	   9.0000000000000002e-01	   9.0000000000000002e-01	   2.0425110567623898e+02	   2.0000000000000000e+02	   4.5873203150442563e+01	   3.0398691415087567e-04	   0.0000000000000000e+00	   6.7224541575887613e+01	   8.0000000000000000e+01	
