  -6.1181378366636224e+06	   0.0000000000000000e+00	
  -6.8315123374207541e+06	   6.5887344783904282e+06	
  -6.1181378366636224e+06	   0.0000000000000000e+00	
  -6.1592219564725552e+06	   5.1042887730927709e+06	
  -6.1181378366636224e+06	   0.0000000000000000e+00	
  -6.5888699017527569e+06	   6.0029554536427297e+06	
  -6.1181378366636224e+06	   0.0000000000000000e+00	
  -6.2612562377156913e+06	   6.2437047325818529e+06	
  -6.1181378366636261e+06	   0.0000000000000000e+00	
  -7.2926614328638427e+06	   6.5481037265165690e+06	
  -7.1088801333402656e+06	   6.4031127440472273e+06	
  -6.3184711820034496e+06	   6.4012223058931306e+06	
  -6.1445403981853351e+06	   4.9586232895521056e+06	
  -6.8887287968520131e+06	   5.8097480260597561e+06	
  -6.1181378366636224e+06	   0.0000000000000000e+00	
  -6.3263862572323419e+06	   5.5775626451539900e+06	
  -6.2309108927444015e+06	   5.6466428183048423e+06	
  -6.7637954896696042e+06	   6.1368326182675092e+06	
  -6.1181378366636224e+06	   0.0000000000000000e+00	
  -6.5074112721323315e+06	   5.6536675778729953e+06	
  -6.1289610286104511e+06	   4.9701858864408545e+06	
  -6.1181378366636224e+06	   0.0000000000000000e+00	
  -7.1587342731830049e+06	   6.4581264548294423e+06	
  -7.2644539903759584e+06	   6.0877653162400611e+06	
  -6.1817805689278413e+06	   5.1075269019428128e+06	
  -6.1509249213871732e+06	   4.9437751978882570e+06	
  -6.1181378366636224e+06	   0.0000000000000000e+00	
  -7.1935751558683049e+06	   6.5524597190859057e+06	
  -6.8959144450333528e+06	   5.9369347492669486e+06	
  -6.2111443361011576e+06	   5.7648006220477102e+06	
  -6.6323034778650384e+06	   5.6003098305378091e+06	
  -6.2552104709472209e+06	   5.2785450324556716e+06	
  -6.1415069678458162e+06	   4.9690332495138403e+06	
  -6.3592919399119560e+06	   6.5365615364052597e+06	
  -6.8467902064753193e+06	   6.6221525208986048e+06	
  -7.2151485594178075e+06	   6.6376626462097261e+06	
  -6.3347685391876008e+06	   5.4411692392211920e+06	
  -6.8990704340320881e+06	   6.4301632750308784e+06	
  -6.4972221118374038e+06	   5.9510094254300958e+06	
  -7.2966210490883719e+06	   6.5790420832750238e+06	
  -7.2816632868640358e+06	   6.9341864853855539e+06	
  -6.5084853149014674e+06	   6.1254551761250822e+06	
  -6.3808675493092965e+06	   5.5608573671019897e+06	
  -7.0931479641629793e+06	   6.1782303200153979e+06	
  -6.1181378366636224e+06	   0.0000000000000000e+00	
  -6.2847035825007427e+06	   5.6996627807947835e+06	
  -6.4677969844803866e+06	   5.6877878169910107e+06	
  -6.3192781524736546e+06	   5.6935468668670915e+06	
  -6.7421171208928507e+06	   6.8513768444524324e+06	
  -6.2800461015360393e+06	   5.6644805741815511e+06	
  -6.3880829923186470e+06	   6.4381891788451159e+06	
  -6.3631091186468191e+06	   5.7497375339976372e+06	
  -6.1181378366636224e+06	   0.0000000000000000e+00	
  -6.1181378366636224e+06	   0.0000000000000000e+00	
  -6.5598782934350539e+06	   6.4089773675258830e+06	
  -6.4950652622090429e+06	   5.5353042098833425e+06	
  -6.3631891273087487e+06	   5.9190157014264734e+06	
  -6.3780619241489787e+06	   6.2489258895747643e+06	
  -6.1181378366636224e+06	   0.0000000000000000e+00	
  -6.1181378366636224e+06	   0.0000000000000000e+00	
  -7.2455519340763688e+06	   6.9720620663053039e+06	
  -6.3676865154205617e+06	   5.7115009188048849e+06	
  -6.3656194098013304e+06	   6.5904420263016783e+06	
  -6.4535408608507887e+06	   6.4131260097604357e+06	
  -6.9697726477295607e+06	   6.2303246097823158e+06	
  -6.2842149879896324e+06	   5.2972142281393679e+06	
  -6.6788419613782372e+06	   5.5566021929353168e+06	
  -6.4765661844640393e+06	   5.8403186821979424e+06	
  -6.9784096885655131e+06	   6.5011937659236016e+06	
  -6.2038948238283265e+06	   5.1432720344686834e+06	
  -6.2268233639056813e+06	   6.3287794750181045e+06	
  -7.2758057065733159e+06	   6.2287732743822858e+06	
  -6.2282540866993796e+06	   5.9087253071246566e+06	
  -6.1181378366636224e+06	   0.0000000000000000e+00	
  -6.2280818595770840e+06	   6.0322154102388909e+06	
  -6.3607368425934315e+06	   5.5461246147441966e+06	
  -6.3543033574065752e+06	   5.6996444961363189e+06	
  -6.7740125957435444e+06	   6.5142745149795609e+06	
  -6.6503445905674696e+06	   5.6436791416990720e+06	
  -6.7522237131400201e+06	   5.9041065325109204e+06	
  -6.1181378366636224e+06	   0.0000000000000000e+00	
  -6.1181378366636224e+06	   0.0000000000000000e+00	
  -6.2756312990196105e+06	   5.3199348929820107e+06	
  -6.5053208111737985e+06	   5.9414627698388156e+06	
  -6.4677075074333623e+06	   6.7326119206466544e+06	
  -6.3514992334716897e+06	   5.4070647657904662e+06	
  -6.5489272861390002e+06	   5.7116109560641684e+06	
  -6.1181378366636261e+06	   0.0000000000000000e+00	
  -7.1570970029187687e+06	   6.3816798987761652e+06	
  -6.3610309572319835e+06	   5.6858865859173872e+06	
  -6.2926342865119074e+06	   5.2985343776537357e+06	
  -6.6753213411611933e+06	   5.9679510773975616e+06	
  -6.3953429458023999e+06	   5.5485994237730019e+06	
  -6.2335634075461607e+06	   5.5027694135737401e+06	
  -6.2727852555714380e+06	   5.5489727369104633e+06	
  -6.1181378366636224e+06	   0.0000000000000000e+00	
  -6.3958755556803830e+06	   5.8240431939287325e+06	
  -6.1181378366636224e+06	   0.0000000000000000e+00	
  -6.1181378366636224e+06	   0.0000000000000000e+00	
  -6.1181378366636224e+06	   0.0000000000000000e+00	
  -6.8721977745770644e+06	   6.3322585244259601e+06	
  -6.1181378366636224e+06	   0.0000000000000000e+00	
  -6.5249653112217039e+06	   5.5422975520748282e+06	
  -6.3390203154311664e+06	   5.3253941742119128e+06	
  -6.9715521718944423e+06	   5.9659703119810782e+06	
  -6.6899831984990109e+06	   5.6574512680276753e+06	
  -7.1634740200986546e+06	   6.2892114819767214e+06	
  -6.6109540446476880e+06	   6.4251941889921175e+06	
  -6.1462681787090544e+06	   4.9624598943998851e+06	
  -6.1181378366636224e+06	   0.0000000000000000e+00	
  -6.8748148513759188e+06	   6.6459007463687202e+06	
  -6.4344093781990614e+06	   5.9411919602571046e+06	
  -6.1181378366636224e+06	   0.0000000000000000e+00	
  -6.3496087335183136e+06	   5.6442958214511145e+06	
  -6.3896861540150922e+06	   5.7898401592434598e+06	
  -6.4886918246355057e+06	   5.7558828143708780e+06	
  -6.1181680730923973e+06	   6.2682911230933256e+06	
  -6.6044812928999998e+06	   5.5958079915368669e+06	
  -6.4578783026438896e+06	   5.7254089907508846e+06	
  -6.3599397415962033e+06	   5.5616117797141168e+06	
  -6.1181378366636224e+06	   0.0000000000000000e+00	
  -6.3646157036068067e+06	   5.8825028649128014e+06	
  -6.6575149731063358e+06	   6.6187764478642326e+06	
  -6.1319112637480684e+06	   4.9667858581795227e+06	
  -6.2196334051499460e+06	   5.2387950036744503e+06	
  -6.3652547802489027e+06	   6.2732894350744020e+06	
  -6.5894054127709419e+06	   6.9642818667164575e+06	
  -6.1948115504904483e+06	   6.4941569774533547e+06	
  -6.6730946215358097e+06	   5.7749353080682745e+06	
  -6.3639314402825832e+06	   5.6139737615568247e+06	
  -6.6382674990683552e+06	   5.7248053321017204e+06	
  -6.1181378366636224e+06	   0.0000000000000000e+00	
  -6.9241907962253876e+06	   6.1170122232197598e+06	
  -6.3257827219264526e+06	   6.2720057125322782e+06	
  -6.5608514518745970e+06	   5.9907701713983817e+06	
  -6.2195399791190885e+06	   5.4097123054311834e+06	
  -6.5529047444385197e+06	   5.4656979175258838e+06	
  -6.7338928155559171e+06	   6.2423531506165648e+06	
  -6.3696200765950568e+06	   5.8737619843815593e+06	
  -6.6221356578293797e+06	   6.3297064211742543e+06	
  -6.4462490239251629e+06	   5.9295698129697004e+06	
  -6.2428764875686839e+06	   5.2979551384525662e+06	
  -6.1181688744285218e+06	   6.9103030514971428e+06	
  -6.2319985366428383e+06	   5.6673175850990238e+06	
  -6.1181378366636224e+06	   0.0000000000000000e+00	
  -6.1181378366636224e+06	   0.0000000000000000e+00	
  -6.3333275276285913e+06	   5.5588167260021903e+06	
  -6.6803446338214818e+06	   6.2037427112627504e+06	
  -6.3441740635891873e+06	   5.8804249162918869e+06	
  -6.6702223963222280e+06	   5.6672885808618329e+06	
  -6.3542112609125450e+06	   5.3001027437182115e+06	
  -6.8305119909956139e+06	   6.1763689718093295e+06	
  -6.4192757683395054e+06	   6.1636031006767349e+06	
  -6.1181378366636243e+06	   0.0000000000000000e+00	
  -6.2381834738325141e+06	   5.5069255982579691e+06	
  -6.4632723499378543e+06	   5.9337523474609349e+06	
  -6.9690566703056935e+06	   6.1100541543025933e+06	
  -6.1228725895889681e+06	   4.8868585119993072e+06	
  -7.0614030676629748e+06	   6.0705328695170004e+06	
  -6.9301423991140332e+06	   6.3140094483323880e+06	
  -6.5635992330425084e+06	   5.9759175046076346e+06	
  -6.1181532016869485e+06	   5.4308684006623095e+06	
  -6.2456224274657778e+06	   5.0547660587002970e+06	
  -6.2730751481119208e+06	   5.4846106557791233e+06	
  -6.1976312622807808e+06	   6.6483013676061714e+06	
  -6.1181378366636224e+06	   0.0000000000000000e+00	
  -6.2755218455034681e+06	   5.4062591365447901e+06	
  -6.5093980810002834e+06	   5.6983517984015401e+06	
  -6.1722779545871168e+06	   5.1706441940735318e+06	
  -6.1181378366636224e+06	   0.0000000000000000e+00	
  -6.1181378366636224e+06	   0.0000000000000000e+00	
  -6.8191281263384596e+06	   6.9372362004826376e+06	
  -6.7362579609942343e+06	   6.9255139815433705e+06	
  -7.1566488381905891e+06	   6.2152917699515102e+06	
  -6.3362216963081937e+06	   6.0388574138874151e+06	
  -6.2213942707924452e+06	   5.3262607878377875e+06	
  -6.1181378366636224e+06	   0.0000000000000000e+00	
  -6.2178188326845467e+06	   5.5752216261694785e+06	
  -6.1181378366636224e+06	   0.0000000000000000e+00	
  -6.1674085993408002e+06	   5.1395205980549250e+06	
  -6.3942712572995275e+06	   5.8331998963266201e+06	
  -6.6074003342802543e+06	   5.6933395476381686e+06	
  -6.2817236134831179e+06	   5.2942445050782878e+06	
  -6.3321406137706935e+06	   5.8106598507013023e+06	
  -6.2707778898140322e+06	   6.1344940515774861e+06	
  -6.6274374096135609e+06	   5.5603549392035007e+06	
  -7.0266125926810596e+06	   6.9131526985317534e+06	
  -6.9288576130757388e+06	   6.5294562680917121e+06	
  -6.7435531603871062e+06	   5.6401196323708976e+06	
  -6.5945017039572652e+06	   5.8313933231684892e+06	
  -6.2794106027940102e+06	   5.6779749437161535e+06	
  -6.1181378366636224e+06	   0.0000000000000000e+00	
  -6.1181378366636224e+06	   0.0000000000000000e+00	
  -6.1181378366636243e+06	   0.0000000000000000e+00	
  -6.2353872300368398e+06	   5.8908238263668846e+06	
  -6.4393437553090975e+06	   5.6593571732445303e+06	
  -6.9135499105041325e+06	   6.1108898886980182e+06	
  -6.1181378366636224e+06	   0.0000000000000000e+00	
  -6.1181378366636243e+06	   0.0000000000000000e+00	
  -7.5226154706065264e+06	   6.6839245672217663e+06	
  -6.9213592969694026e+06	   5.8966482191351792e+06	
  -7.2613051212493293e+06	   6.7856908128677076e+06	
  -6.2427830900805574e+06	   5.4988528702536672e+06	
  -6.5422918714367989e+06	   6.0399179392051017e+06	
  -6.1181378366636243e+06	   0.0000000000000000e+00	
  -6.4980547944605947e+06	   5.6723629395474568e+06	
  -6.2159535611444023e+06	   5.8656830400085337e+06	
  -6.1181378366636205e+06	   0.0000000000000000e+00	
  -7.0179771162117608e+06	   6.6054797513278807e+06	
  -6.1181378366636224e+06	   0.0000000000000000e+00	
  -7.1454206032257862e+06	   6.5009348355021132e+06	
  -6.3818673483601492e+06	   5.5566245451678410e+06	
  -7.1575323487937599e+06	   6.0802072369846087e+06	
  -6.2753641176824011e+06	   5.2883305488722427e+06	
  -6.4562519219047595e+06	   5.7133709682045458e+06	
  -6.6409471941540875e+06	   5.7799387995029902e+06	
  -6.2655525027898289e+06	   5.2779179442262398e+06	
  -7.6814339287774060e+06	   6.6739246090716263e+06	
  -6.3131507105286624e+06	   5.1437187015587902e+06	
  -6.1181433694100492e+06	   5.0994634383159289e+06	
  -6.8709549537737854e+06	   6.3623225872884123e+06	
  -7.3185355245184563e+06	   6.4300513418107517e+06	
  -6.2198025364827141e+06	   5.9043404236811670e+06	
  -6.5778770539931394e+06	   6.4324826200582404e+06	
  -6.5304793815457970e+06	   5.6451129649920044e+06	
  -6.8803704603409022e+06	   6.2725041952412203e+06	
  -6.9022516653417889e+06	   5.9910035207173564e+06	
  -6.1548131378969178e+06	   5.0824576092985766e+06	
  -6.5866705207451712e+06	   6.3743702994857589e+06	
  -6.2435903378221598e+06	   5.2052054591156170e+06	
  -6.3791223311310206e+06	   5.3155998337515080e+06	
  -6.2830942742627598e+06	   5.7264940380307920e+06	
  -6.5096626329110377e+06	   5.6291067980335671e+06	
  -6.1181378366636224e+06	   0.0000000000000000e+00	
  -6.4112943409285899e+06	   5.4526806261136979e+06	
  -6.3790515858978033e+06	   5.9039756089351885e+06	
  -6.3067413995203655e+06	   6.0519364285269026e+06	
  -6.5731650902882740e+06	   6.0419167627163827e+06	
  -6.4794272346465811e+06	   5.3068786642837208e+06	
  -6.4340960872244742e+06	   6.6584578988782875e+06	
  -6.3241386957555581e+06	   5.6648157076882273e+06	
  -6.1453432221606597e+06	   4.9333182952888310e+06	
  -6.2158264614789467e+06	   5.0584685574166290e+06	
  -6.1728999409632161e+06	   6.7183019456772339e+06	
  -6.5700011765475702e+06	   6.3916726547249621e+06	
  -6.1181378366636261e+06	   0.0000000000000000e+00	
  -6.2576612034003567e+06	   6.0658242163361497e+06	
  -6.3676790278709177e+06	   5.6787159755397420e+06	
  -6.5233864005277660e+06	   5.7156002329480331e+06	
  -6.9116646574421059e+06	   7.1753693183597531e+06	
  -6.5261404993741065e+06	   5.5948156420506164e+06	
  -6.7422379003704544e+06	   5.7264087802706193e+06	
  -6.6980474897001684e+06	   6.2580018398784101e+06	
  -6.3630895371324681e+06	   5.3042415578233600e+06	
  -6.3626317896641586e+06	   6.0281152245215839e+06	
  -6.1489048848060649e+06	   4.9924380295689292e+06	
  -6.1181553581331111e+06	   6.0401633852132158e+06	
  -6.1656953796068020e+06	   5.2671215880053984e+06	
  -6.9079258945875801e+06	   6.0327932119872961e+06	
  -6.5224898107385729e+06	   5.7223221604467416e+06	
  -6.5067005355782844e+06	   5.4210549497568822e+06	
  -7.0499106303371470e+06	   6.0597152233657269e+06	
  -6.4113718152081091e+06	   5.7039539458585205e+06	
  -6.8395234880584572e+06	   6.9624503474113885e+06	
  -6.8381707705905624e+06	   5.9257516675661858e+06	
  -6.2491009665341526e+06	   5.2103452744343570e+06	
  -6.3175186707594395e+06	   5.4415219608225655e+06	
  -6.1181378366636261e+06	   0.0000000000000000e+00	
  -6.1200205909202881e+06	   4.8994592986902092e+06	
  -6.1181378366636224e+06	   0.0000000000000000e+00	
  -6.7333184396034293e+06	   6.5240176411947710e+06	
  -6.7579334047098253e+06	   5.9991375588251259e+06	
  -6.1181378366636224e+06	   0.0000000000000000e+00	
  -7.0771903418144342e+06	   6.4167843706349889e+06	
  -6.4053171023799013e+06	   5.6374460931822769e+06	
  -7.3558566479445267e+06	   6.2165675861858660e+06	
  -6.1185955042762011e+06	   4.8691376298280917e+06	
  -6.3885121608457193e+06	   5.7342443615877461e+06	
  -6.3323343778962903e+06	   5.6029055487211589e+06	
  -6.1694814864377156e+06	   5.2416057525864197e+06	
  -6.2224460266488567e+06	   6.3643066411647592e+06	
  -6.1181378366636224e+06	   0.0000000000000000e+00	
  -6.1181378366636224e+06	   0.0000000000000000e+00	
  -6.4092764896986559e+06	   5.7229061685506999e+06	
  -7.1862010491439123e+06	   6.6693608548579514e+06	
  -6.3559968794268928e+06	   5.4609084760721084e+06	
  -6.3844590277193636e+06	   6.0874499290094338e+06	
  -7.7026524850264285e+06	   6.7415680128735825e+06	
  -6.6664490136522111e+06	   6.2182337764404602e+06	
  -6.1181378366636224e+06	   0.0000000000000000e+00	
  -6.6162796977398582e+06	   6.1112706833687779e+06	
  -6.8492397695448212e+06	   6.5082654508844828e+06	
  -6.6726874534817003e+06	   5.8268419252425041e+06	
  -6.3728580856134240e+06	   6.9723632180759134e+06	
  -7.2899536199355554e+06	   6.7024828441485679e+06	
  -6.5949745593247954e+06	   6.1972412094034217e+06	
  -6.3653606944992132e+06	   5.7089207356359810e+06	
  -6.4347930438189264e+06	   5.6120695895483261e+06	
  -6.5037004838804025e+06	   6.1782240133280996e+06	
  -6.2166877574811596e+06	   5.4048674746362213e+06	
  -6.4962467540767901e+06	   6.4328586149291396e+06	
  -7.2749692461678367e+06	   6.9078076068198401e+06	
  -6.3803593274541013e+06	   6.1436991957012443e+06	
  -6.1630306614398118e+06	   6.0117751434287112e+06	
  -6.5409789728239998e+06	   5.6887965139088733e+06	
  -7.4552508550977763e+06	   6.5881741970786573e+06	
  -6.3977614050465543e+06	   5.5929781502412977e+06	
  -6.8028874290008154e+06	   5.8871198389469646e+06	
  -6.1181378366636224e+06	   0.0000000000000000e+00	
  -7.3090538889116775e+06	   6.6769944859528495e+06	
  -6.1181378366636224e+06	   0.0000000000000000e+00	
  -6.2773294905876592e+06	   5.2894115385155566e+06	
  -7.1365987925486546e+06	   6.0686015631196331e+06	
  -6.2484358170553446e+06	   5.3339453633838454e+06	
  -6.3391813776259962e+06	   5.5728303734468073e+06	
  -6.9146118026956320e+06	   6.4426247603329420e+06	
  -6.6511203413660768e+06	   6.8356650517218849e+06	
  -6.9355082173494566e+06	   6.8219772040421776e+06	
  -6.3841463483639527e+06	   5.9222889409081507e+06	
  -6.8269144293304272e+06	   6.7597790199494706e+06	
  -6.1181378366636224e+06	   0.0000000000000000e+00	
  -6.1181378366636224e+06	   0.0000000000000000e+00	
  -7.2176686272306610e+06	   6.3395597807306480e+06	
  -7.3918424362503216e+06	   6.9219032484757155e+06	
  -6.2916048376718648e+06	   6.5560334759858623e+06	
  -6.3507365968363564e+06	   5.6257474072842021e+06	
  -6.1181378366636261e+06	   0.0000000000000000e+00	
  -6.8903722624984030e+06	   5.8065380334170917e+06	
  -6.9899968957133070e+06	   6.3494379867429994e+06	
  -6.6431478432070594e+06	   6.9290303279350605e+06	
  -6.4979136882581580e+06	   5.6554321114657233e+06	
  -6.1181378366636224e+06	   0.0000000000000000e+00	
  -6.4814745679853149e+06	   5.8298864290753854e+06	
  -6.2261709064081665e+06	   5.8917652640798176e+06	
  -6.3915876468051393e+06	   5.9312883044061242e+06	
  -7.1185276471274029e+06	   5.9366208206795454e+06	
  -6.5190508991477024e+06	   5.6302138244435024e+06	
  -6.4337084186969213e+06	   6.4535928180914642e+06	
  -6.5373481771145202e+06	   6.4288584466849798e+06	
  -6.1181378366636224e+06	   0.0000000000000000e+00	
  -6.6393684554534368e+06	   6.0083788857158218e+06	
  -6.1181378366636224e+06	   0.0000000000000000e+00	
  -6.1181378366636243e+06	   0.0000000000000000e+00	
  -6.8879848395093307e+06	   6.6301663479294889e+06	
  -7.1053556843568124e+06	   6.4726319651326239e+06	
  -6.1181378366636224e+06	   0.0000000000000000e+00	
  -6.7161954356829263e+06	   5.8058327709638551e+06	
  -6.2293193909791950e+06	   5.1760110001122737e+06	
  -7.2697001509485319e+06	   6.9941710589285214e+06	
  -6.9039885952850766e+06	   6.6099299440229647e+06	
  -6.7454237706949711e+06	   6.2414241576440353e+06	
  -7.1568967602139749e+06	   6.4843678018710716e+06	
  -6.4166704382719882e+06	   5.5728177825038768e+06	
  -6.1439243405588139e+06	   4.9303238715945585e+06	
  -6.2842596433627307e+06	   5.5724475826267917e+06	
  -6.3846111149086710e+06	   5.8206612917071031e+06	
  -6.5395924849613104e+06	   5.7211399542805105e+06	
  -6.1181378366636224e+06	   0.0000000000000000e+00	
  -6.1181402367685977e+06	   4.9862508700631307e+06	
  -6.3122788407176714e+06	   5.6534382806110419e+06	
  -6.5609053676997367e+06	   6.4070011009005215e+06	
  -6.4364941745086368e+06	   5.6733393747187527e+06	
  -6.2107684734448474e+06	   5.1272532402715478e+06	
  -6.5243361950695850e+06	   5.9427430862286929e+06	
  -6.1181378366636224e+06	   0.0000000000000000e+00	
  -6.2216939325367473e+06	   6.0072239152963972e+06	
  -7.1059382665216643e+06	   6.5813415702912919e+06	
  -6.3740268176557701e+06	   5.7120195346214399e+06	
  -6.5066962610837147e+06	   5.8151175211152555e+06	
  -6.5714881974167675e+06	   5.9505127122972412e+06	
  -6.2748925735318251e+06	   5.6608246553210719e+06	
  -6.6356609335879069e+06	   6.0787768202813035e+06	
  -6.6110657110311016e+06	   5.8292934623936918e+06	
  -6.3135015608763639e+06	   5.8422659446345586e+06	
  -7.3074929201572314e+06	   6.2508785945723243e+06	
  -6.5357100555687416e+06	   6.0417716572838286e+06	
  -6.2280763737498354e+06	   5.8375886217835555e+06	
  -6.3757379850746170e+06	   5.9152938561091246e+06	
  -6.1181378366636243e+06	   0.0000000000000000e+00	
  -6.6441561890744418e+06	   6.1358113564592032e+06	
  -6.4155674044637345e+06	   5.5917790750734592e+06	
  -6.9661692613491509e+06	   6.6111397243708847e+06	
  -6.3638602769297119e+06	   5.6765136485348009e+06	
  -6.2164860915904827e+06	   5.2855004697358571e+06	
  -6.1418294149714336e+06	   5.1408350041395584e+06	
  -6.1181378366636224e+06	   0.0000000000000000e+00	
  -6.2672515896265525e+06	   5.6503708334563710e+06	
  -6.3464537128018420e+06	   7.0889205768776946e+06	
  -6.1181378366636224e+06	   0.0000000000000000e+00	
  -6.4642488627420068e+06	   5.9164524879148537e+06	
  -6.1181378366636243e+06	   0.0000000000000000e+00	
  -6.1364196439057775e+06	   5.0324194228275549e+06	
  -6.1181378366636224e+06	   0.0000000000000000e+00	
  -6.2865632916390356e+06	   6.3603435904550385e+06	
  -7.0104432058649454e+06	   6.9103873263098719e+06	
  -6.2717115766273849e+06	   5.6692031464306638e+06	
  -6.6720655581496730e+06	   6.1643191479521422e+06	
  -6.3722014105101880e+06	   5.6452678032624563e+06	
  -6.1181378366636224e+06	   0.0000000000000000e+00	
  -6.1934626196627412e+06	   6.0586366657134434e+06	
  -6.3754560609195698e+06	   6.2712816423167270e+06	
  -6.2373086982890088e+06	   5.2070663939572247e+06	
  -6.1181378366636224e+06	   0.0000000000000000e+00	
  -7.6069301367274728e+06	   6.7532539849216966e+06	
  -6.2176009901701380e+06	   5.2069356515558157e+06	
  -6.6215317537896428e+06	   6.5511900031817602e+06	
  -6.3904408267553113e+06	   6.0968154981132587e+06	
  -6.5323147854096349e+06	   5.8630536350752907e+06	
  -6.1181378366636224e+06	   0.0000000000000000e+00	
  -6.3119400049619284e+06	   5.6609879153896412e+06	
  -6.6464736714104880e+06	   5.9563692718994264e+06	
  -6.1181378366636224e+06	   0.0000000000000000e+00	
  -6.4064363470587749e+06	   5.5759676878438443e+06	
  -6.4251348552572075e+06	   5.3846414063894870e+06	
  -6.5028341296197195e+06	   6.7976071307841605e+06	
  -7.3965638952684440e+06	   6.5926957735761805e+06	
  -6.1181378366636224e+06	   0.0000000000000000e+00	
  -6.3580752542505544e+06	   6.2532127104474865e+06	
  -6.1181378366636224e+06	   0.0000000000000000e+00	
  -6.2153097895636503e+06	   5.7707192068710197e+06	
  -6.3430882536652200e+06	   5.2914049136796910e+06	
  -6.3766203847153243e+06	   5.5990483407534920e+06	
  -6.1181378366636224e+06	   0.0000000000000000e+00	
  -6.2231434705943633e+06	   5.9104647689361582e+06	
  -6.1951476184426956e+06	   5.3369864695164831e+06	
  -7.1365463601729218e+06	   6.1731472340023154e+06	
  -6.7299513452388812e+06	   6.2421547120114677e+06	
  -6.2797855642015543e+06	   5.5651594002036983e+06	
  -6.1349993703496344e+06	   4.9476318086083028e+06	
  -6.2708112465994880e+06	   5.4150308171248352e+06	
  -6.1181592323684990e+06	   6.1288337952275323e+06	
  -6.1461617685733531e+06	   4.9630301196533963e+06	
  -6.2428550763139091e+06	   6.6108022401064932e+06	
  -6.4096512795979790e+06	   6.2557848583400324e+06	
  -6.7916253808074873e+06	   5.8056291645148313e+06	
  -6.8488414297305960e+06	   6.1364376734249489e+06	
  -6.1181378366636224e+06	   0.0000000000000000e+00	
  -6.3745014995883405e+06	   5.8984716561168581e+06	
  -6.2241552195406556e+06	   5.6159219239190891e+06	
  -6.2295371455382071e+06	   5.5516569973265547e+06	
  -6.5641762335026003e+06	   6.9312946806498207e+06	
  -6.3419111521954928e+06	   5.3926725605368707e+06	
  -6.1181378366636224e+06	   0.0000000000000000e+00	
  -6.4968731199557539e+06	   6.1806266751244972e+06	
  -6.6835151374567449e+06	   6.0622356159606259e+06	
  -6.4660591809858307e+06	   5.7808499085257156e+06	
  -6.6415709998634253e+06	   6.0830346567366775e+06	
  -6.5411066298271138e+06	   5.6910496542011201e+06	
  -6.3248862284252532e+06	   5.7573697395549398e+06	
  -6.1181378366636224e+06	   0.0000000000000000e+00	
  -6.7847166715469323e+06	   5.8866120182569949e+06	
  -6.6003763805706576e+06	   5.6062624540062388e+06	
  -6.1634063216151278e+06	   5.1282563368810164e+06	
  -6.3513272755790818e+06	   5.4991910522315893e+06	
  -6.6504877699549701e+06	   6.4887960336800003e+06	
  -6.2785873678991999e+06	   5.1953934249859853e+06	
  -6.1181378366636224e+06	   0.0000000000000000e+00	
  -6.3763671239855569e+06	   5.3139205823439350e+06	
  -6.4029971166207064e+06	   5.9155417262089755e+06	
  -6.1181378366636243e+06	   0.0000000000000000e+00	
  -6.3662465760871992e+06	   5.2912099911212986e+06	
  -6.1181378366636224e+06	   0.0000000000000000e+00	
  -6.6303829196278024e+06	   5.6805152245329535e+06	
  -6.1181378366636224e+06	   0.0000000000000000e+00	
  -6.1181422382543758e+06	   5.2283098093587896e+06	
  -6.2734691846236438e+06	   5.3371301758548804e+06	
  -6.1181580657728966e+06	   5.6237459501709631e+06	
  -6.2947146072432753e+06	   5.6885686692589009e+06	
  -6.3327106043198444e+06	   5.8582599020312922e+06	
  -6.8430039835988004e+06	   6.3015528343230579e+06	
  -6.3612198222347945e+06	   5.7115208080506604e+06	
  -6.6051184340773653e+06	   5.7286510555193340e+06	
  -6.6779231169926822e+06	   6.0369009440296059e+06	
  -6.4297900713693742e+06	   5.8158918118015742e+06	
  -6.1535052969180886e+06	   5.1117532638783259e+06	
  -6.6306297726295386e+06	   7.1904473097356167e+06	
  -6.7605324961576890e+06	   5.8038339567729142e+06	
  -6.2808914126074594e+06	   5.2943143275160929e+06	
  -7.3005336245448068e+06	   6.3653529469394907e+06	
  -6.7204151523924805e+06	   6.2078738122985056e+06	
  -6.8641128824005611e+06	   5.8360895938009480e+06	
  -6.2868201145285070e+06	   6.1357785512886038e+06	
  -6.4153073556929268e+06	   5.6783079773925636e+06	
  -7.1881632924629832e+06	   5.9778178626923608e+06	
  -7.0350563349305205e+06	   6.3574472028564634e+06	
  -6.2620344316656236e+06	   5.7075127679964676e+06	
  -6.7136961839703992e+06	   6.3920834060525056e+06	
  -6.4321093528512549e+06	   6.1183690919729946e+06	
  -6.2695574935340732e+06	   5.2721009627579162e+06	
  -7.1103887380544487e+06	   6.6471441144275116e+06	
  -6.3909352560199369e+06	   5.9971025714987935e+06	
  -7.1607474289454855e+06	   6.0344698407273004e+06	
  -6.1181378366636261e+06	   0.0000000000000000e+00	
  -6.3889073449187931e+06	   5.9555492170751151e+06	
  -7.1274728291333523e+06	   6.1642548321723063e+06	
  -6.5114718009426817e+06	   5.9814534616965484e+06	
  -6.2313938458947465e+06	   5.9204555167775145e+06	
  -7.3294142278275564e+06	   6.9289126501512080e+06	
  -6.2309737437060792e+06	   5.9212102253494933e+06	
  -6.6218717353059072e+06	   5.6749070666342741e+06	
